Kampershoek Noord;1
Rijksweg 325;1
;0
Kasteelse gang;2
HERWENDAALSE HOEK;1
Mosselboomgaard;1
UITWATERINGSKANAAL;1
Janum;1
't Soerlant III;4
Jodenpaadje;2
YERSEKENDAM;2
JARDINGA, JOHANNAHOEVE;1
VLIEGTUIGWEG, KAVEL P1;2
LYSKEMEER;1
Heuf;1
DE BLOEMERT;1
Huurne, vindplaats 5;1
HET BOLWERK;1
Schansweg;1
Riels Laag;2
Zuidbarger esch;1
OOSTERBLOKKER;2
Vronkenlaan 2;1
GROTE KERKSPLEIN;2
ZIERIKZEE;5
BROEKSE DIJK;5
VLIEGTUIGWEG, KAVEL J118;3
OOSTSTRAAT;1
VEER ANNA PAULOWNAPOLDER;1
VENUSDAM;2
LEEUWENHORST;1
"Tielebeek ; De Diepen";1
WILDERVANKSWEG;1
Verkeersknooppunt NS station Voorburg;1
Spuioeverweg;1
ZOEKER ES;1
BINNENWAARD;1
HEBREGT;1
Kastelenlaan-Koekeltse Bolslaan (Peppelensteeg);2
Franse Akker 11;1
RITTHEM;2
Verlengde Dishoekseweg;1
BIJ OUD DIEPJE;1
UFFELTERZAND;13
Spechtenweg;1
Boonberg;1
Doniaweg 17;1
MONNIKENWIERDE;1
STEENBANKPAD, KAVEL D49;1
BULLEPOLDER;8
BOOMGAARDSKUILWEG;1
Burgemeester Smulderslaan;1
ERVE HEUVELMAN;1
RENKUMSE HEIDE;1
ERVE HURING;1
Archeologische zone 6, Oostvlietpolder;1
Hof ter Weyde;1
"Buissteeg; Zoomweg";1
Groot-Holthuizen;1
ROELAGEBRUG;1
Damastberg;1
MARIASCHOOL SPEELPLAATS, GROENENDAAL;1
Lunteren, Klompweg;1
Golfbaan de Brugse Vaart;1
Hardenbergerweg;1
ORANJE-NASSAULAAN;1
De Grassen;1
LEEUWENPLAS-NOORD;2
Hoogdalem;1
SPAARNDAMSE WEG;1
merum-zuid;1
KLOKKENBERG BASISCHOOL;1
ONDERSTE MOLEN;1
KAPITTELSBOS;10
POOLSHOOGTE-ZUID;1
Stappegeoor;1
DRONKELAAR, DONKELAAR;1
De Sportvriend;1
KIJKUIT;2
Het broek;1
Voormalig AMK-terrein M9457 / CMA37E-066: De Bommeer;1
Sier 3;1
BIJ ZWOLLE;1
Jeroen Boschlaan 1;1
DRIE HEULEN;3
HOPWEG, KAVEL K61/K62;1
KUILENWEG;1
CHARLOIS;1
Zuilensteinsche Bosch;14
Stokstraat 35-37;1
LINKER BERKELOEVER;1
DRIESUMERTERP;1
"Voormalig AMK-terrein M8779 / CMA37D-039: Polder Oudenhoorn; Zuidhoek";1
LEESLOOT;1
HUIS 'T HAVEKE;1
Hekberg;7
Informatiecentrum;3
Bierkaaistraat;1
Goudsberg;2
N.H. KERK / ST JANSKERK;2
Oosterleek 37;1
Schokland, Kavel P6;1
HAMELWEG 9;1
Rekkense Binnenweg 24;1
Minnertsga;1
EINDSE PAD;1
Muggenpad;1
Markt 4-5;1
BELVEDERE (SITE C);1
SCHOTERPAD, KAVEL K58;1
"Remmerstein ; Geertesteeg";2
HAANTJEBAK;1
POLDER DE BRAKE;1
Patronaatsgebouw / Schoolstraat 2;1
"Kadoelerveld; kavel T85";1
Nachtegaallaan;1
RONDE BLESSE;1
Peuschkensheide;1
SCHILLIGEHAM;1
SOETERBEEK;2
ALLINGEREIND;1
TUINBOUWSTRAAT 2;1
De Hoef Oostzijde nr 115, Vindplaats 1, Hoeve Schijn Bedriegt;1
Kromvenweg;1
De Pas;1
Wilibrordlaan;1
Het Heilig Kempke;2
Leikant VP2;1
Breeweg/ 't Hof Dorpszicht;1
AKKERDIJKSE POLDER;1
HEIDEHOF E8;1
KLEINE KERK;1
LEMSELO;3
Heibloem;1
J.B.KANWEG-NOORD;1
WELLERLOOI;1
BULTEN;5
RK KERKHOF/KLOOSTER;1
BEUKEBOOM;1
"Verpleeghuis Velserduin ; Nicolaas Beetslaan 4";1
OUDE CAMPSPOLDER 03;1
SELWERDERHOF;1
Kluiverboom;1
Eelswert;1
Sumatrastraat, Adm. de Banckertweg, Tasmanstraat;1
KEMPERFLESCH;1
KOEDAMSTRAAT;1
Scharense Enk;2
LAGEWIJST;1
Stationsplein;7
HOUTJESLAAN;1
"ZUILENSTEINSCHE BOSCH; DE BLAASBALG";2
zuidesch;1
"Genoenhuis; Cocody";1
Ketelmeer;1
HAESELAARBROEK;2
TUSSEN KERKVELD 35 EN 41;1
NIJENBEEK;4
KEIZERSGRACHT-WAL;1
Groote Wielen;1
Lytse Brekken;1
Graafdijk-Oost;1
Rotterdam Grote Markt;1
Klein Geest;1
het Smitsveen;1
SIMMELINK/VIJVER;1
Zinkwegsedijk, 16 eeuwse boerderij;1
Oosterringweg;1
Valkseweg 5;1
Groot Zeeland;1
De Locht;5
WESCH 17;1
GROTEKERKPLEIN;1
DEUTLANDEN;1
Amtstraat;1
HOEVE DE BOLK;1
Windmolen kollenberg;1
ELSENEHOF;6
SCHOLTENBURG;1
RUINEN;1
06.012 Jan de Rooijstraat;1
HEZENESCH;1
GEDEMPTE OUDE GRACHT 120;1
VAALSERBERG;2
KAAPLANDSTRAAT;1
"ESCHARENSCHE BRUG; GRAAFSCHE RAAM";1
DORPSSTRAAT 13;1
"Locatie 6 ""Jansen""";1
akkerperceel bij Geitweg;1
Medevoort;12
WERFSTRAAT 59;1
BOLKSBEEK;1
Kleinwijk;2
MOLENSTRAAT 10;1
Aardenweg;5
HARTELHAVEN;1
DIRK VAN HORNELAAN;1
LIENSVELDEN;1
Matsloot;2
Beverakkers;1
RHEEZER BELTEN;1
AZELO;1
Hoevervaart;2
POLDERWEG;6
WITDONK;1
BURGEMEESTER WALLERWEG;1
Wilgenlaan;1
KAREL DOORMANWEG, KAVEL J83;1
NIEUWE STEEG;6
VOLLENHOVERWEG, KAVEL S100;1
RUITENBORG;1
De Staten;1
Houwenberg;1
"HET GOOR ; TROPRIJT";1
Rijksweg 35/36, locatie 1;2
KOBUS;2
RONDWEG;4
DE SPICK;15
KAPERSHOEK;2
BRINKSTRAAT;1
Tolstraat 5-19;1
Park 't Nieuwelant;2
NOORDESCH;10
HET KASTEEL VAN HEEZE-EYMERICK;1
PEPINUSBRUG;3
NOORDERLEKDIJK, VOORDAAN;1
DE HORN;2
Vijf schelpen;1
"WESTLAAN ; VERDOLVEN LANDEN";1
RUTBEEK;1
Langstraat 30;1
Grote Woerd;2
VOSAKKER;5
PRATTENBURGSCHE BOSCH;8
De Volgerlanden-West;2
Hooge Heide (Kattenbosch en Rios Mink);1
BLEEKVELD;1
Oude Kerk;1
DE ZWARTE HORSTEN;1
KORTE NIEUWSTRAAT;1
BARNHEEMSTERPOLDER;1
LEMSTERWEG, KAVEL K64;1
Hooisteeg 2A-10;1
BAARSKAMP-OOST;1
Kom Schoondijke;1
Lieve Vrouweplein;1
Hoeve aan de Venushoek;1
Grebbeweg;3
De Akkers;4
Schellers Hoek;1
Barrierweg;2
Herstraat (perceel 11);3
"Vogelweg; Kavel L1";1
Erichem;1
-;42
Siemelinksweg;3
WITSTRAAT DE;2
"Voormalig AMK-terrein M7227/CMA30E-014: Waterleidingduinen; Ganzenhoek";1
"Nieuw Levendaal ; Cuneraweg ; Laareind";2
"ZANDPAD A/D HOUTSE STRAAT ; HET HOUT";1
Hoep Noord;1
ZWAAG;1
WORM LANDGRAAF;1
Oude Drydijck;1
Uddelerweg;3
Westeinde 34;1
VOORVELD;2
KONINGBEEMDWEG;1
Sluis 10;1
JONKERSHOF-OOST;1
KLOOTWIJKHOEVE;1
Panoven;2
Dunoweg;1
Wallen van Aardenburg-Oost;1
A-73, HENRI DUNANTWEG-'T BRUKSKE;1
HOHORST;1
ST. MAARTENSKERKHOF;2
Hoeve;1
Westerstraat;3
Tuitjenhorn-West;1
HORNESTREEK;2
"MAZENBURG; MASENBURG; HET MEER";1
ERICA;3
DE LAREN;1
Dinkelpark;1
GALGEWEG 6;1
Heveringseweg / 2e zandweg;1
Gemondseweg 1;1
DE RIET;5
"Vuurpad; Kavel C24";1
HUIS 'T ELZE;1
Juckemastate;1
Sassenmolen;1
Berkter heitje;1
BOUWSTEEG;2
Regina van Geunshof;1
ITTERSUMERBROEK;1
VOORSTE VELD;1
KNARDIJK KAVEL E59;1
De essenpas, Vindplaats 2;1
D32A;2
Groenkappolder/Iendrachtswei;1
Tolsteeg;2
TRAAY, HEUVEL 4;1
Rijndijk 191;1
GOUDDUINEN;1
Seggelant Noord 2;2
HENGSTHEUVEL;1
NUNHEM;1
Sint Jansstraat 3;1
Wielstraat;2
DWINGELERSTROOM;3
Leestenseweg 18;1
POLDER KAMPHUIZEN;1
Hoefstraat 2;2
Marspoortstraat (Marspoort);1
de Bijenkorf;1
KOUWENBERG;3
DE MARSHOEK;1
KLEINE BERGERWEG;24
Kerktiend;1
PEERBOOMPJE;2
Dorpstraat 52-54;1
TEXEL PAAL 26, 2;1
zandstraat;1
POLDER OUDE GOOTE/MOERSAATSENWEG;1
TJALLEWAL;6
SLENERWEG-NOORD;2
OVEREINDSEWEG;2
MIDDEN FLIERT;1
Op den Hering;1
FRANKENHOF;1
Nieuwe Wijk, Allardsoog;1
OORTMANSMOLEN;1
Oude Lierpolder;1
PAUWENBURG;1
UILENBURSESTR/WAALBANDIJK;1
PEEST;1
St. Joris driehoek/Torenstraat/Ringweg;1
OUDE MEYE;4
16.41 AALKEET BUITENPOLDER;1
SINT JANS GELEEN;1
2e Kwartierstraat 10;1
JAN SMITSLAAN 10;1
"SLOT TE MEERWIJK; DEKEN POMPENSTRAAT";1
Voormalig AMK terrein 11947;1
DE BIJL;2
KAVEL K04;1
Kloostertuin;5
Kavel J58;1
Kelderweg;2
"VERLENGDE PLESMANWEG ; DE NOLLEN";1
Ellestraat;1
HEIDEWEG;5
Taxandrialaan;2
Huis te Voorst;2
TUIN DELFLAND 15;1
Plein15;1
Luxemburglaan, voormalige lichtboei;1
NIEUWE RUITERWEG;3
BESSELING;1
"Voormalig AMK terrein; Grote Blauwe Polder";2
Rijswijkseplein;1
"Voormalig AMK-terrein M10497: Polder Liesveld; Achterlandsche Wetering";1
Engelstilstraat;1
Wickenburgse Weg;1
terp Nesserwei;5
De Afhang;1
TIELLANDTWEG;1
"Hoogbosch; voormalig AMK-terrein";1
Trambrugweg, Kanaaldijk Z-W;1
Ring;1
OLDENZAALSESTRAAT;3
Markdal 11b Ulvenhout;1
DIEMERPOLDER;29
"Zwaak; Bredeweg";1
MOERHEINING;1
WESTFRIESE SLUIS;1
Grolloerstraat 5;1
BERG ESCH;1
RONDUITPOLDER;1
HEIWEG;2
KAMP MIDDELBOER;1
K NR. 99 (KAD. ARNHEM);1
BISSCHOPSSTRAAT;1
Rheder kerktoren/Dorpsstraat;2
Bornsche Maten;2
Honte 3;1
Gasleidingtrace Esveld - Angeren;1
Park de Leeuwenkuil;1
't Oosterveld;1
Smorenhoek;1
Bergerstraat;19
Instituut voor Doven;1
BALGOYSE STRAAT;2
Helmondselaan;1
MARKTVELD 7;1
DEVENTER;13
Linne;3
KLEINE EN GROTE PARK;1
Koningsweg 27-37;1
De langere weg;1
WASSENAAR;1
HONDSLOG;4
locatie 9;1
LEUVEN;1
"Westerhage; Camphuijsenstraat; De Poel";1
NOORDEN UITENSTUK;9
Coudorpe;2
de Heidevloed;1
"Bleiswijkse Zoom; Klapmolen";1
'T HOOG;4
SCHOKLAND, KAVEL P15;1
Linie van den Munnikenhof;2
Lageburchtweg;1
Westzijde A28;1
Plangebied sportpark Schoenaker;1
Hoogwoud-Oost;2
NOL IN HET BOSCH;1
ZONNEOORD;1
EESERVELD-SCHAAPSTREEK;1
Breeweg;2
Vogelreservaat;4
Tussenlanen 33;1
Oud Bodegraafseweg;2
Brunssumerweg - N276 (T6-3);1
"HOUTMAAS; EIKELSTRAAT";1
Dijkversterkingsproject Opheusen Rijswijk;32
ENTERESCH;1
OEVER LEK;1
OUD RILLAND;1
EEXTERVELD-ZUID;1
Achterstijpseweg 5;1
De Poel II;1
GRAADT VAN ROGGENSTRAAT 28;1
HEMMERBUURT 28;1
TEN BEETENWEG;3
De Park;4
Heeswijkse Aa;1
Stadspolder;2
Hoekenburg;2
Bedrijventerrein-zuid;1
GIETHOORN;2
Munikkenweg, nb.Kade;1
Juliannastraat;1
Sportpark Schuttersveld;2
WAERT;2
EIGENBLOK-OOST;2
LAGE DIJK 1;1
NIERHOVEN;2
"Snouck Hurgronjeweg; Bos Veere, Deelgebied C";1
VAN SCHAIKSBOSCH;3
DIEPENDAL;1
Haarlosche Veld (Kanonswal);1
HERINGSHOF;1
BIJ ST. ANTONISKAPEL;1
kielerbocht;1
Rijksstraatweg (ong.);1
PAARDENWEID;3
VOORMALIG KASTEEL POLANEN;1
16.54 AALKEET BUITENPOLDER;1
AALKEET BINNENPOLDER 24;1
Hoogriebroek;1
"TIJNINGEN-ZUID ; OUWELSE STRAAT";1
Lyceumlocatie;1
GASSELTERBOERVEEN;2
POLDER RIJPICKERWAARD;2
HOLIERHOEKSE POLDER;5
OOSTUM;1
"WATERHOF ; HET HOF";1
ZUIVERSE WEG;2
ZUIDERPOLDER;27
WIJNGAARDSTRAAT 19;1
Kleine Hoeve;1
OMGEVING ERVE REEF;1
Prins Bernhardweg, Rondweg;1
HIDDEMASTATE;2
KAVEL D452;1
Kennemerstraatweg 464;1
GRIMBERG;2
MAARLAND;1
KONINGSTR.;7
"Schoutenboomgaardweg ; Cuneralaan";1
KNIPHOEK;2
03.008 Onder de molen 1-143 (molenzicht/de put);1
ZUIDKANT VLIET;1
Weg Anloo-Schipborg;1
LAAGVELD;2
Deurzer Es;1
"STAKENBERGWEG; HOUTBEEK";1
Het Groene Kerkje;1
OOSTVAARDERSPLASSEN: KAVEL CZ-41;1
HUIZE RUURLO;1
WIJKERHOEK;1
Twelloseweg-Rozendaalseweg;1
kasteel ulvenhout;1
'S HEER ELSDORP;2
Herweg (perceel 7);1
HOOGELANDSE STEEG;1
Onze Lieve Vrouwenberg;2
HEESBOOM;2
Almere Haven, 1S Scoutingpad-Beautysalon;1
Landschapsbosch, Emmer Veld;1
De Blakt;1
Heirweg;1
DONKERE SPAARNE (OPENBARE WEG);1
VERGARDE;3
Elsenewal;5
Huizingerweg;1
GEERESTEIN;1
KAVEL O59;1
Hertogsewetering en Vicaris Hermaspark te Grave;1
PRESIKHAAF III;1
"HUIS DIEREN; KASTEEL TE DONGEN";1
Barwoudsewaarder-West (Limes);1
AALDERVELD;1
BUTTERWOID;11
AALKEET BUITEN 031;1
PADDEPOEL I;1
CATHARINAKAPEL;1
LOOYENDAAL;2
Hengelderweg 3;2
ZANDOERLESCHE BOSSCHEN;1
Beleven;1
BURCHTBOS, KAVEL L62;1
ODILIASTRAAT;1
TINNEPLEIN;1
ZELLE-KAPELWEG;1
"Rijksweg 57; vindplaats 10 Gapingse Watergang";1
hoek Berkenweg / Driebergsestraatweg;1
(Gat van) Smallegange;1
Pesthuis/Naturalispark;1
02.027 Bleekstraat 2 (AAP);1
DE LAGE STUKKEN;1
STERRESCHANSWEG 32;1
JOHANNAHOF;2
KYMMELSWIJK;1
JAN VOORT 1 KANTOORBOS;1
AALKEET BINNENPOLDER 23;1
Wierumerwad;1
HOTEL DE WITTE BRUG;1
MOLENAKKER-ERF D-CLUSTER D;1
DIJKMANSHUIZEN;1
De Donk, fase 2;1
TIMMERWERF;1
Bijwinkel;2
LANGS VORRELVEENSE WEG;1
MORTEL TICHELOVEN;3
Sjukelan;1
"Bosruiterweg; Kavel Q4";1
Stuivenbergweg;1
DE ZUWE;2
KATTENDIJKE;2
Laakweg (voorheen het Hoge Veld of Zijveld);1
De Paal;1
ZELDERSCHE DRIESEN III;1
VOOR DE KOCKERSEN;1
ONLANDEN;2
Dorpsstraat 66;1
Laekwerterwei;1
LEEUWERIKHOEVE;1
Holyweg;10
Beuningsesteeg;1
KASTEEL LEMIERS;1
Castellum Vechten;3
LAGE BOESCHOTERWEG;3
NORMERPOLDER;7
MUSEUM BOYMANS;1
HOOG ERVE;1
DE HOGE VELUWE;1
Zundertseweg 20;1
MIDDELWETERING IN DE VINKENPOLDER;1
NOORDES;4
ZUIDERHEIDE 3E LARENSCHE KAMPJE;1
Paddepoelsterweg;1
MOTTENLAND;1
Spankerenseweg;1
Rikkerdaweg 29;1
WATERDAEL;3
BIJ DE WATERTOREN;1
GROTESTRAAT (VOORHEEN NR. 349);1
BURGERSDIJKSEWEG 09;1
WATERINGSE WEG 7 - VAN LEEUWEN;1
MINNERTSGAASTER ZUIDERMIEDPOLDER;1
ZOELEN;2
Oldenaller;1
Ritsevoort 32;1
Kromme Mijdrecht vindplaats 3, DRV-11-1;1
Darthuizen;3
"ZUIDERHEIDE; TEN ZUID.VAN SMIDSPLAS";1
DALEMS STROOMKE;1
VALENBERG;3
NOORDZEE NCP BLOK M10;7
"KLOOSTER BINDEREN; BINDERSCHE AKKERS";1
DE LOKKER;2
ORANJEKANAAL-WEST;6
NOORDWILLEMSKANAAL-WEST;1
DE NEGELAAR;1
STEENGRACHTSSPRINK;3
VOORSTE BOS/HANSENBOS;1
Heuveleind-heidevelden;1
BOGERDSTRAAT;1
OUD WULVERBROEK;4
KIJKUITSTRAAT;1
WESTERBOUWING;5
Allee - Brunssumerweg (T6-2);1
AALKEET BUITEN 068;1
HOEKSE KADE;1
PICARDTWEG ZW;2
SCHAAPSWEIDEN;1
Industrieterrein;3
Julianalaan (zuidwestelijke uiteinde);1
ANSER HOOI;6
OSSENWEID;2
Vennebroek;3
HAMERVELDSE WEG;1
LOCHEMSE WEG;2
Breidberg;1
Stationsweg 1 te Culemborg;1
JACHTRUST;5
Rondweg N343;1
"MOLENWEG; BOSLAAN";1
PLAN ZUID BEUSICHEM;1
Koelbroek;1
DOELMANHOEVE / SLUISPOLDER-OOST;1
NAT INDUSTRIETERREIN;8
MEIJEL;1
Poolseweg 126;1
Boonenbroek;2
Schaapsdrift 12;1
GOYAARDSDIJK;1
KASTEEL RIVIEREN;1
Lauwerecht 30-38;1
Oosterschelde Colijnsplaat 2;1
KERKSTR.13;1
WIJNALDUM VIJF;1
Kerkstraat 377;1
KRANENBROOK;1
Kasteel te Meeuwen;1
BATHMEN-LOO;1
MOLENAKKER;6
NED. HERV. KERK / GROTE KERK;2
BOEKWEITPLAS;1
TWENHAARSVELD;8
't Oosteneind;1
De Maatbult;1
Wasschappelse bos;1
18.22 DIJKPOLDER;1
Helena Hoeve;1
Oostvoornse Meer 16;1
"Mauritsweg; Westergracht";1
Munningsbosch;2
MARKT 32;1
Roosenburg;1
De Haverley;1
De Hoek;2
"Kluutweg; Kavel K53";1
Beatrixlaan;5
BIJLANDSE WAARD;1
Graafland 8;1
"VINDPLAATS L; SCHOTKAMPWEG";1
HET LAMPE LAND;1
BURG. LOTSYSTRAAT/MARINUS POSTSTRAAT (LIMES);1
KASTEEL ROSANDE;1
ZOUTEVEENSCHE POLDER;1
Knolhaven 33-34 / Varkenmarkt 65-73;1
BERGERMEERPOLDER;1
Hoge Haarweg;1
MAGDALENAHOEVE II;1
EES;1
GORTELSE BOS;1
BOIJLERWEG;1
BAHNEHEIDE WEG;1
Drienlindekensdijk;1
LANGE GOREN;1
FRANKENBEEMDWEG;1
PIETERSKERK;2
emerweg;1
DIEPENVEEN;9
AALKEET BINNEN 038;1
Sportlaan / Van Alkemadestraat, Van Alkemadestraat 95;1
Olzendedijk;1
DE OUDEN HOF;1
VEENWEG-DE BLEECK;1
Zomerven;2
"Groenwoudseweg; Kavel P5/6";1
GROTESTRAAT 101-103;1
KONINGSBEEMDWEG;6
STRAND PAAL 31;2
Roggelsebeek;4
PODDES;1
Alhambra;1
"De Meeren; Kesselsche Bergen";2
Parkweg 49 t/m 67;1
EMELISSE;3
NABIJ NIEUWE HOORD;1
BOXWEI;1
Noordzijde 25 tot 65;1
Sint Agathaplein;1
Kerk Sint Anna ter Muiden;1
KNEGSELSCHE HEIDE / SCHIETBAAN;1
Sint Janstraat te Kapelleburg;1
VANGPLAATS;2
MARSDIJK-SCHATGOORN;1
"DE WUUSTE BERGEN; WOESTERBERG";1
NIJLANDERVELD;9
Z.O.ZIJDE VOORSTRAAT;1
VLEDDER ESCH/MADEWEG;1
IJZERGAT WESTERGRONDEN;1
Achterdijk/Elzenweg;1
BROERWEG;1
Half Vasten;1
AMSTENRADE/HEIBERG;1
KWEGT;1
"Voormalig AMK-terrein M10488: Polder Wijngaarden; Provinciale Weg";1
COEVERINGSCHEPUT;1
POLDER LAKEMOND;1
STENENKOMWEG;1
Steenbrugge;6
EIKENHEUVEL;1
HET MIDDELBLOK;1
LUYTENWEG;1
Gerrit Rietveld College;2
MAURIKSESTRAAT;21
Prattenburg te Rhenen en Veenendaal;1
FRANKEVEN, ZANDBERG;1
ASSELTSEWEG;1
METTRAYWEG;1
OOSTRUMS VELD;2
MAASBOMMEL-BURCHT;1
GEERTRUIDA;1
DUIVEN DORP;1
DE LAAGTE;1
PROTESTANTSE KERK;3
trace N33 tussen Assen en Zuidbroek;10
Super de Boer parkeerplaats afvalcontainers;1
DE HOUT;17
POLDERVAART;1
D37-OOSTERES OOST;1
weiwerd;1
Merelstraat;2
NOLDE;2
"ENS; ENSERKERKJE";2
Marienkamp, camping Nooitgedacht;1
RANDWIJCK;1
GROENE PAAL;2
Oostappense dijk;1
Groenewoudse Tocht;2
KLEIN LANKUM;1
STENEN VOETPAD;1
Enterweg 17;1
Stadswal;1
Terp Heinis;1
de Kevelderstraat;1
tracedeel Grijpskerk - Workum;1
Axelsestraat;7
ZWARTE GAT;1
Schoolstraat - Bakkersteeg;1
'OUDE MAASARM';1
Blenkert;1
BERKELSE AKKERS;1
WESTERSE VELD-ZUID;1
OOSTERBUURT-ALBERTSHOEVE;1
VRROM. WEZUPPER ESCH;1
Strand oud-Rilland;1
HEIMERSTEIN, CUNERAWEG;3
WESTERSE LAGE LANDEN;1
"Zuidwal; Julianastraat";1
Pothuizerweg, De Hoge Wierd;1
Ids Wiersmastrjitte;1
DE HEUVELEN DENNEN;4
"Overtieringe II; Ambachtsherenwegeling";1
Pesaken;1
'T RIESELO;1
STOKSTRAAT;1
ALBLASSERDAM 3;1
De Cantharel;1
't Gors;1
SILLENHOF;2
"ZWANENBURG; AA";1
Sportpark Waardeburg;2
Achter de Lange Stallen / St Joostkapel;1
"STROESCHE ZAND ; OUD-MILLIGEN";3
HERIKER MEENE;1
"ACHTER DE RIET; KEMPENWEG";1
STAITSCHE VELD;1
DE MOSSELTUIN;1
De Verrassing;1
UITBREIDING DORP LOIL;1
Breda Hoge Mosten;1
BROEKEN;2
WESTENHOLTE;3
HUTTENSWEG;1
Rosveld;11
Laarschenberg;7
MAASNIELDER BEEK;1
SMEULBRANDEN-EXLOOERWEG;1
KERSWEG;1
Lutterveld;1
KUINDERWEG, KAVEL M131;8
ZIJSTUK;1
"Torenvalkweg; Kavel C52";1
"1E HAAGSTRAAT ; MARKIESSTRAAT";1
OMMERENVELDSEWEG;1
16.53 AALKEET BUITENPOLDER;1
SCHOONBROEK;1
TUBBERGEN;2
Maasniel;1
Lomanskamp;1
JILLESWEG;2
Havezate Ravenhorst;1
DE KOELE;1
Nieuwstad;1
Beswerd-Zuid;1
Drimmelen - Terheijden, Molenstraat;1
HOOGE HUIS;1
ZUNDERT 02;1
DE HEUVELKAMP;1
KOLKBOS;1
Lent- Zuidoost;2
HEZERES 26;1
Strabrechtse Heide;1
Kasteelterrein Liesveld;1
Laat 208-212;1
HEUVELEN-ESBROEK;1
KRUISPUNT KORTEWEG-DUINRAND;1
Gijbelandsedijk 119;1
Cothergrift, Weerdesteinse Sloot;1
Meemortel-De Populier;1
Burgwal;4
Geertruidenberg Zuidwal 79-99;1
IJsselmonde 't Hart;2
POLDER MATSLOOT-RODERWOLDE;2
BERGERSTRAAT;4
Waal Nijmegen / Lent 3;1
W. van de Stroetendijk, Z. van de Reeberg;1
DE MUNNIKHOF;2
MOLENPOL;1
HAMKAMP;1
KESSELSE WAARDEN;6
MILITAIRE OEFENTERREIN;2
BIEZEN;1
VINNINGE;1
Loodijk 30;1
broekstraat, manege;1
Vrouwenkerksteeg 3-7;1
BEGONIA-CHRISTINASTRAAT;1
Steenstraat;5
Middelstegracht 34-36;1
ooster-kempkensbergweg;1
BEGIJNEHOF 35 (BEGIJNHOF II);1
Nefkensterrein, hoek korte Berghstraat-Vlasakkerweg;1
"Maasdijk; Ter Borch; Eerbosch";1
OOIJPOLDER;3
STRIEP;1
VOSSENBUSSEL;2
GROOT ZEELAND;1
KASTEELTUIN;5
Houtse Akkers;22
HOOGE VELD-ZUID;2
BAALDER ESCH;7
Bangert 36 en 38, Klooster Bethlehem;1
Efteling;3
HUIS TE WERF;1
"Biesheining; voormalig AMK-terrein";1
WILHELMINAWEG;3
Moriaanshoofd, nabij de Taaijersweg;1
Droevendaal;1
NIJMANSBOS;3
WILDZICHT;1
Passage;1
RIJSAKKER;3
AUTOWEG ASSEN-GIETEN;1
MUSSEL;5
Olesweg;1
COTHERBRUG;1
Grote Koppel 14;1
MARIENHAGE;1
OUDE EDESDOBBE;2
OPHOVENSCHE ZANDBERGEN;1
Keldonk, Kampweg;1
WESTELIJKE BLOKPLAATSEN;3
"OOIEVAARSHORSTERWEG; OOIEVAARSHORST";1
Bloemendaal, sectie A, percelen 3066,3067,3070 en 3576;1
BROUWERSKOLKWEG (HOEK ELSWOUTLAAN);2
Zetten-Noord;1
WAARDHUIZENSE WEG;1
voormalige camping;1
WITTEWIERUM-KLOOSTER BLOEMHOF;1
Hunebed van Loon;1
G NR. 158 KAD. ARNHEM/BOSCHLUST;1
Station Lage Zwaluwe;1
Zesstedenweg 306;1
"ELSPEETERBOSCH; VIERHOUTERWEG";5
HUIZE ST JOSEPH;1
RIETHOF;5
Harensche bos;1
Hooglandspolder;2
De Burgvallen, de Schipborg;1
Achter/ten noorden van de Nederlands Hervormde kerk;1
KUINDERVAART, KAVEL L27/L28;1
ACHTERWEG;17
HET HENGELER;1
HEIERHOF;2
18.23 DIJKPOLDER;1
CAFE DE POORT;1
Raaiend;1
Reigerlaan 42-50;1
"Oeffeltsche Weiden; Kruisstraat";1
HAARBOERSWEG;1
Het Grootslag;1
't Dorp/Kerkstraat;1
NOORDSCHE VELD - ZUID;1
SCHOKLAND, KAVEL P35;1
HOOGHALERZAND;1
Heereweg;1
Voormalig AMK-terrein M13383 / CMA28E-A02: Erve Vrielman;1
VOORTMANSWEG;1
OVERSCHIE;1
Gorishoek 1;1
NOORDZEE BOLLEN 1 NCP BLOK S3;1
COXYSCHANS;1
Keen, noord van de Hoeksche Weg;1
RIJCKHOLT;5
Harnaschpolder - Woudselaan 23 en 27;1
"SCHOUTENWEG ; SCHOUTENSTRAAT";1
Mortiere;31
DE DONKSCHE LAAGTEN;1
Westluidense Poort;1
TORENZICHT;1
Koetille;1
Zuidelijke stadsrand;1
OSSENBERG;2
Kaasboerweg;5
Lieuwkemastraat;1
WESTDIJK;5
BOEKENDERHOF;2
REDEWEG, KAVEL P40;1
Reinderhof;1
MOERKUILEN;3
Noordesch;2
DE SLANGENBURG;1
Raadhuisstraat 20;1
De Heesberg;1
Molkestroot;1
DOORNAKKERS;1
Begijnhof;1
Hoek Westeind - Van Maerlestraat;1
Lage Rijndijk;1
IMMETJESHOEVE;1
Bolven;5
Zoutestraat 40;1
KAVEL P34/P35 (LOKATIE 5);1
"MOLENWEG ; ORANJEOORD";1
Eikbergseweg 3-5;1
"19.26 OUDE CAMPSPOLDER;COLDENHOVENLN";1
METTENKAMPSWEG 2;1
"Pannepad; Blote Bienenpad";1
DAMLAAN;1
Roompot 3;1
"Voormalig AMK-terrein M10493/CMA38D-032: Molenkade; Graafland";1
NEELTJE P. BOS OF KOOKHUISLAND;1
O. van de Stroetendijk, Z. van de Paardekampweg;1
"DE HOEFF ; DE RIETKAMPEN";1
VONDELWEG (T.NOORDEN VAN KNIK IN DE WEG);1
WILLEM EGGERTPLEIN/C&A;1
SIMON EN JUDASKERK;2
HORSSEN - WEST;1
Koemeersdijk;2
Ten Noorden van Nieuwstadt;2
TUIN KLOOSTER/COORD ADM GEPL.118/439;1
WEDDENSTEIN;1
NOORDELIJK VAN BERGHOF;1
ARENDSVLUCHT;3
Singelweg;1
WOGNUM;19
BARTELSWEG;1
HUIS TER EEM;1
Schoordijk 28;1
Molenzoom;1
RIETSTUKKEN 3;1
DE HOGE WOERD;14
Oolderplas;1
Kloppeven;3
"Bloemendaal; voormalig AMK-terrein";1
Mareweg;5
Wieken Vinkenhoeg, Smink kavel;1
Hogerhof;2
Oostering - Toekomstige IJsbaanlocatie;1
K NR. 96 (KAD. ARNHEM);1
SINT JANSKERK;1
ISABELLAHAVEN;1
De Thymse Berg;4
16.50 AALKEET BUITENPOLDER;1
SWIFTERBANT;1
Sicco Mansholtweg;1
"DIEPSTRAAT; Huis Partouns";1
RUNDERWEG;1
DE VALENDRIES;1
POMPPLAS;2
Kanaal oostzijde 15;1
Prinsenbaan;11
VARIK-DE WALGT;1
HAARLEM;1
POLDER DE BIESBOSCH-ELSHOEVE;1
Veldmaat;1
WIJNALDUM;1
Borculoseweg 17;1
Bornwirderhuizen;1
Veenendaalse Straatweg, voormalig AMK-terrein 4857;1
WESTRIK;1
HEER-OUDELANDSAMBACHT;1
DE ROTTEIN;1
"N.H.KERK; ST.GERTRUDISKERK";2
KLAASSTEENWEG-NOORD;2
WIERINGERMEERPOLDER;1
Wilhelminastraat 66;1
Voldersgracht-Spuimarkt;1
Rozenpad;1
GROTEWALLERWEG;1
HAARLE;5
KAMPER VENEN;1
DUBBELE BUURT;1
DE STEENDERBULT;2
VOGELKOOI;7
"RIPSVELDEN ; KERKENDIJK";1
Runderweg;1
arentsburghlaan;1
TEEFFELEN I;7
POLDER ZUIDZIJDE;9
Oostzijde 7;1
HAVERLAND;1
BOTJESHEERD;1
ENNEMABORG;1
OOSTERESCH-NOORD;1
DAL KONINGSDIEP;1
S HEER AARTSBERG;1
Wester Thienweg;2
Brugweg;1
HULSFORTHOF;4
de Kaaik (Assendelft-Saendelft);2
KIL VAN HURWENEN;1
OOST VLISTERDIJK 12;1
KERKSTR. 17;1
Balloo 20;2
Bergingsvijver Goilberdingen;1
Elkerzeeseweg;1
Voormalig Gemeentewerf;1
Industieterrein Vinkenkamp;1
Polder Hooislobben;1
SCHARMER, voorm. NH KERK;1
SINT HUBERT;1
PELTSERDIJK;1
BINNENSTAD (MAZIJK-MUNTSTRAAT);1
STREEKWEG;1
ZEGERIJ;1
Doonheide-Noord deelgebied A;1
D35A-VALTHERSPAAN;1
Healbeamswei;1
TROPWEERE (VINDPLAATS 53);1
EMMELOORDERWEG, KAVEL P15/P16;1
deelgebied 5 Demmerikse Kade;1
Olmenlaan;1
BORGERSCOMPAGNIESTER ZWARTEWEG;1
Rijksstraatweg 122a;1
NOORDZEE TEXEL PAAL 29 NCP BLOK L15;1
WANROIJSCHE BROEK;1
Enspijk;1
Lammerenburg II;2
Kannelustweg;1
Nassausingel;1
ELKENSTRAAT;1
WEIJEREN;1
DE WIJDE BLIK;1
LAGE MIERDE;2
"GANTEL; GANTELWIJK";1
HEZELAARSCHE AKKERS;2
BOUWEN EWOUTSTRAAT;2
Trace gasleiding Delta: vindplaats 5;1
Het Pissem;1
HOONTE;1
WAARDMANSHUIS;1
Diessenschje Heide;1
GASSEL;7
POLDER E;8
PELLEBARTELSPLAATS;1
Groot Tania;1
LEUBEEK, LEUDAL;2
SCHILTERVOETPAD;1
"Sportveld; voormalig AMK-terrein";1
Voorhouterweg 83;1
Nije Drintse Wei;2
MARKT-WOOLDSTRAAT;1
BLENKEGOOR;1
OSTENDE;1
HOOFDSTRAAT 2, 4 EN 6;1
ARNHEMSEWEG;3
DOMME AANLEG;1
CULEKAMPSEWEG;1
Havendijk;2
ZUIDERMIDDENWEG, KAVEL H37/H38;1
Schippersschool / Maesttaete;1
LUIJTENBROEK;2
De Zuidert;1
"KOESTRAAT; BRENDERWEG";1
Lingewal vindplaats 3;1
WINSSEN-KERK;1
BACKERBOS;1
DE GLIND;1
"Koedijk ; Heggenreservaat";1
VAN REENENWEG;1
KLINGENWEG. KAVEL H2;1
Centrumplan Breusterstraat;1
Hooge Wijst;2
Westeinde;4
Kerkstraat 1;5
Beltweg;1
MOLENPERK ORANJEZONSPRINK;1
zaadmarkt 85;1
MIDDELBURG MOLIERE;1
TEEFFELEN II;5
Trade Port Noord deelgebied 7 terrein D;1
Noordzee NCP Blok M8 3;1
"MAGDALENAKAPEL; TORENWIEL";1
JACHTHAVEN (OUD-TEYLINGEN/LOCKHORST);1
Trijntje Wiel;1
Heislagseweg 3+5;1
Rheezerweg 84a;1
Winkelcentrum Streekhof;1
THYMES WORF;1
LANGS ZOOLSLOOT;1
KLINKMOLENBRUG-NOORDWEST;2
Voormalig AMK-terrein M12886: Nauwe Alblas, Westeind 92;1
HET ZWARTE PAARD;4
"Beekweg; voormalig AMK-terrein";1
GEULGRACHT;1
SMALLEGANGEBUURT-ROZEMARIJNDIJKJE;1
POLDER NEDEREIND [ VINDPLAATS 15 ];1
TOMEIKERWEG;2
Zuiderdracht;1
KAVEL L57 OF L62;1
DE VEEN;1
DE VERSEN;1
RINGVAART;1
VORSSEL;14
Kerkakkers;5
DELFT;1
DUBBELINCK;1
Tukseweg;1
GEDEMPTE OUDE GRACHT 89;1
ITTERSUM;1
Enkweg;3
Rustende Jager;2
HET MALSE LAND;2
VRIJE HOEF;1
Vinckenburgweg;1
ZUIDEN VAN NH-KERK;1
Oude Klapstraat;2
TOLSUMSERZIJL;1
BOSHEIDE;6
Ambtshuis;1
"Blankenhammerweg; Kavel N43";1
"De Hoep Noord; Nesdijk III";1
HET DAEL;1
Huzarenwei;2
Gouderaksedijk 75;1
LOKBELT;1
KMA Sporthal;1
Schoterweg kavel K62;1
Oprijlaan naar Meerwijk;1
Dorpsstraat/Reghthuysplein;1
Hof Souburg;1
TEN ZUIDEN VAN STORTPLAATS;1
KAPELHOF EN OMGEVING;1
HEEMSKERKER ZUIDBROEKPOLDER;1
BLOEMENSTRAAT OTTERSUM;1
APPELENBURG;1
DE MAAIEN;2
VROENHOF-HOUTHEMERVELD;1
Auveleberg;1
MEIDOORNSTRAAT (EIBERGEN-DORP);1
19.34 OUDE CAMPSPOLDER;1
HUIS HET SPYK;5
"HOOGE AKKERS ; OPSTAL";1
Kraaijeven;1
ZWARTEWATERSKLOOSTER;1
BRUGAKKERS;5
kavel P88;1
DE HORSTEN;2
KRUIDSTRAAT;1
DRIESUM;1
ALTEVEERSELAAN;1
RESTAURANT WILDENBERG;1
Waarderbreukstraat;2
Broosserhof;1
LANGE HOUTSTRAAT;1
WESTPOORT;3
OPLOO;1
DE GROOTE PLOOY;2
POLDER DE PALEN;1
DORPSHUISWEG;1
TONCKENSBOS 34;1
"Kasteellaan; Beukenhorst; voormalig AMK-terrein";1
VARELSEWEG;1
Voormalig AMK-terrein M9468 / CMA37E-077: Zuideindse Weg;1
Utrechtste Straatweg;2
WITTE VEN;1
Begraafplaats Eikenhof;1
Hamveld;24
UITERSTUK;1
VARSENER ES, GASSLEUF (CONCENTRATIE B);1
BAEXEMERBROEK;1
SNELLINGERDIJK;1
UITWIERDE;1
Westeraam;4
HEYTHUYSEN-WEST;2
Krijtenberg;2
BOEKELO;2
RUILVERK.GEB. KONINGSDIEP;6
Kadeverbetering Oost-Abstpolder;1
"SLOT MEERWIJK; DEKEN POMPENSTRAAT";1
SWEIKHUIZEN A;1
DE SLUFFERD;2
Huygensstraat en Anna van Burenstraat e.o.;1
Burgemeester Bechtweg;1
KLEIN-KLOOSTER;1
WAIJE;1
RETRAITEHUIS;1
DALWAGENSEWEG / LINGE;1
Turfweg;1
Boswachterweg;1
HERTSWEIDE;1
MOLEN DE HOOP;1
RBP 017;1
STADSWEG 56;1
HUNZEBOS;4
LANDGOED DE GELDER/SCHIJVENBERG;1
HEZINGEN;6
BOVENSTE HUIS;1
TICHELBERG;2
Schuitvlotstraat;2
NABIJ HONDE VELD;1
"POLDER LOPIK; DORPSSTRAAT";3
OUDE WILLEMSSTRENG;1
Polder;1
PASTOORS WAL;1
"HUFFELEN; VERDER ZIE OPMERKING";2
NOORDZEE NCP BLOK S04;1
Zuidstraat 4;1
HUYS HERLAAR;1
HONDERD BUNDER;1
TUIN VAN DE BROUWERIJ;1
De Traanbok 5;1
OOSTEINDE (RW 14, SITE 4);1
Gering;1
NOORDERRUITER;5
WESEPE;1
LANGS DALERVEENSE WEG;2
KRANKELEDENSTRAAT;1
KASTEEL WOLFEREN;1
KLAAS KLOOSTERWEG WEST 35;1
Zwanegatsedijk - 'Het Kruis';1
VOORMALIG KASTEEL BUREN;1
SLENK 8;1
MUSSENTIEND;2
"GROEVENBEEKSE HEIDE; GROEVENBEEK";4
ANNADAAL;1
KUINDERBOS, KAVEL L36;1
Tympaanplein;3
OVERLAAT / JAGERSVELDWEG;1
GINKELDUIN;3
OOSTVOORTSCHE DIEP-NOORD;1
MIDDENDORPSCHE STUKKEN;1
Sint Janstraat 12-16;1
HORSTER BEEK;3
ENGELANDSE BOS HET VAREL;1
POLDER OUD-ROCKANJE;1
ANVELINK;1
OUD ALBLAS;6
KOCKERSVEN;1
BLOKDIJK;4
ACHTER DE HEUF;1
HEIEND;1
LANGE GEERE / KORTE GEERE;1
CASTELREESE HEIDE;1
"MOLEN ""WELGELEGEN"" (DIKKE MOLEN)";1
WESTERVELD-ZUIDSLEENERLOO;1
Westpoort Fase 1b;2
Carmel Cluster-Grutterskamp/Mekkelhorstweg;1
GEMEENTE BEMMEL, BOUWLOCATIE BERGERDEN;1
Gagelbosch;1
Pothstraat 33-37;3
ROERSHOEK;2
DE LANGE PAAL;1
BOERDERIJ 'DE HOOGTE';1
WELLAND;1
JHR RAMSWEG;1
"BINNENVELD; VAN PLAS TOT GRAS";1
PEPERGASSE;1
KROPPESTRAAT/ROMEINSE WEG;1
EEKSEHOF;1
BURG. VAN WOENSELDREEF;1
BENNEVELDERVELD WEST/KOEMATEN;1
Lage Markt;1
"AKERSTRAAT; (KLUISWEG)";1
Kaapduinseweg;3
WITVELD;5
DORPSSTRAAT-OUD APELDOORNSEWEG;1
BERKENLAAN;1
"Rijksstraatweg ; Woudweg";1
Historische begraafplaats;1
Nimmerdor;3
05.024 Watersportweg;1
ACHTERHOEKERWEG;1
SCHAAPSWEG;1
Vredenseweg 117;1
SCHEEPMAKERSDIJK;1
LAAN VAN POOT;1
Traverse / Kerkstraat;1
KORTE NOBELSTRAAT 21;1
EIKENDONK / DEN HOGERD;1
KASTEEL SYPESTEIN , SIJPESTEIN;1
Durendaal;1
Keizershoeve II;1
Grote Molenstraat - Eldensche Zeeg;1
KLOOSTERBOSJE;1
CASTELSCH BAANTJE;1
W.J. Dethmersweg 9;1
Peelkant 23;1
MARWIJKSOORD;1
Rioolaanleg plangebied Markt-Kasteel;1
INGENSE VEERWEG;2
Bitswijk;1
NP de Meinweg;1
MAARHEEZERVELD;2
A.C. DE GRAAFWEG (VINDPLAATS 37);1
HUYS TE OSS;1
DE GOUW, BLOOTHOOFD;1
KIENSTHEUVEL;1
Bordsche Weg;1
KAMPEN;10
Jagertje;1
Rondweg Aardenburg deellocatie II;1
ASSEMANSBROEK;1
Witte Paal Zuid-Oost;1
LAARSTRAAT;5
01.26 WOUDSE POLDER;1
KAVEL K2;1
Verloren Kostje;1
VAN BERGEN;1
NIEUWEZIJDS VOORBURGWAL-WIJERS;1
OUDE NIJKERKERWEG;3
BOERHAARSHOEVE-ZUID;3
DE BERGH;1
Avondsierstraat;1
Nabij kasteel;1
SINT BAVOSTRAAT;1
LINGEHOF;2
Oud Soest;1
"Polder Arkemheen; Achterhoekweg; voormalig AMK-terrein";1
De Hondeborg;1
HET HUIS TE EST;1
Weerenbroek;1
WAAI AAN DE RIJNBANDIJK;1
Savelveld, locatie 9;1
Molenweg 20-28;1
Dries;1
HUIS NIEUW OOLDE;1
SCHAPERSDIJK;1
DE SPITS;1
Julianapark, opgebracht land bij Schelphoek;1
"Linge Hamsche Bouwing; Kerk-Avezaath 1";1
Steeg achter Kaasmarkt;1
De Mouwe;1
17.35 AALKEET BINNENPOLDER;1
Lieropsedijk 21-23;1
NEDEREINDSESTRAAT-WESTEINDE;1
KAVEL O26;2
Brink 23-31;1
Johan van Oldenbarneveltlaat, Frankenslag, Scheveningseweg;1
FORT DEN HAAKWEG;2
CANISIUS MATER DEI;1
PLANTSOEN;1
NORGERVAART 04;1
"HERKO ; LEESTRAAT ; LAANSTRAAT";1
Ravenvennen;4
KIKVELD;1
VREDING 24;1
N23 trace, deelgebied 2;1
WELSUM;14
ARISDIJK;1
BOXMEERSE VELD;1
NIJLANDSEWEG;5
ISSELT;1
"Pepinushof; Zandweg; Pepinusbrug";2
Heimenberg;2
Heugem;1
VLERKEN;1
Puttenveld;1
Spanbroekerweg;1
KAVEL P15;1
Over Oudland, industrieterrein Lagedijk;1
Dijkgatsweide;1
GVM-TERREIN;1
Wel97;1
OP DE KAMP / KAMPS VELD;4
ALEMSCHE EN DRIELSCHE UITERWAARD;1
LOON;2
Vijfhoek;1
GROENWEGSKE;4
SLOOT BIJ WAAIKUIL;1
Zuidsingel 42;1
Roefseweg;1
Hervormde kerk;2
Abdijplein;5
VISBANKFLAT;1
Striepweg;3
DE KROM;7
voerdijk ( vindplaats 4);1
Graaf Engelbertlaan;1
06.112 Hoogstad tuin;1
JONGE RAANSBLOK;2
SCHARLEBELT;2
't Aapje;2
NOORDZEE EUROGEUL 20 NCP BLOK R3;1
CASTERSE WATERMOLEN;1
't Waal Kreuskampen en Streep;1
Elzenbos;5
Brinklaan, voormalig AMK-terrein;1
locatie 1 schoonebeeker diep;1
WUSTE;1
Het Hingen;1
Eibergseweg;1
afgegraven terp;1
IJSSELCENTRALE;1
Remmersteinsche Bosch, Voormalig AMK-terrein;1
Talmastraat;1
KERKVELD;11
MELDERSLOSE WEIDE;7
IJzenvoordse Es;1
DEN OORDT;1
MARIALAAN;1
MARIEKERKE;1
"Elspeetsche Bosch; Apeldoornseweg";1
Herberg 'de Keizer';1
WEG ELEVELD-DEURZE OOST;1
Berger Heide;1
BLADELS KASTEEL;1
INGENSE VEER;1
PURMER RINGVAART;1
KORENBEURSPLEIN;1
AALST;5
BOERDERIJ NEDEREINDSEWEG;1
Veldese Bos;1
ST JORISSTEEG;3
BASTERLANDJE;5
Wolddijk 103;3
DE HOEVEN;5
Ruys de Beerenbrouckstr.;1
Hunebedden van Drouwen;3
HERNEN TRAVERSE RW;1
DORPSSTRAAT 51;1
DE GEER (REMUS-FLORAPAD);1
"vindplaats 5Z_19; Almere Hout Noord";1
AASTRANG 2;1
Ritzemabosweg;1
NASSAULAAN 21;1
MARSDIJK 3;1
"Oude begraafplaats; begraafplaats Oud-Leusden";1
Ashorst nabij Windmolenstraat;1
"Ketelweg; Kavel N5";1
BENNEVELDERVELD-ZUID;2
KIEVITSHEIDE;1
Provinciale weg N293-Zuid;1
Wernaarslossing;1
HAMSE BIEZEN;11
TEN VORSEL;3
BENEDEN TERWEI;1
NIESINKKAMP;1
DE WEILANDEN-OOST;1
OLDEBROEKERWEG, KAVL Q5;1
ALENDORPERWEG;3
LEEMHORN 5;1
LEDE EN OUDEWAARD;3
Verbrande Hofstede;1
BOSWACHTERIJ EXLOO;3
HERTEMER VELD;3
De woerdt;1
Enghsloot/Nachtsloot en Kanaalsloot Oost;1
Monding Beeksche Waterloop( plangebied Genenberg);1
MILHEEZE I;1
OVER DE IJSSEL II;1
KOZAKKENBERG;1
KASTEEL MAKKEN, DE MAKKEN;1
Amelisweerd;1
REMMERSTEINSE BOS;1
Schoonberg;3
PEPINUSBROEK;4
OOSTENDE;4
BRANDEVOORT;1
KAVEL J32;1
"Eemmeerdijk; Kavel N43";1
SCHOTEN REGTHUIS;1
Avendorp;1
ONS KRIJTLAND;1
WILRIJS;1
Bedrijventerrein Zuiderkogge;1
S.M. Hugo van Gijnweg;1
Noordstraat 23;1
HOGE ZEEWEG;1
Kletenburg;1
WILTENBURG;1
WOLFGAT;1
AMERSFOORT;8
GROOTWEG;1
PAS VAN TERNEUZEN 03;1
NIJNSEL I-II;1
Groothees;1
MELISKERKE;1
voormalig AMK-terrein, Kavel G43;1
AANSCHOT-EHV/AA/91;1
DE MOTEL;1
ZOMERHOF;1
Noorderwal;1
NEERSTEIND;7
AFAWATERINGSGEUL NOORDPOLDER;1
Haagstraat;1
VOORMALIGE VILLA PRESIKHAAF;1
Zinkweg;1
UDDELSCHE BUURTVELD;1
D36 - OOSTERES WEST;1
ELIAS;1
UITERWAARDEN MAAS;1
DORPSSTRAAT 198;1
Oude Aa;3
Broekhin-Noord;1
Groot Wetsinge;1
NOORDZEE NOORDRUG NCP BLOK Q2;1
JANSKAMPERVELD;6
ONZE LIEVE VROUWENBERG/ADM.PLAATSING;1
Hofpad;1
Noordelijke bocht Julianastraat-Kranenburglaan;1
Dijkzicht-Zuid;1
Vindicat IVO-V;1
GREATE FLEAREN;1
AKERSLOTERBRUG (VINDPLAATS 20);1
HET REIDLAND;1
Domineesweg 28;1
GRAFVELD OO;1
Plangebied 1A2, De Overloop;1
SCHILDERSTRAAT;1
Zeegser loopje;1
DE ZONNEHOF;1
GROOT HUISMEER;3
herinrichtingsgebied Noorderpark, deelgebied L2;1
01.032 Havenstraat 88;1
DE VOORN (KASTEELTERREIN);1
DE WEERE (VINDPLAATS 51);1
ROIJENDIJK;1
ARMSTERVELD;4
VARKENSMARKT;3
Klein-Vortum;2
LANGS DE LEK;1
'T HOF TE DOMBURG;1
"Wageningse Laan ; Remmersteinse Bos";1
EIGENBLOK OOST;1
GROOT ZIELHORST;1
Meiberg;1
Bolken;1
Lutjelollum 6;1
ONZE LIEVE VROUWERKERK;2
VINCKEBROECK;1
MALENSBOSCH, FRANSOZENGRAB;1
Middelhoven;4
Brede School Noord, Lupinenstraat;1
DOMPSELAER, OUD-;1
Meenkmolenweg 10;1
VLAKWATER;3
Oost-Breukelderweg (tussen traject 3 en Celtic Field);2
Burgzand Noord 19;1
TURKSWAARD/WAALOEVER;1
UITGEESTERBROEKPOLDER 19;1
Kerkhofpad 4;1
KRUISKREEK;1
Aabroeken;1
OEVER MERWEDE;2
"Spieringweg; Kavel M65";1
BOVENKERKSE WEG 37;1
DOOLLAND;2
Oudelands Laag;1
Pykeswegje;2
Rijkstraatweg;1
BELVEDERE (SITE D);1
"Speckerbrug ""Oppe Emme""";1
Kerkhof Noordwelle;1
Reggedal;1
"Voormalig AMK-terrein: Mythstee; Eibertjespad";1
Nijvelaar;1
SEVENUMSEWEG;1
VLOOIENDIJK;2
Wanroij;1
Armenkampsweg;1
RIJKSSTRAATWEG 155;1
KONINGIN ELISABETHPLANTSOEN;1
KERKENAKKERS V;1
Noordzee NCP Blok M8 2;1
HANNIE SCHAFTWEG, KAVEL J88;1
"Pastoorsbosch; Lintjesveld";1
ZUIDLAARDERVEEN;1
SCHANSWEG, KAVEL K55;1
"Kosberg; Schweibergerweg; voormalig AMK-terrein";4
"Leemringweg; Kavel T3";1
WORSEM;3
Wijchense Meer 4;1
"Huij; Heerstraat 5";1
HOOGENBOSCH;2
STELTSESTRAAT;3
Ae's Woudbloem;1
de Rietdijk, kadastraal nr. 918;1
PAPEHORRENS;2
Hortsterweg 70 b;1
vooroever ten zuiden van Naviduct Enkhuizen;1
ABDIJSTRAAT;1
DE SPOKENKAMP;1
PALMERSWAARD;2
Leijkant VP1;1
BINNENHAVENWEG, KAVEL A55;1
SPUITENDONKSESTRAAT;2
Edensche heide;1
WORMERLAND;1
Langvenweg;1
ZILVERLANDSEWEG;1
CAITWICKERZAND;1
Vierschaarstraat;1
Park Vronesteijn;5
VEELERDIEPJE;1
LAGE EN HOGE AKKERS;1
OOSTERLAND 2;1
17.BA AALKEET BINNENPOLDER;1
HERDERSTUK;1
Steltsestraat (ong.) te Lent;1
Spaanse Steeg (Zuid);2
Almere Overgooi, Cirkelbos;8
OUDE ZUTPHENSEWEG;1
NULAND;4
PLATTE BEND;1
Voorsterallee;2
Garbrandsland;2
KLOKHEN;1
OSBROEKSE WEG;1
"ST.PETRUSBERG; KERKBERG; KLOOSTER";1
PRINSENHOF;11
01.015 Land/Vossenstraat;1
Autoweg Assen - Veendam;1
ULEKASTEEL;1
Peeschoor;1
KERKEDIJK 154;1
AURORA;2
COBA KELLINGSTRAAT;1
Spijkenisse De Dalle Calais kreek;1
"VELTUMS VELD; DEURNESE WEG";1
VEESTRAAT;3
Geseldonk;10
De kleine Geer;1
Heusdenhoutseweg 32;1
Havenpolder;1
BLITTERSWIJCK;2
GALDERSCHE BEEK;1
POLKESTRAAT 2A;1
MOLENLAAN;2
HUIS VIERAKKER;1
Grote Kerkhof 7-9;1
Banholtergrub;2
STADHUIS NAARDEN;1
"plangebied ""De Weyer""";1
Houtense Wetering;2
Terp 17;2
ALTFORST - DORP;1
HOPWEG, KAVEL L67/L68 OF KAVEL L69;1
Klokkestraat 1;1
Stadniers;9
LOOIWINKEL;1
DE ROTONDE;1
ESBROEK HEUVELEN;1
Huij 1;1
NIEUW BEERSCHOTEN;1
Plangebied Compressorstation;1
KERK VAN DE HEILIGE JOHANNES EVANGELIST;1
voormalige terp sotrum;1
LIEVELDE;2
Langestraat 50-52;3
plangebied Noordelijk vaarverbinding;4
OEIENBOSDIJK;1
Effetha;1
WOUDGROEP;3
BEGIJNHOF 20;1
KERKHOFSDIJK;1
ONNERES;1
MIDLANDSDIJK;1
Veenhuizen;2
Van rouwenoortweg 17b;1
ALEXANDERWEG;1
Veenwal;1
'T ZAND;5
Oude Antwerpse Postbaan;1
DEEST-DORP;1
KAVEL O13;2
BUURSE ERVE HARMOLEN;1
MEEUWENVEEN;2
KASTEEL ONDER BENEDEN DELWIJNEN;1
Kleefse Veerstraat;1
SCHANTERNELBOSJE;7
DE NOLLEN;1
VERFFABRIEK;1
VEENDERLO;1
Brug Odasingel;1
(ACHTER)OUWE WOID, HEIN BLOK,+;2
KAMPEN I;1
RIJKSWEG 34 - OOST;1
ERVE BROEKHUIS;1
TJESSINGAWEG 2;1
BOLLEVEEN;8
Regthuys Plein;1
BRUNTINGERBINNENVELD;1
Kavel G15  en G16;1
Lage Ham 133;1
'T BOSCH;1
BOEKWEITENVEENTJE;1
LUTTELGEESTERWEG, KAVEL N20;1
DE NIEUWE HOEVEN;1
GALGENBERG;36
Polsbroek;1
vathorst, velden 3G;1
LANGE VEERSTRAAT 16;1
Balgoyseweg/Zuiderdreef;1
FIRDGUM VIER;1
VAARTBROEKSE WEG;1
DE PASTORIJ;1
Trade Port Noord deelgebied 7 terrein B en C;1
"SPUI/Amsterdamste veerkade;St.Jacobsstraat-Kranenstraat.";1
't Spikkert;4
Erve Holtkamp;1
Middelweg 18;1
Houtwiel;1
KOEBERG/JAAPKENS LAND/ZIE OPM.;1
WESTERBRINK;2
GROENINGSE DIJK;5
"VILLA BOSROOS; BOSRAND";1
DALWAGEN-NOORD;1
BOMENWEG, KAVEL O99;2
KOPSE HOF;6
Babelweg;1
BOSWEG, voormalig AMK-terrein;1
A2-PAUSBAAN-SITE GELDROP 1;1
GAK-GEBOUW PRINSESSESINGEL;1
Hogebiezen 20 en 20a;1
VOORM. MARIAKERK;1
VALLIS;1
ONLAND 8;1
Damwoude;1
hunebed op de es van Eext, kerk van Eext;1
N34;1
KRUITTORENWEG;1
NOORDSE VELD 2;1
Raamsloop;2
DE STRAATHOEVE;1
Kasteel Steenenkamer;1
Kapelle-Zuid/Biezelinge-West;1
KORTE PAS;3
Hasselerbeek vlak naast Coba Kellingstraat voorbij waterval;1
TEN ZUIDEN VAN HOOIWEG;1
RUSSISCHE BEGRAAFPLAATS;2
Veursestraatweg 147;1
KUINDERBURCHT 1, KAVEL M131;1
Niers 1 jaarboek1;1
Onland 3;1
PASSEWAAIJ - OUDE TIELSE WEG;1
"Neerpolderseweg; Oude Zuivelfabriek";1
CANNERBERG;2
Modehuis Blijdesteijn;1
MIJNSHERENLAND;1
BELS LIJNTJE;3
BUITEN WALAKKER;1
Elzenweg;8
WESSEMERDIJK-OOST;1
KARBOSCH;2
"Kadoelerweg; Kavel T103";1
HAULERVAART;1
Repelakker;1
KLOKKENBERG KWEEKSCHOOL;1
NOORD-ASCH;1
Rietveld 14/14A;1
Trade Port Noord Heierhoeve (deelgebied 1);3
"MUN ; RIJKSWEG; NISTELROOYSE STUKKEN";1
HET VELDJE;1
Marthalaan;1
HOBBESTEEG;1
De Rikker;1
Tsjerkebuorren 1;1
Bakkerspleintje;2
"Spieringweg; Kavel M61-62";1
KAMPJE ONDER DE BRUG;1
Breda-Ginneken, Maycrete-woningen;1
Perlsteinterrein;1
DE LEPERKOEN;1
OVERST VOERENDAAL;3
Schepenstraat, De Pesser;1
GORTESTRAAT 12 - 20 (ZUIDZIJDE);1
BEATRIXLAAN 47Z;1
EIKENHOF-NOORD;1
Gelderdijk;1
CASTELEUNSWEG, KAVEL M29;1
KOSTERSMAAT;1
Hood Spul;1
POLDER OVER- ZIJDERVELD;1
Dijkveld, Amelterbos;1
POLDERWIJK;7
LANGE HOFSTRAAT 5-11 & 17-21;1
Eemnes, Zuidpolder;1
"OLIEMOLEN ""EENDRACHT""";1
Oostvoornse Meer 6;1
"Singel; Cityview";1
AA-WIJK;2
LEEMSKUILEN;2
KUINDERBURCHT I, KAVEL M131;6
Nieuwveense Landen;1
STRAAT;4
Disselhof;1
Plangebied Legedyk;1
"Klokbekerweg; Kavel G35";1
MEPPERDENNEN-DE RIEGELS;1
DE BOEKELS;3
"De Poortkamp; Buitenblok; voormalig AMK-terrein";1
KLEVERT;1
Amerlandseweg (ong.);1
Eerdweg;1
Westbreukelderweg;1
Vlietsend 41;1
Pachtkamp;1
MINGERSBERG;1
KAVEL H42;2
Herptse Weg;1
Arbergstraat;2
"Markt; Tympaanplein";1
Karnemelksevaart;1
De Hoef Oost;1
Brucht Vechtdal;1
Harselo;1
Seggelant-Noord, kavel Formido;1
MARIENGAERD;1
GRENSDIJK, voormalig AMK-terrein;1
BOOGERD;2
SCHIPPERSHOEK;2
Oisterwijkseweg 3;1
Kustersven;1
D29-ZUID;1
PEESKE T;1
JUNNER VLIER;2
Kilder, nieuwbouw Sportterrein;1
EMELANGE;1
BONHAGEN-NOORD;2
BAKENESSERGRACHT;1
Parnassia, Diaconessenterrein;1
HEMMERMEER;1
DE GAARDE;1
EBBENBROEK;1
OUDE STAD 26;1
WERCHENSE STRAAT;5
"Redeweg; Kavel P33";1
ZUIDERDWARSPLAATSEN;1
KONIJNENDIJK;2
KAAS EN BROODSE DIJK;1
POSBANK;3
Larenseweg;1
Woerdse straat;1
OLDENHOFWEG;1
Westerikweg 12;1
Langbroekerweg 22;1
SINGELSTRAAT 15;1
It Noard 81;1
ONZE LIEVE VROUWEKERK;1
Kapellebrug;1
Broeksingel;1
Dorpsstraat 194;1
DE HUNEHOEK;1
UTRECHT;1
THERMENMUSEUM, Z-W-HOEK;1
Verkeersplein N33;1
haesselderveld;1
KALENBERGERWEG, KAVEL N54;1
'S HEER ABTSKERKE;2
Hoekgraaf- Zuid;1
"SWARTVEN/ZWARTVEN; EILAND";1
ANTONIESTRAAT 8-10;1
NOORDZEE NCP BLOK M8 1;1
Rozendaalse of Herikhuiserveld;1
"ROTSEWEG ; ROTSCHE WEG";1
KOBELWEI;5
De Koeneschans;1
Gemeentehuis;3
Middenweg perceel S409;1
GROESBEEK;26
Almere, Stichtsekant 1R3;1
WELLEBERG;1
Drunense Duinen (Bosch en Duin);2
NIEUW ERF;2
"GROOT KASTEEL; NIEUW KASTEEL";1
BODDENBROEKER LOOP;1
Dijkstilsterweg 1;1
01.115 Kortedijk (bodemsanering);1
West van de Echterweerd;1
"KASTEEL MAURICK ; OUT HERLAER";1
UITERWAARDEN, BUITENWAARDEN;1
Sportlaan/ Lemseloseveldweg;1
KERKEWEID/HET SLOT;1
NOORDBOUT;2
"'T HARENSE BROEK; HARENSCHE BROEK";1
VIJFSPRONGWEG;2
ZANDVOORTERWEG (T.O. NRS. 73 EN 75);1
VROUWENPOLDER;2
EWIJKSCHE VELDEN II;1
Hof Navagne;1
Ritsumasyl;1
Spanjaardstraat 1-3;1
Koudekerkse Weg;1
oude bodegraafseweg 23;1
Ballooer Es, Ballooerweg;1
ACHTERSTE LANDEN-ZUID;1
POTHUIS;1
OOSTERENK;1
Churchillaan;1
Kasteel Teylingen;1
Bremstraat;1
plangebied Bos Dishoek (Zwaanweg);4
VOGELENZANG 1;1
"WAL; GROTEBERG";1
EVERSE AKKERPAD;2
hoek Kluisstraat - Noord Koninginnewal;1
Haarweg;2
"SEVERINUSSTICHTING; DE BERKT";2
Venhuizen-Westerbuurt-III;1
LOOSTRAAT III;1
VELD OOSTENRIJK;1
Nuwendoorn/Radboud;1
Kasteellaan 2;1
STARTSEDIJK;1
NEERVELD;1
Westflank - Laurentius;1
Cafe Pompier;1
Blauwendraad;1
KERKPAD;1
INGENSCHE WAARDEN;1
Venbergse weg;2
Aalbeekerweg;8
KERK VAN DE H.LAURENTIUS;1
"NES ; NESDIJK";1
"BURCHT ST.PIETER; FRANSE BATTERIJ *)";1
ZUIDEINDE WEST 28;1
KERK VAN DE HH. COSMAS EN DAMIANUS;1
WIJSTERSEWEG-ZUID;1
BURG VD PUTTENSTR;1
Boslandweg;4
Polder het Nieuwland;1
VAN BENTHEIMHOF;1
SIBEMAWEG;1
JAN BLANKENSCHOOL;1
Dorpsweg 27;1
EGCHELHEIDE;2
Valeriusschool;1
ZUIDERWEG;11
Deventerweg;1
Choorstraat;1
Terschelling Paal 24;1
Mater Dei, Lambertushof;1
kleine Steeg;1
EIKENHOF-ZUIDWEST;1
BIEWEG;1
PLAN YPENSTEIN;1
MARTINIKEERD;2
NAGELERWEG, KAVEL J111;1
TUINSTRAAT;6
Rondweg Oost;2
GROTE SCHAAPWEG;1
RIETSTUKKEN 1;1
Tempelplein, Paradijsstraat, Walsstraat, Begijnenhofwal;1
fietsbrug blauwbrugje;1
NE165;1
"Boerderij "" de Aaldert""";1
BOERDERIJ BATHMEN,JAN VAN;1
Zijpendaalseweg;1
BUURSERVEEN;1
Kerk Asselt;1
circumvallatielinie;2
ROODDORP;2
TER BORCH;1
"Luyerskoelen; Ravensbosch; Vogelenzang";1
TEGENOVER STATION;1
De Es;2
OOSTERHOUTLAAN (O.A. NRS. 5, 6, 10);1
OMGEVING;1
ST. PIETERSKERK;2
HENRICUSDIJK;4
BOURTANGERKANAAL;1
Zuidkust Schouwen Deelgebied 8;1
BAKHUISVEN;2
"Auwenhaof; Op de hoeve";2
NOORDHAGEN;1
ZUIDWESTERRINGWEG, KAVEL J8;1
Korte Straat;2
Kiesterzijl;2
Peerboom;1
"WOERD (GROOTE, KLEINE); HOGENHOF";1
POLDER NEDEREIND [ VINDPLAATS 3 ];1
A 3 SLIKKERD;1
Van Loonstraat 22;1
BIJ SPORTTERREIN;1
BAATAKKERS;1
MID 1-4;1
"Venepad; Kavel F1/F2";1
Bolakker;1
TOLLENBURG;6
Enkwal Loenen (locatie 3);1
BIJVANCK;1
Bedrijventerrein Winkelskamp Oost;1
KOOGDIJK;1
DENEMARKEN;1
Gronddepot;1
TERREIN AKU;1
BERG EN BOSCH;10
HARBERS-HEUTINK;1
BERKENKAMP;2
HOOGE BERG;1
Kennemerstraatweg 403-405;1
"Blauwe Torenpad; Gemeenteweide";1
BUITEN NIEUWEDIEP;1
URNENVELD VAN DROUWEN;2
SCHEURRAK VII;1
AERWINCKEL;1
Piesland;2
MAATSTEEG;1
Sandelingen Ambacht Locatie 14;1
"Nijkerkerdijk; Kavel N51/52";1
Huij 6;1
OOSTERBIERUMER POLDER;1
HOFSTRAAT/KATTENHAGE;1
USSELERESWEG;1
GROOTE GAT;4
ZUSTER CASTIANASTRAAT;1
Emmer Esch;1
Sonnius driehoek;2
KAMPERFOELIESTEEG;1
Dorpsbrink;1
ST. GELEYN;1
NABIJ HONDEVELD;1
Kerkplein - Kloostersteeg;1
Ige Galamawei;4
Medemblik N240 en N239;1
Rhiederinklaan 26;1
Heuvelsestraat;1
Kieviterij (vindplaats 6);1
"Kavel Q105; Het Spijk IV";1
De Kaap;1
Hoofdstraat 320;1
Sweikhuizen-Geverik;1
SCHELPHOEK;1
MOLENBERG;20
DWARSWETERING;1
Klein Nieuwland (14NLAN);1
VOORDE-COMPLEX;1
A1;1
Leidsche Rijn Rugbyvelden;4
"HUIZINGE-NOORD; FRAAM";1
BOMENWEG, KAVEL O98;2
Plangebied Oud Arkel;1
KAVEL D64;1
06.035 J.P. Coenlaan 17;1
LANGE GRACHT;1
LANGEREIS;5
ZUIDHAFFELDERWEG;4
Wijnbeek;2
LAGE BOBBERT;2
Graaf Huyn College;2
NABIJ SNOEYINKBEEK;1
PAAL D16/97;4
Beekstraat en Leuverinkstraat;1
"Schokkerringweg; Kavel E163";1
D20 - MARELESCH;1
ZANDGAT VAN VRUCHINK;1
Munnikenweg;31
ZONDAGSBROEK;1
STADSGRACHT(?);1
Kruitstraat/Kruitgracht/Kruitlaan/Gymnasiumstraat/Walstraat;1
HOGE BELT;1
IBA H177 en H726;1
Plangebied de Schaker;2
Groot Bottelsche Akker;2
Kleine Koolwijk;1
"Morgenster; voormalig AMK-terrein";2
Kwartellaan noord;1
Zieken, ongenummerd, naast 1;1
Groene Kerkje;1
JAN KNAP;2
Wylgen;1
SMAKTERVELD;3
Burgemeester van Loonstraat;3
Bornwerderhuizen;1
"OVEREIND 4; voormalig AMK-terrein";1
'SPAANSE WAL' BIJ 'DE PAARDEKOP';3
MRG V ENKVOORTSTR;1
Est;2
WESSEMERDIJK;4
Hortus  HOR;1
Waalkade 1;1
DORPSAKKERS;1
Oudeweg;1
Karbosch;3
2E SELLINGER WIJK;1
EMMER HOOILANDEN;24
Achterhuisland;4
Stefanushoeve;1
AC-RESTAURANT;1
Het Bosje;3
Maaldrift II;1
Oeffeltsche Weiden;1
Luttik Oudorp 20;1
America;1
Beekstraat;4
LOENERDRIFT;1
HELLEBROEK;2
VENHUIZEN;3
Hasselstraat 262;1
Heerlerweg;2
'T HOOGE;2
LOMMERBERG;3
RINGSLOOT;1
WEERDINGERVELD;1
DE LANKERD / KEUPERHEIDE;3
KERK VAN BERGHAREN;1
ERVE DAALWIJK;1
Haasdal;1
KETELENBERG;1
OMGEVING VOORM. ADELBERTUSKAPEL;1
KERKEDENNEN;1
DORPSKERN WAMEL;1
"RIXTEL ; DUIVENAKKER";2
Baron van den Bogaertlaan;3
Eind van Den Hout;1
Haarpad/Joostenlaan, voormalig AMK-terrein;1
IMSTENRADEBOSCH;2
ACHTERBLOK;1
VOORSTERVELD ACHTERSTE VOORST;1
LOVEREN;4
ESPELERWEG, KAVEL D60;1
"Schinvelderstraat; Huis Rozengaard; Huis Cluttenleen";1
DE ROEMER;1
Lungendonk;2
ROMEINS MARSKAMP;1
Dommel ten Oosten Nederwetten Kerkhoef;1
"Knardijk; Kavel D15";1
G NR.264 KAD.ARNHEM, SCHAPENDRIFT;1
polder Albrandswaard;2
De Vorsel;1
LANDSWERF;1
AALTINKSWEG 8;1
Zebrapad;2
TOLHEUVELS, BELVERSE AKKERS, HET HOOG;1
ZUID SPAARNDAMMER POLDER;1
Wallen van Aardenburg-Zuid;1
"3 Noteboomenlocatie; Nieuwe Gouwe Oostzijde; Kattensingel";1
ZEELBERG;4
OOSTWOLD;5
WAALOEVER;1
FOKKO KORTLANGLAAN;1
DAF FABRIEK;1
OOSTKAPELSEWEG;1
pand De Huasco;1
Jeugdherberg;14
"SWAANENBURG; KLEINE BOSCHBEEK";4
Nieuwe Kerkweg 63 te Wehl;1
DIEDENWEG;6
NABIJ GULIKERSWEG;1
"Levendaalse Weg ; Laareind";1
Beerseveld;1
GOLLARDSHOEVE;2
HOENDERHOEK;1
SCHIPSLOOTSKAMP;1
BURGERKAMPEN;1
POLDER K;1
MALLEMSCHE ES;1
DUKESVOORTEN;2
ST. LAURENSKERK;2
MOLENSTRAAT 55;1
MUNNIKENVELD / WIJCHENSE VEN;2
RBP 031;1
KERKWIJK;3
Lohofstraat;1
LANGS OPPERKOASTERWEI;1
LENDERINK/LANDWEER;1
PAR AKKER;1
HUIS HET ADDINK;1
TWENTSE WEG;2
POLDER DE ZIEN SCHOLEKSTERSTR;1
Vloodmolen;1
T O NESTLE;1
"ORDERBOSCH ; GERMANENKUIL";3
HARPEL;1
KERKSTRAAT;46
PEPERSTRAAT;4
Hotel van Tilburg;1
Moddermanplein;1
BIDDINGRINGWEG, KAVEL M11;1
KOEVERING;2
TEDINGERBROEKPOLDER-LEEUWENBERG;1
"WOESTE BERG; LANGUEDOC";1
Boeimeerlaan;2
Polder de Grote Nes;1
Plangebied Donderen;1
Ossenweg/Jurjaneweg;2
Golbaan Gendersteyn;1
Loovelden Riolering;1
BINNENSTAD (VM. ST. ANTONIUSSCHOOL);1
Linie van den Hout;2
HOGE WEID;2
LEEMVAART, KAVEL T35;1
"Knardijk; Kavel D16";1
Grauwe Beer;3
Schimmelpenninckstraat 23;1
Oosterschelde Colijnsplaat 1;1
KORTE VOOR;1
IJSSLSTEINSEWEG;1
Gooiseweg-Gooimeerdijk;4
WILDERBEEK;1
Sportvelden fase 1;1
AALKEET BUITEN 50;1
KAVEL E174 (LOKATIE 1);1
GULPERBERG;4
Zandvoortsestraat;2
ACHTEREIND;2
HET BILLICH;2
SCHAPENDRIFT;2
"HET TORP; 'T (BEHOUDEN) DORP";1
Geerpark;1
SCHMITZSTRAAT;1
VOGELZAND III;1
Eerste Zeine;1
Hoenderboom;1
Maaskaden;3
"Boxweide; Eendenkooi";1
FAAN;1
NIEUWE TIEND;2
Abcoven, Guido Gezellelaan;1
Mr. Vermeulenstraat;1
DALMEDEN;5
"Terschelling Boschplaat; Paal 27,8";1
AALSBERGEN II;1
NOORDZEEKUST VLIELAND 3;1
HOFLANDERWEG;2
Delfshaven Compagniekwartier;1
WEDDERHOFTE 30;1
"HONDSROG; WEKEROMSE WEG";1
"Hoeksestraat; De Heiningen";5
"Noordermiddenweg; Kavel C82";1
De Pol;2
OOSTERDUINEN;3
6.OOST KERKEVELD/NOORD DOMMEL.;1
Heiakker-Kloostereind;1
Hondelsveen;1
ZANDWEG BIJ GROOTE BEERZE;1
De Duintjes, Tweede Doodweg;1
HOEK PEPERSTRAAT SCHOUTENSTEEG;1
"DEKEN POMPENSTRAAT; GODSCHALXSTRAAT";1
"De Duiventoren ; Remmerstein ; Cuneraweg";1
CASTELLUM MEINERSWIJK;1
BROEK- EN ROOLANDPOLDER;2
BEEKSE HEIDE;1
Eeclosche Watergang;1
HOOGSTRAAT 7;1
Draafsingel 57-59;1
WESTEINDSCHE STUKKEN;1
"(VML.)LANGVEN; PANNENHOF";1
Heuvelakkers;5
WOUDPOLDER;7
"BRUGGELEN ; HEIDEHOF";6
Antoniusstraat;2
Dorpsstraat 16;1
"ENGELSE KERKHOF ; PAARDENMARKT";1
HET HUIS TE OOSTERWIJTWERD;1
HOOIBERG;2
DE BUUS;1
De Wildhof;1
Hertentocht kavel T46;1
BEVERMEER;2
UILESTRAAT 6;1
BROEKSTRAAT;6
Hoek Schijfweg Noord;1
VRESSELSE AKKERS;1
Vlierweg, spoor;1
SPAARNE 73 (HOEK BARNESTEEG);1
Vrouwenpolderseweg;1
ASSENDELVER POLDER-SITE 4;1
DERDE BAAN;2
HOOGE WIERDEN;2
JEURISSEN;3
"Torenstraat; Raadhuisplein";1
LEVENDAALSE WEG;3
MUSEUMLAAN;1
KERKVELD+OMLIGGENDE PERCELEN;1
WITTE HERENSTRAAT 43;1
"Staartweg; Kavel D113";1
DE KAPERS;1
Aan Hommen;1
Visveldsestraat-Acacialaan;1
Kasteel Hoogwoud;2
Enderakkers;1
WELLE;2
"Welschenheuvel; Urmonderbaan";1
IEPERKOEN;1
"Nistelrodeseweg; Ruitersweg-Oost";1
STICHTING LINDENHOUT;1
VOLKERAKSLUIZEN;1
DRIESSEN;2
"SLIKPOLDER; DE ZANDBERG";1
Schuitengat 1;1
"Zijderveld ""einde Dorpsweg""";1
Hasselt;2
KIJKDUIN PAAL 107;1
ESDOORNSTRAAT;2
Montfoort- Mannenhuisstraat 8-14;1
ONLAND 5;1
Vathorst VII - aorta;1
GROTE ZAND;2
"ST.CECILIA-KERK; VML.SCHUURKERK";1
Voormalig AMK-terrein M9383 / CMA37B-049: Dorppolder;1
Merkelbeek - de Kling/ Groeneweg-Merkelbeekerstraat;1
DOBBEN;1
GRIENE DYK;2
KUINDERWEG, KAVEL M68;1
Munnikenweg - Enecohuisje;1
VINKENBUURT;7
VOORMALIG HUIS PALENSTEIN;1
BEDELDIJK;3
Wierde Nansum;1
ROLDE-FIETSPAD NAAR GROLLOO;1
NOETSELERBERG;1
"Buitenomme ; Herenstraat";2
Koornstraat 28a-32;1
POLDERSTRAAT;1
Zevenmorgen;1
Gouderaksedijk 115;1
"Voormalig AMK-terrein M10450: Hoge Giessen; Minkeloos";1
Bentinckstraat-Korte Dijk;1
Kattenburgerstraat 7;1
HARENSESTRAAT;2
AMBTMANSTRAAT;1
EDE;2
OSS;1
SINGEL '40-'45;1
SLEENERZAND-GALGENBERG;1
SCHERPENHEUVEL;1
DEN HOEK;1
OELEHOF;2
VELDER;1
VLENGENDAAL;22
DE ZITTERT;19
Bloemendaalseweg, kop van de Zijlweg;1
KONINGSPAADJE;11
Domineeskamp;1
K NR.99 (KAD. ARNHEM);1
Noordzee Eurogeul 19 NCP Blok P18;1
SMEERLAAN;1
ENKLAAN;1
"Mansholtweg; Kielekampsteeg";1
06.190 Thomas a Kempisstraat;1
GROTE OF ST. LAURENSKERK;1
FOULKESTRAAT;1
Drie Beeldjes;1
"ERMELOSCHE HEIDE ; DRIESCHE BERG";1
HUIS DE PIEPERIJ;1
Berkter Hei;1
Vier Noorder Koggen;1
HAULERVELD;1
metro Groenendaal II;1
Strabeekerhof;1
TJISSEBUREN VIER;1
ZANDERIJ, voormalig AMK-terrein;2
OUDE POSTELSEWEG;1
DE LIGT II;1
RADESINGEL;1
BREDEVOORT;1
POLDER VAN NOOTDORP;1
DE BEIJERD EN 'T RIET WEST;1
SOMERENSCHE HEIDE;1
"Vogelweg; Kavel E32";1
ZUIVERINGSINST.;1
Vilgert;6
AALKEETBUITENPOLDER;1
Oranjezonsprink;1
GEMMELANDWEG;1
Ittervoortt;1
Oosteinde 70/70A;1
"Voormalig AMK-terrein: Polder Nieuw-Bonaventura; Eerste Kruisweg";1
Bossche Weg (bij Villa Catharina);1
"GIESEHEMEL NRD; ROZENDAAL;HET HELDER";1
Plangebied Napoleonsweg;1
VINKEGA;1
SNEEK;1
Hoogmadesche Polder;2
NIEUWE GRACHT (NOORDZIJDE);1
VOORWEG 144;1
D5 - NOORDSCHE VELD - ZUID;1
REESTRAAT;1
Linge Kapel-Avezaath 1;1
Olststraat, Raaltestraat;1
MEIBOOMKENSWEG;1
Binnenbedijkte Maas/ Polderdijk;1
MIDDENDORPSTRAAT-WEST;1
Marissen;4
PEPPELENWOERD;1
Weversteeg;1
GROOTRAAI;1
GROOTE LINDT;2
Reeweg 5;2
VALTHERMEER;3
ERVE LAGE SCHAAR;1
Anthonispoort;1
TERWOLDSEWEG;1
NOORDSLENERVELD;2
"Voormalig AMK-terrein M4067: Centrum; Buitenhof";1
KRICHELBERG;1
HANNIE SCHAFTWEG, KAVEL J98;1
Smidsstraat;2
HAMBURGERSTRAAT;5
06.023 Jonkvrouw v. Naaldwijklaan 25 (Oud: J.P. Coenlaan);1
Meelstraat;1
BROERSTRAAT;1
HAAG;3
Bremer Wildernis-Zuid;1
Kanaaldijk;3
KASTEEL AASTEIN;3
De Breul;3
Grotestraat 266;1
BOSCHVELDEN;1
Kasteel;6
ELSLOER HEGGE;1
ST.-JOSEFZIEKENHUIS;1
HILDSVEN;2
VINKENBURGWEG;1
Kerkbuurt 27;1
PARK VRONESTEIN;1
"'t Leenderbos; voormalig AMK-terrein; Bruggerdijk; Hasselsvennen";1
HOLENBERG;3
De Weijenbergh;1
Rouwbroek;2
K NR.98 (KAD.GEM.ARNHEM);1
ROOMPOT HOMPELS;1
MEDEMBLIK;124
STARRENBOSCH;3
DUIKERSLOOT-ZUID;3
Oude Winschoterdiep/Weg der verenigde naties;1
Grotebrugse Grintweg;1
DE KREIL;1
Hoge Berg;1
LAAREIND/HEIMERSTEIN;1
VOET TONNEBERG;1
SMALHORST;1
NIEUWE GROENMARKT 6;1
ZOEVERLOOP;1
Brederostraat;1
HETEREN-DORP;1
Het Torp;2
Westvest52 en 54;1
BUURT 1;1
NOORDER HAM;1
Binnenstad Harderwijk;1
"WILLEMSBOSCH ; HOOG BUURLOSE WEG";1
Doornkade/Lange Weg;1
MAAIKANT;2
"ZONNEOORDLAAN; WOUTERSWEG";1
Stadsschuur;2
S.L. van Alterenlaan;1
Weijererf;1
BARNEVELDSCHE BEEK;1
Grindweg. Westkapelseweg;1
Vlakke Berg;1
ROMEINENPLAATS;1
BEREBOOMSTUK;1
Weidevenne;9
NOLDERHOEVE-ZUID;1
"Rassenbeektocht; perceel Nz9";1
"Sterkenburg; Sterkenburglaan; Langbroekerdijk";1
Dromkreek - Oosthoekse Dijk;1
KORTE HEMMEN;1
Graafdijk-Oost 16;1
MIDDELHOVEN;2
Plangebied Heijckmann terrein;1
Voormalig AMK-terrein M2680 / CMA28F-A04: Grenspaal 81;1
ROODENHOEK;1
"KAPELLEBOOMKES; VML.ST.ANTONIUSKAPEL";1
"Polder Haarrijn; Enghlaan/Kantonnale Weg; Ridderhofstad Den Engh";1
DORPSTRAAT/VEENKADE;33
KLEINE HOUTSTRAAT 41A;1
BREESLOOTDIJK;1
Ten Hoetstraat 20;1
Stadsgaten;1
Oss-Klaphekkenstraat;1
SAPPEMEER;1
Kerkstraat 14;1
Overheicop 15;1
Ooskapelseweg;1
Klooster Klaarkamp;4
KADOELERWEG, KAVEL T88;1
Meterikse Veld;1
N261 Ecoduct Kraanvensche Heide;2
HET AFGEBRANDE GOED;1
RAVENSE HOUT;2
Wilhelminalaan, Den Boegent, Lokbossen;1
Delbuurtserweg;1
Kapelstraat Ophemert;1
"Stoofweg; Den Berg; voormalig AMK-terrein";1
De Pan;1
REDEWEG, KAVEL P41;1
VELUWEMEER;2
Halstraat;1
Dirksveldwoud;1
Noordeind;1
KUINDERWEG, KAVEL M133;2
Sint-Pietersberg;1
Stelweg;1
Maalbroek;1
Bogardstraat 18 en 24-28;1
HEKBERG;1
Maastrichterweg;5
GASTHUISSTRAAT 6;1
COLDENHOVENLAAN / OUDE CAMPSPOLDER;1
Raar;1
VELDHUIS;6
Voormalig AMK-terrein M13648 / CMA28D-A19: Bullenaarsweg;1
Russchevliet;1
De Brabander;1
OMGEVING GELE RIJDERSPLEIN;1
Grotestraat 36;2
VLAARDINGSE WEG;1
de Venakker;1
DOORNDUIJN;1
Rijkstraatweg 153;1
LUTJE LOLLUM;1
GOUDRIAAN;2
VERBINDINGSWEG 31-33;2
Bentincklaan Leersum;2
"(TEN N) ALVERSCHOTEN; SPOORLIJN";1
Rolduc;5
OUDE SLUIS;1
HUIJLTERVELD;1
OSSEMARKT;1
20 AGGELEN;5
"TEERSDIJK; WOEZIKSESTRAAT";2
Plantage Willem III;13
SCHEVENINGEN PAAL 98.750;1
BOSRUITERWEG, HOGE VAART, KAVEL LZ26;1
KUILKENS GREEND;1
Graafschapcollege;1
PAPENBEEK;1
Tweede dam in polder Kort en Lang Ambacht;1
Vrijstraat;1
KEUTELBEEK;4
Surfplas-Zuid;2
D2;1
NIEUWLANDSCHE BOSSCHEN;2
Hoog Ommel;1
Abbeweersterweg 4;1
KLIMMEN;4
OXERSTEEG-VOORMALIGE SWORMERTOREN;1
ELKERZEE;6
ONDERKAMP;1
LEEMHORN 3;1
RANSWEG KAVEL P66;1
VAN SCHAGENSTRAAT;1
Lange Voorhout;1
"""KRUIJDENBASTION""";1
BORCULO;6
MONNIKETERP;2
LANGESTRAAT 54;1
DE BELDERT-MAURIKSESTRAAT;1
AA;6
Maarnse Berg, Hydeparklaan, Voormalig AMK-terrein;2
Picardenlaan 4, Biesland;1
STADHOUDERSMOLENWEG, voormalig AMK-terrein;1
TUNGELROIJSCHE BEEK;1
Mierbeek;2
BEATRIXLAAN-RIJKSWEG 19;1
WINKELMADEWEG;1
PROF. BRANDSMANWEG, KAVEL E84;1
KERKSTRAAT 8;1
KETELLAPPERSWEG;1
Ommen Oost - Otmansweg Noord;1
WOLDHUIS;1
01.008 Maassluis Hoogstraat/Wip;1
ELFVEEN 1;1
ACHTERWEG 4;1
Burgstsedreef 7/9;1
Poldermolen de Biks;1
Duinstraat;1
Molenspoor;1
Voormalig AMK-terrein, Broekhuizen;1
"Galgwanderveen; Landgoed Terborgh";3
Rozendaalsche Veld;7
LINDERVOORT/SCHOOLMEESTERSWONING;1
BIJ DE TASBEEK;4
Noordzee Blok G18 wrak 1;1
WAGENINGSCHE BERG;1
KNVB SPORTCOMPLEX, voormalig AMK-terrein;1
Nieuwe Keizersgracht 92 (Occo's Hofje);1
OELOVEN;1
"Hoogstraat; Rozenoord";1
MEERBOOM;4
IJPOLDER-ZUID SPAARNDAMMER POLDER;1
TJUMMARUM;2
KRAKEN;1
HEEZENSTRAAT;2
Roode beek;1
KNIPHORSTBOSCH-ZUID;1
BEEKSTRAAT;8
OOTJE REP;1
BELVERT;1
Domburgs Schuitvlot;2
BORGBARCHIEN;2
SALVERD;1
Hoogerwerf;1
DE TWEE MORGEN;3
STREUKEL;7
St. Pieterskerk;3
Openluchttheater;1
WOESTE HOEVE;1
HUILERVELD;3
VERWULFT 11;1
Voorstad 11-17;1
dorpstraat;1
DISSELHOEVE;3
AALKEET BUITENPOLDER;6
OOSTEREND CENTRUM - SINT MAARTENSKERK;1
Almenseweg;1
Korte DDlft 6;1
HOOGMADESE WEG;1
Ribbelheideweg;1
GROTE VELDSTRAAT;1
BAEXEM;3
"Schokkerringweg; Kavel E131";1
Gemmahoeve;2
Oostelijke Poeloever;1
Bachplein;1
"HARSKAMPSE ZAND; DE KEMPFLESCH";1
D44-WESTENES-ZUID;1
VEENESLAT-ZUID;1
VEENENDAALSESTRAATWEG;5
de gouden leeuw;1
Kasteel Nemerlaer;1
MUNEWIJK;1
Deelterrein III;1
Sporthal;2
HOGE WOERD-'T ZAND;1
VLEDDERMADE;2
KAPELHOF;1
VALTHER BOUWKAMPEN;4
LANDSCHEIDING OOSTEINDE;2
KAVEL N4;1
Valkenburgerweg;9
Dijk en Burg;1
BRUNINKSWEG;1
DE STELLE;1
Wolfsberg/Loose Kamp;1
SWEIKHUIZEN;1
KAPEL BIJ DWARSDIJK;1
"Oranje Nassau's Oord; Kortenburg";2
VLAMINGSTRAAT 16, 18, 20;1
FOPPENPOLDER;1
Castellum Fectio;1
De Sumb;3
GERBERGAWEG;3
Terschelling Paal 26, 3;1
Van Schaeck Mathonsingel;1
VROUWKES DRIES, OEKELSE PLAK;1
VATROPPERWEG;1
Hoge Akkers;3
WIJLERBAAN;3
Lukwelpark;1
Churchillsingel Jacob Janszn Cockwoning;1
AAN DE OUDE GOUW;1
EXLOERVEEN;1
Beugen Zuid II;1
Molenstraat 72;2
Schakenbos, locatie GGZ Haagstreek;1
Sandenburgerlaan, voormalig AMK-terrein;1
DEURVORSTERPLAATS;1
16.87 AALKEET BUITENPOLDER;1
Sluisweg/Hunsingoweg;1
Ten westen van het industrieterrein;1
Plangebied Waterpartij;1
Krichelberg;4
DE BISSELT;2
Hasselstebaan;1
03.003 Kesperweg (vijfsluizen) 1985/1986;1
LAAGEIND;1
BURGGRACHT;1
WOLDWEG;2
Voormalig AMK-terrein M15374 / CMA30F-A02: Munnikkenpolder;1
Trimunt, Kloosterweg;2
ALPHENS WEG;1
BEVERVOORDE;1
ACHTER HET ESBROEK;1
DE MAATSTEEG;1
OOSTERVELDJE-VALTHERWEG;1
Rivierenbuurt;1
"NOBELSTRAAT; DS JONGENEELSTRAAT";1
STROSTEEG 13;1
GROOTSLAG;776
HUIS TE VOORN;4
Burgemeester Elsenweg;3
BUITENWEER / 2E KAMP;1
Menegoor;1
Beusichemseweg, Hoogdijk;1
Molenstraat 47-53;1
Zwarte Sloot;8
OUDLEUSENER VELD;1
TUMULIBOS;2
Ekkersrijt-Onstade;1
Heesbeen, Grotestraat 41;1
BOMENWEG, KAVEL O97;2
Schardam 31 en 31a;2
BIJ LUBBINGER WEG;1
Streekziekenhuis;3
DUNOWEG;4
WETERINGSWAL;1
Tolkerdijk;1
WETERINGSTRAAT;6
KAVEL H71;1
Stoomgemaal Blauwe Stad;1
ACHTERTUIN RIJKSMUSEUM G.M. KAM;1
Eindhoven, Hoogstraat;1
ST BONIFACIUS KERK;1
Hogeweg 99;1
Sijtsma's terp;1
Terpzicht;1
Wegverlegging Frieslandweg;1
ENGELER-MEER;1
KOOLSTEEG;1
MARGRIETSTRAAT;1
TONGEREN, DE DONDERS;1
Cluster 1;1
Oude Diep (15159) / Oude Diep zuid (15160);1
Rijpersweg - Ouden dijk;1
Landgoed Welna;2
KERKWERVE;1
Oud Beijerland 1;1
Oostenrijksebuurt;1
DE DALLEN;1
NOORDZEE BRUINE BANK 2 NCP BLOK P10;1
Terracottafebriek Martin & co, Lageweg 8;1
It Raksein;1
Abcoude Zuid. Nieuw woongebied;1
KASTEEL DUSSEN;1
Moerwijk Oost;1
AALKEET BINNEN 042;1
De Hazenberg, De Ginkel, dierenasiel;1
"Noordelijk benedeneind; Benedeneind noordzijde; voormalig AMK-terrein";1
Lange Akkersweg;6
STEFANUSHOEVE;1
Vlek D;2
Landgoed De Lathmer;1
Dunse bergen landgoed de Utrecht;1
KRIJTSTRAAT EN ZUSTERSTRAAT;1
Haven;2
DOORNWAARD;1
Lansinkweg;3
"ESCHARENSEVELD  ; CUYKSE STEEG";1
Groote Veen west en oost;1
Oldetrijne;1
DE KEENENBURG;2
"Kozakkenberg; Putterbosch; De Laak";1
HOFPOORT;1
Oeffeltse Raam;3
05.027 Broekpolderweg;1
Structuurweg;1
"SLOT STEYN; KASTEEL STEIN; STEIJN";1
ZUIDERVELD OOST;5
Graswijk;2
WAALSINGEL EN R. VISSERSTRAAT;1
HOOGMEIDEN;2
Oude Molensedijk;1
HERTENTOCHT, KAVEL Q98/Q99;1
PRINCEVELD;1
BERGHEIDE (AFGRAVING VAN HEUR);1
amersfoort;1
STICHTSE RAND;3
DE HOOGTE;3
"Noordelijk benedeneind; Benedeneind Noordzijde; voormalig AMK-terrein";1
Westelijke Amerongse Bovenpolder;1
PAPENHOEK;1
loohorst;1
Diepestraat te Arensgenhout;1
OOSTKANTSCHOKLAND KAVEL P23;1
"SPRIELDERBOSCH ; DE LAAK";1
KELLSE VICARI;1
HOOGWEG;2
ONDERWEG 43;1
Veerstraat 35;1
Watertoren, Hofplein;2
Muurhuizen 62-64;1
NIEUW-RODEN;1
GEUL VAN DE BANJAARD 3 NCP BLOK S5;1
Zuidpolder-Vrouwenpolder;1
Veldhuizen A;1
"UITERWAARD; VEERWEG";1
ARKEMHEENSE POLDER;5
KERKEPAD;3
BURGWAL;3
GRAADT VAN ROGGENSTRAAT;1
V & D - BOUWPUT AAN HET VREEBURG;1
BIJLESTEEL;1
DE LUTTE-BEUNINGEN;1
'De Giessenburg';1
Pothuizerweg, Zeldenrijk;1
Wichmondseweg;1
GROTE MARKT 2 (STADH. KELDER ZIJLSTRAAT);1
Op den Billick;1
Terpeleane 3;1
J. KAMMINGAKADE 29;1
SCHOOT;1
KERKHOFSTRAAT;1
MATSLOOT NOORD 12;1
KERKWEG I;2
MARSLANDEN;2
SCHIMMELARIJ;1
Wagenbroeksloopje;1
Engelsestoof 18;1
ERVE DE OLDE GRAVEN;1
LEKBANDIJK;1
Steendervalsweg 28;1
NOORDBARGERESCH;2
1,5 KM T.O.V. DE MEERNHOF;1
MARIAVEEN;4
Beegden;1
POLDER KP;2
"Vestingwal; Koepoort";1
LAND VAN H. LEUVINK;1
OUDE GROENMARKT;2
HEIDEHIEM;3
LESEM;4
GENOENHUIS-SITE I;1
HET LIJNT;7
Escamplaan Ready terrein;1
Lemelvelen;1
TRAA;1
Hoeve aan de Oliemolen;1
DERDE OPGANG;4
HOPWEG, KAVEL L76;24
Markslag/Witte Veen;1
FRANSE HOEF;3
Markermeer Kuil van Marken 1;1
INDUSTRIEWEG;1
KLEINE KATWINKEL;1
CAMPUS ELBEREVELDSTRAAT;1
BOSCHKANT;1
OVEZANDE;1
Oud Brabers;1
SPAANDERSTRAATSCHE AKKERS;1
STEENENBERGWEG;1
MARGIJNEN ENK;2
DE POELAKKERS;1
De Scheifelaar;2
"OUD GROEVENBEEK; GROEVENBEEKSE HEIDE";2
fietstunnellocatie N9;1
"Engelse Schans; Vragender Veld";1
POLDER GIESSEN NIEUWKERK;1
raar;4
't Woold;1
"Palenweg; Kavel E161";1
APPELSCHA;8
Roode Baan;5
NOUWENHOF;1
DORPENWEG BEATRIXSTRAAT;1
"HOEK VAN HOLLAND; OBJECT 2";1
STENENKAMER;1
KAMPERWEG, KAVEL P83;1
Wildschut, Strijp;1
"DEN HOOGERT ; ST.LAMBERT";1
Kleine Wijk;2
Verlengde Lodewijkstraat;1
't Karrewiel;1
Bossche Weg (voor Villa Catharina);1
"GEBOUW ""DE UITHOF""";1
De Franse Batterijen;1
Vismarkt 6;1
"GROOTE STAAT; MUNTSTRAAT";1
Zonnetij 'Het Klavier';1
Eenselaar;1
De Dominale Mijn;1
Kolonieweg, Strandheem;1
HILVARENBEEK;1
KERMISBERG;1
Rijckse Wetering;1
"Westermeerweg; Kavel D12";1
Revebos, kavel O64A;1
T HASELT;3
WAALSE WEG 9;1
Veronica (nieuwe weg) Huissen-Bergerden;1
VAN HEUTZPLANTSOEN;2
DIPHOORN;1
Sportpark 't Nieuwlant;1
GROEVE LUIJTEN;1
Goudwesp;1
LAATWEG;1
BEEKSTRAAT-EHV/BE/93;1
Kapelle Smokkelhoek, Perceel S178;1
STEENSTRAAT 33-35;1
BIJ OLIDAM;1
Linnerstruik;4
BEVERWEG, KAVEL H61;1
HONDELBOSCH;1
EENER VELD 3;1
Holy Zuid-oost;1
SONSCHE HEIDE;2
STILLE MARE;2
DE KREMMERS;1
VEERSCHE POORT;1
Zuidoevers Zuidlaardermeer;1
TOLSUMERZIJL;2
COPERNICUSSTRAAT;1
Vrijstraat 28;1
DE ESCH;5
GEMEENTEHUIS;14
Zuiderpolder;4
HUISAKKERS;1
TONCKENSBOS 13;1
RHOODERTERP;1
De Sypel;2
Universiteit Leiden;1
HOGE WEIDE;13
ZIJTWETERING;1
ROUWEGRAAF;1
APPELGAARD;1
HUIS TER MEULEN;3
ONLAND OVERVAART 1;2
BAARBRUG;1
Brinkpark;1
Borgterrein Harsens;2
Boschkens;1
RBP 013;1
Smitshoek 1210;1
MARUM;1
Oostwaard 9;1
VOORHERTME;1
Fort Oranje 7;1
Noordpoortplein;1
KLOETINGE;4
Horster-Zoomweg 30;1
VOORMALIG KLOOSTER GALILEA;1
wolfsbosweg;1
RK SCHOOL;1
EENDEKOOI OOST;1
NOORDZEE EUROGEUL 8 NCP BLOK P18;1
Albert Schweitzer Ziekenhuis Dordwijk, Gezondheidspark;1
HEIMERSTEIN;6
Bremer;1
OVERTOOM;1
KAVEL Q31/Q32;2
ERVE WOLFERINK;1
Crematorium;1
OUDE KERKSTRAAT 9;1
GALECOPPERDIJK;2
VEENSLATGOOT;1
Kersdijk;1
ROTSCHE WEG;1
N743 Hertmerweg/Het Hulscher;1
LIJNDENBOSCH;2
RIPSVELDEN;1
OUDE DIEP-NOORD;1
wijk 5-74;1
Voordam 13/Zijdam;1
Pontweg;1
ERVE SCHOLTE;1
KASTEEL HEUSDEN;2
Achterdijk/Empeldonk;1
Kavel F46;1
Landschapselement B;2
TEN Z. VAN HAELENERWEG;1
MENISWEG;1
STUK ACHTERMADE;2
DE KLEIS-OOST;2
Steile Bank 2;1
ZOUTEVEENSEPOLDER;2
KOLTHOORNSEWEG;2
01.008 Marisstraat / Gedempte Biersloot (Groene Kruisgebouw);1
HUIS TE VOORST;1
PAARDENKERKHOF;1
Heachhiem;2
Dominicusparochie;1
BLOEMSINGEL;2
Molenbelt;1
NOORDBROEKMADEN;5
EYSDERWEG;2
Floriade, Deelgebied 7, zone A,B,D en F;1
Kollenburgweg 6 te Didam;1
"GANTELWIJK; DE VIJF HOND";1
locatie 16;1
Rosmolenstraat;1
HUIS DIEPENBROECK;1
GAVI-kavel;1
HENGELOSE ES;1
WESTERFLIER;1
KLOOSTERHOEK;1
Pannerdenseweg;1
Edith Steinstraat;1
Nieuwland III;1
Winterdijk;2
VLIETLANDEN 02;1
VROOMSHOOP;8
DE LEEGMAAT;1
Sassinga;1
01.037 Markt 31 Gat in de Markt;1
LOCKWIRDE;1
LANDBOUWER HOLTKAMP;1
ASSERSTRAAT;1
Boschkens Bakertand, deelgebied 4.2;1
CADZAND STRAND;1
HAVINKHUIZEN;1
De Rhederhof;1
WILLEM DE RIJKELAAN;1
KOSTERSWONING N.H. KERK;1
BURG V D WIELSTRAAT;2
Walbreukergraaf/Egelbroek;1
HET VONDEREN;2
BIJ DE KLEINE PLAK;1
HOOFDSTRAAT 1;1
Sportpark West;1
Winckelweg;1
UGCHELSE BOSCH;2
ENTER VEEN;1
DORPPOLDER 04;1
locatie Klinkhamer;1
De Geer II;2
SCHOUTENWAARD;1
Het Oosterveld;1
ROZEMARIJN;3
"Roggebotbos; Kavel N45";1
LOSSER ESCH;2
06.019 insulinde/ceramstraat;1
"KASTEEL AMMERSOYEN; AMMERSOIJEN";1
Rhijhofweg II;1
"DE HORDEN; ESWEG 3";1
POLLAND;1
POLDER NEDEREIND;6
BORGERDERWEG;1
Boveneind-noordzijde 102, voormalig AMk-terrein;1
GROOT BEDAF;4
Oranje Weeshuisstraat;1
RAADHUISLAAN 15A;1
Dionysiusstraat;1
HUNEBED D10;1
Zwiepseweg 30;2
VOLKSTUINTJES EITEREN;1
Stadsmuur bij de Langestraat;1
"SANDERBOUTLAAN II; VINDPLAATS 8";1
St. Rosastraat;1
vrouwenhof;1
ZITTERD;3
STAMPERSHOEKWEG;2
ZOELMOND;2
grote heide;1
KLEIN-MELENBORG;1
BUURTSCHAP KILDER;1
RIETGREB, OOSTKANT;1
HET EVERLOO;1
Westhof, vindplaats B;1
Grindweg;7
Gebroeders Gootjesstraat;1
PANDHOF VAN ST SERVAAS;1
HASSELO;1
KATS 1;1
Loven, Kommerstraat;1
Rijssensestraat;1
FIETSTUNNEL CUNERAWEG;1
MARIAHOEVE-ZUIDOOST;2
Vijftienhonderd gemeten;1
DE ZEVEN MORGEN;2
VOER;1
GROTE WOLDWEG 86;1
Melding 1- oude spoorbrug over de Eem;1
Oostperkweg;1
Benschopperstraat 15/ hoek Schapenstraat;1
SCHIJFWEG;1
ZWARTENDIJKSTERSCHANS;1
Valkkoogerweg;1
Leukerbeek;1
HOLSLOOTBRUG;1
DE WERFKAMPEN;1
OOSTERHOLT;1
"AARDSCHOTEN ; J.C. WILSLAAN";1
KALFBERG;1
"Lindeveld; Holstraat; Cijnsberg; voormalig AMK-terrein";1
DUIVENDIJKE;3
DIJKSTUK;2
SINT-JANSTEEN;1
ZIJDE WETERING;1
Roligt;2
De Grote Aalst;3
HUIS DE VOORST;1
SPAARNBERG;1
"Oude Arnhemse Bovenweg; Ludenbos, voormalig AMK-terrein";1
IJZEREN;1
VOLTHE;16
KLAASTEEN-WESTERSE VELD VAN TOLDE;1
DE VELDENKAMP;3
"Molenpad; Den Arend; voormalig AMK-terrein";1
Nieuw-Herlaer;2
Kasteel Busselen;1
Herstraat (Terreinen A tm C);1
't gat van Smallegange;1
"KANAAL VAN DEURNE; ZWEMBAD";1
WAGENINGEN;4
HET RAD VAN AVONTUUR;1
KAVEL K41;1
HUNEBED D V;1
HOUTMANSPLANTSOEN;1
EVERGUNNEDIJK;1
hoek Brabantse straat/Kleine Koppel;1
RIDDERSTRAAT-SINT JOSEPHSCHOOL;1
"POLDER MIDDELBROEK; MIDDELHOEVENSE WEG";1
HEESERVELD;1
HOOGAKKER;2
VOORSTE DIEP-WEST;1
SCHUITWATER;2
RING-WESTSTRAAT;1
KOELBROEK;10
GAMZ, vindplaats 42;1
LOOIERBROEKZIJWEG;2
Warreboslaan;1
Kleine Lindt;2
"Dunnenbosch; voormalig AMK-terrein";1
INDUSTRIETERREIN NOORD;1
STATION SUAWOUDE 2;1
DE COEBEL;1
Sijtwende;1
RIJSTER BOSCH;1
Brunninkhuizer- en Schabosbeek;3
A12 GINKELSE HEIDE;2
De Scheifelaar I;1
ROOSENDAAL;2
"IN DE WEERD;";1
OOSTERDALFSEN;4
"VOORSTERVELD; DE VOORST";1
DORPSSTRAAT 55;1
Krispijn III;1
"Weldamme; Hammen 2";1
BIJ RW 36;1
"Ramsweg; Kavel E172";1
PEELSCHE HEIDE;1
ZANDGROEVE ACHTER WITTE HUIS;1
SPORTVELDEN RONDWEG;1
HORZAK / NEERVELDSTRAAT;1
NOORDHAGENS;2
Wilgenkade 14;1
Op den Dries;1
PARADIJSLAAN;1
Oude Kerkstraat;4
De Groene Driehoek, vindplaats 1;1
OUDELANDPOLDER;5
NOORDSE VELD 1;1
leidingtrace tussen de NAM-locatie;1
EESERVELD-NOORD;1
FUNDAMENTEN LUDGERUSKERK;1
Lateraalkanaal West - noordelijk bekken;1
't Waal Vennegien;1
Groene Kadeweg;1
pasnagelhof ammerzoden;1
Dorpsweg 160;1
kasteel duinendaal;1
KRUISWEG (STATIONSPLEIN TOT L.HERENSTR.);1
BERGER HEIDE;1
SITE F;1
NOOR;2
OUDEDORP;1
Oude Zeeweg;1
WESTLUIDENSESTRAAT;1
ST. JANSSTRAAT;2
"Rivierduinweg; Kavel H27";1
Noord;2
RAVESTEIN;2
Keldermanspoort;1
ZWINGSPEEL;1
"Muntweg; Kavel M39";1
"HET WOUD ; PRINSENWEG";1
WIJNALDUM VIER;1
Bornsche Maten (Jodenmoat);1
Binnenbedijkte Maas/ Zwanegatsedijk;3
Peperstraat;4
BAARN;1
STOKDILLEN;4
BIJ DE RK KERK;1
GRACHT KASTEEL RIJNHUIZEN;1
BLOKHUIS;2
OOSTHALEN 4;1
EPPENBROEK;2
Doktersdreefje - Oostdam;3
Huessenhof;1
WAAIJENBERG;1
"RIJKSSTRAATWEG ; DE BLAASBALG";1
NIEUWLANDE;23
Gapingse Watergang;2
PLANGEBIED KOBUS;6
OUDE MUNNIKENWEG;1
WESTERRINGWEG, KAVEL C11/C12;1
ST. JANSKERK;4
KAVEL B541;1
KASTEEL LEYENBURG;1
Neede;2
Heerstraat Hulst;1
ZUNA;7
Houtweg 12 te Oene;1
EUKENBERG;6
ROLDUCKERVELD;4
Grenspaal 307A;1
Bergweg 13;1
BRINKMANS LANDEN EN MATEN-ZUID;1
DEURZERDIEP;2
VERDRONKEN LAND VALKENISSE;1
HAGELVLAAG;2
BESTERD;1
CASTENRAY;1
De Kroon 2;1
Berkter Heitje;14
"Hezelaar-Noord; voormalig AMK-terrein";1
ZIERIKZEE KERKHOF 7;1
SCHELPSTRAAT;1
KASTEEL DAELENBROEK;1
LAGE DIJK;2
Meteren-Hondsgemet;1
NOPEINDE;1
(TEN O VAN) DE MOLEN;1
HET LEESTEN;1
LUTKENESCH;3
HAZEPUTTEN;1
SIER 2;1
BESSEBUREN TERP;1
Harselaar West-west;1
DE HAGEDOORN;3
PANBERG;2
Centrumplan-oost;1
AVONDUUR;3
ALLEEWEG;1
DOORWERTHSCHE HEIDE;3
Hazenberg, voormalig AMK-terrein;1
De Schatkuil;1
"Bungalowpark; Vallis; voormalig AMK-terrein";1
Meshal terrein;1
Ritselaarsdijk 11a;1
nicolaaskerk;1
Luidumer Terp;1
PEELKAMPSVELD;1
REGGERBROEK;3
BOS EN BROEK;1
Burgemeester Lotsystraat 38;1
ZUIDERDUINEN;1
AAN DE WITTE STEEN;4
WIJZEND;1
VLIETLANDEN 04;1
"HULZEN ; HULZENSEWEG ; HATERT";1
ONDERDUIKERSWEG, KAVEL G36;3
GROESBEEKSEDWARSWEG;1
"RUIJS DE BEERENBROUCKSTRAAT;BAANDERT";1
Boschhoven;2
Weerd;2
DE VLONDER;1
REPELWEG, KAVEL S51;1
ONDERWIERUM-NOORD;1
AMERDIEP-BAARVELDWEG;1
SPEULDERBOSCH;7
Goedereede strand 1;1
BOTERHOEK;2
Bovenste Molen, Keen;1
VOORSTE BEERSDONK;1
DE DORPEN;2
STEENFABRIEK DE EERSTELING;1
OUDE POSTBAAN;3
Duno;2
Doesburgseweg 18;1
GROTE BEERZE;3
VROUWENHAAG;1
DE KNIPHOEK;2
Yperenberg;1
"MAAS; BERGEN";1
"SOERENSE WEG ; VANENBURG";1
VLEDDER AA-OOST;2
KOEPELWEG;1
Grijzegraaf 17;1
01.105 Havenstraat van Noort;1
Slachthuis;1
GRIETMANSWIJK-NOORD;1
Tesseldonk;1
JANSSTRAAT 68;1
FIVELHORN-NOORDWEST;1
Loonerdiep, Kampsheide;1
ROOSSLOOT;1
ZUIDBARGER ESCH;1
ACHTERSTRAAT 11;1
Oosteinde 33;1
"Kloosterstraat ; J.H. van Daleschool";1
ZAKSTRAAT 14;1
'T KROFFIE;1
HENGSTSTRAAT;1
TEN BOER;1
oostmoer;1
HOENDERBOOM;2
CRAENWEIDE;2
Michaelkerk - SAI;1
BLONTROK;1
Hogestraat;1
HEECHTERP;1
Stadhuis;1
Swifterbant S2;1
DEN BERG;1
BROUWERIJ;1
Engelseweg;1
OOSTGAT 2;1
Treurenburg;1
ZIEKENHUIS BRONOVO;1
BOERDERIJ ENGELRODE;1
DORPSCENTRUM BEUNINGEN;1
"Dasselaarweg; Kavel P52";1
DE LOAKENBELT;1
Heistraat 9;1
"Isselt; Kapel van Isselt";1
'T ZANDT;1
'T MEYERINK - LEESTENSEWEG;2
LEIDIJK;1
Ridder van Asenrodeweg;1
Achterdam 26;1
Oosterom;1
Brouwersbongerd;1
KLOKHUISPLEIN (ENSCHEDE-TERREIN);1
SLINGERLAAN;5
16.89 AALKEET BUITENPOLDER;1
DE DRIE BERKEN;1
LOGTENBURG;1
parkeerplaats Het Aambeeld;1
ZWINDERENSE ES;1
PADBROEK II;1
"Voormalig AMK-terrein M6791: Polder Over-Slingeland; Slingelandse Donk";1
Aamsepad;1
H.PETRUS BANDEN;1
Soesterhoogt, voormalig AMK-terrein;1
WEG OUDEMOLEN-ZEEGSE;1
Industrieweg/Staartsestraat;1
Tegelsweg;1
Ellewoutsdijk;2
LEESTEN;2
Boltastate;1
NABIJ ERVE HET STROOTMAN;1
WERVELD;1
WOOLDE;1
ZWARTE PLAK;8
ONZE LIEVE VROUWENBERG;5
Jeneverdyk;1
1.LONNEKER ES;1
TICHELSE AKKER;1
POLDER MARIENWAERD, DE WOERD;1
De Vierhoek;1
"Muntweg; Kavel M30";1
DE GROTE HEIGRAAF;1
01.02 WOUDSE POLDER;1
OIRSCHOTSE HEIDE;7
BURGERSDIJKSEWEG 10;1
GROTE VEEN;1
Peisenlaan/Bosbadlaantje, Landgoed Peisen, voormalig monument 11908;1
OOSTEINDSCHE VEEN-ZUID;1
LAAGEINDE;3
Kleine Graspeel;1
MIDDELWAARD;3
MAURIKSE WETERING 2;1
EUROPAWEG;2
HUIZE ST. JOSEPH;1
EYSERHEIDE;4
Goedleven;1
BOKKINGSHANG 20-24;1
"Rijnlandstraat 2-120; Damcentrum";1
NIESOORD;1
PEPELENSTEEG;1
DUIVEN;3
BROEKPLAATSEN;3
"HANENDORPER VELD ; SCHAVEREN";1
DRUMPT;1
Het Sweeltje;2
Husselerveld;2
Merwekade;1
KWEKERIJ;1
ACHTERSTE HOEF;5
Stoomtramstation/Westfriese Omringdijk;1
Visserstraat 29-33;1
Lessestraat;1
"SCHOTTERSWEG; voormalig AMK-terrein";1
hateboer;1
VOORDELDONK;1
"Abstweg; Kavel E72";1
KARNEMELKSPOLDER;1
"KROMMEN HOEK ; CASTERSE DIJK";2
OOSTERBOEKELWEG (VINDPLAATS 43);1
Voormalig AMK-terrein M2817 / CMA28D-A09: Groningeresch;1
Hofsingel;1
ONLAND 1;1
Rijssenseweg 22;2
Orderheg;1
Koestraat;14
N210 Bergambacht;1
Voormalig Van Gend en Loosterrein, ten westen van spoorlijn;3
HEER HEIMAN SUISSTRAAT;1
SAMBEEK;3
DEN DUNGEN;7
MOLEN 'HET SLOT';1
LOOZENSE LINIE;1
Ecudorp;2
"Palenweg; Kavel E159";1
Het trace van de N 236;1
WOLFSBOUWING;1
Terschelling Paal 26, 2;1
DE AARDBORST;7
GROENEDIJK;3
huisterp;1
Maasdamstraat;1
grenspaal 301;1
KAVEL J115;2
Rijksstraatweg 160;1
Hoge Boeschoterweg 96;1
UITERDIJKENWEG, KAVEL R88;1
WEERIJS;1
WESTDORP;1
Euro;1
N BONGERD;2
KUTTINGEN;1
ACHTERSTUKKEN;8
KOELVEEN;1
WORDEN-WEST;1
De Berg;4
Plan-West vindplaats 8;1
Groenendijk (Limes);1
"Noordelijk benedeneind; Noorderhoeve; voormalig AMK-terrein";1
DE MAATSCHAPPIJ ?;1
Moerschans;1
Trade Parc Westland - Venus;1
Snouck Hurgronjeweg/ Bos Veere;2
Enghsloot/Nachtsloot;1
DUIMELING;1
Buldersweg;2
ZUIDEINDEN;1
Eckart, kleine brink;1
BUWEKLOOSTER;1
KLEIDOBBEN;1
BUSSCHOOR;1
RIVIERDUINTJES;1
Maaldrift;1
BROEDERENKERKPLEIN;1
J.F. KENNEDYLAAN;1
Vronermeer-Noord;1
DE DIJK NR.64;1
KLEIN TURFGOOR;3
WEVERLOSE BROEK;1
MEERLOOSE BAAN;1
Oude Haven/ Zeisterweg 44;1
Burgemeester van der Klokkenlaan;1
'T HOLLEBEEK;1
"IJsselmeer Hindeloopen; Oerbos";1
SINGELSTRAAT;1
DE SOK;11
Gouw 13-17;1
DENNEN/CEDER/BERKENSTRAAT;1
ZWARTE SLUIS;1
ERVE MOLLEMAN;1
SCHOOLSTRAAT 26;1
Terpenborgh;1
Kapelakker;1
N210/C. G. Roosweg. Vindplaats 6.;1
HOEKJE VAN KETELAAR;1
DE MEEWERDEN;1
Kruisstraat 24;1
ZANDWEG;7
ROODEMOLENPOLDER;1
Haps Laarakker;1
"Elandweg; Kavel J9";1
TRAAY, HEUVEL 3, voormalig AMK-terrein;1
BOLHAAR WSCH;1
Oude wei/ Koestraat;1
"Voormalig AMK-terrein M10495/CMA38D-034: Polder Liesveld; Essenweg";1
DE STAD;1
RIJSBERKAMPERVELD;1
BOSHUIZEN;4
DE WITTE BRUG;1
"Drietorensweg; Kavel O42";1
MOLENSTRAAT 15;1
"HUIS MIDDELAAR; MIDDELAARSHUIS";1
De Hught;1
HOOIDIJK BOUWMANSWEG;1
HEUVELEN-DENNEN;2
LISDODDEWEG, KAVEL S50;1
BREEBERG;2
Baron van Asbeckweg;1
Plangebied Bergingsriool;1
"Polder Bloemendaal; Helsdingen";1
STEENBANKTOCHT, KAVEL D45;1
BALLASTPUTWEG;2
BROEKSBERG;1
VOGELZANG;9
17.BC AALKEET BINNENPOLDER;1
Sem Dresdenstraat;1
OUD AVEREEST;1
TOLWEG 35;1
BANHOLT;2
EVERDINGEN-DORP;1
ERICHEM-WEST;1
LANGE HOFSTRAAT;1
Leemskuilen;2
DR. CLAES NOORDUYNSTRAAT;1
Heltenbosbrug;1
GROTE MARKT (POMPPUT GROTE KERK);1
Tjalke van der Walstraat 21;1
Boterveentje;1
ANEGANG 26;1
Otterweg;1
het domein;1
BLAUWE SLEEN;1
AALKEET BUITEN 069;1
"HET BAT 10;";1
Veeven-Groote Heide;1
"LEUSDERHEIDE ; KOL. VAN ROOIJENWEG";2
Willem Lodewijklaan Chinese Ambassade;1
Veestraat-Markt;1
Westbatterij;1
Laan van Oud Clingendaal;2
ANTONIESTRAAT 51/53;1
OUDE TOREN;6
REMMERDENSE HEI;9
KEENTSCHE UITERWAARD;1
"LEKDIJK ; RIJNSTEEG";1
aan Rentelaarshofveld;1
Burgzand Noord 18;1
AEKINGA;2
SCHEEPSWERF DE LIESBOSCH;1
KONINGINNESTRAAT;2
LOOSDUINEN;10
KRAANVENSCHE HEIDE-HOOISPOOR;2
Westsingel-Hellestraat;1
MOLENWEG 23;1
DE GLOEIENDE ENGELSMAN;1
"KOMMEREN (ACCENT OP 1E ""E"")";1
WEIJERBROEK;3
ONSTABORG;1
RAKT;1
OVERLOONSE HOF;1
KOGELBERGSVEEN-ZUID;1
TOUWSLAGERSTRAAT;1
VAARWATER NAAR DE COCKSDORP III;1
AAN DE ROUWENBOCHT;1
Rijke Buurt Weg;1
NES;6
UILENBEKEN;1
Paulusweg;2
NOORDZEEKUST CASTRICUM;1
MAELSTEDE;2
DEP PETERSSTRAAT 4;1
BEDRIJVENTERREIN WIJNBERGEN (FASE 2);1
DE HOOGEKAMP;3
Nij Amerika;1
Buitendijk-Kamersteeg;1
"Gooiseweg; Kavel O69";1
Enghsloot;3
LITHOIJEN - DORP;1
GARDEREN;1
Zuidgors;1
01.089 Westhavenplaats;1
WESTERVELD-ZUID/KRUIDHAARS;1
MUNTERWEY;1
PRINSCHE WEYER;1
Haarstraat 42a;1
ZIJLSTRAAT 94;1
"NIEUWKUIJKSE WEG; DISTELBERG";1
05.017 Maassluis recreatieplas MD 17.59;1
BOTNIA STATE;1
Bospad 5;1
VORTUMSE BERG;1
BREESTRAAT-POLITIEBUREAU;1
AMERDIEP-OOST;9
"PROV WEG T16 2; voormalig AMK-terrein";1
BORGWEG-'T HOUKJE;1
HARSELAAR;1
HOF (TE) BAAK;1
"ROOSENDAALSEWEG; HALLENKERK; VP 1";1
BIJ DE GEINBRUG;1
BESSEBUREN;1
ZEEBAD IJSSELMEER;1
PRINS HENDRIKPARK;1
OUDE DIJK;6
Kleine Straat 8;2
GROENE WEGJE;1
Salverdaplein te Wageningen;1
DE POTTERE;1
OMGEVING LAGE ESCH;1
HET ONLAND , BIJ HET OUDE VEERHUIS;1
HOPWEG, KAVEL M133;3
MOLENSLOOT;5
Hargen aan Zee;1
molenweg 5-7;1
BOLLEVEEN?;1
Marienkroon;2
VREDENBURG;4
"BOGAARDENSTRAAT; BOSCHSTRAAT-WEST";1
HAARVELDERSCHANS;1
POLDER ZUIDZIJDE-VEERWEG;1
ZEISTERWEG;2
Beatrixweg;2
Weidevenne vindplaats 8;1
DRIESPRONG;1
HAERTELSTEIN VELD;2
HOOGENDIJK 3;1
TOLSENDE;3
DE NIJE GRAAF;2
De Held III;1
MANDEVELD;3
BEJAARDENCTR BOSWINKEL;1
Wortelsteeg-Westkant;1
GOUDDUINEN OF GOUDTUINEN;1
VOORMALIG HUIS 'S HEERENDIJK;1
BIJ GALGENBERG;1
DE VILT;4
Gravenstraat;1
SPORTTERREIN SEGBROEKPOLDER;1
Voormalig AMK-terrein M13819 / CMA28F-A28: Zuidelijke Vasserheide;1
HUIS DEN DAM;2
ACHTERBERG, DE DIJK;2
MEDENSTEIN;1
OOSTER 5 NCP BLOK S05;1
ACHTERSTE BRUG;3
Nieuwbouw Bovensteweg 20;1
01.007 Schoolstraat (1986);1
Kerkstraat 86;2
D10 - VOORSTE VEEN/SCHIPBORGWEG;1
"De Eikelkes; Munningsbosch";22
Guttecoven;1
SMELENBERG;2
OUD GERECHTSHUIS;1
OVERENBOSJE;3
Achthovenerweg 21;1
Hoog Munsel;5
"VINDPLAATS E; SCHOTKAMPWEG";1
Vismeerstraat;1
Waterkwartier / Ulpia Noviomagus;1
Woeste Hoeve;1
DE TENTEN I;1
TUNGELROIJSCHE HEIDE;1
LOZERLAAN PLAN DE UITHOF;2
OOSTERSTRAAT 60;1
NOORDZEE TERSCHELLINGER GRONDEN 1 NCP BLOK M10;1
Piushaven Tilburg (noordoosthoek);1
West Kinderdijk, Hotel Kinderdijk;1
'T BRAMELT-SPOORLIJN;1
DE PELSHOF;2
eendrachtspolder;1
St. Jan;3
ZEEVARENDE BEURS;1
KNOOPPUNT B3;1
SAXENBURG;1
HOOG BROEK;4
Tureluurstraat;1
JUEDENDORP;1
VOSSENBURG;2
IN DE PACHTKAMP;2
NH KERK (St. Vituskerk);1
Jan Ligthartstraat/Voormalig Belastingkantoor;1
10.ZANDRUG.N321/BUNGELAAR;1
Lanxmeer;1
Gasthuisbergweg 4;1
Karnemelksvaart;1
VOORSTE STROOM;4
de Deken;1
Wijenbergh;1
Het Hoefijzer;1
BARLHAM;1
Hoek Touwlaan/Kasteellaan;1
ZUSTERSKLOOSTER FRANCISCANESSEN;1
STEINSTRAAT;1
WIJLERMEERBAD;2
GROENE KRUISGEBOUW;1
'T HOEKSKE;1
HEUKELOM;1
TWEEBEEN;1
HOXWIER;1
TREKVLIET;1
Ekkersreit 3301 Post NL;1
Schakenbos/Robert Fleury-terrein;1
(VML.) KASTEEL HEUMEN;1
TROPWEERE (VINDPLAATS 52);1
PLATTE BOSCHEN;2
DE CALVARIE;1
"Kasteel Radboud, toiletten en ""binnenplaats""";1
aangespoelde vondsten op het strand;1
HAZELARENSTRAAT 70;1
Hilvarenbeek Loosche Akkers;1
Plan Hamerden;1
"Savelsbosch; Trichterberg";1
Witmoesdijk 3A;1
Slaper;1
SCHAAPSKOOI;6
Op- en afrit A7;1
LEXKESVEER;2
De Horn;1
Letschertweg;2
hoofdstraat-Groeneweg;1
Grote Abeele;1
IN DE HORSEN;1
HET TERRAS;1
ENGELANDSE BOS;5
Dr. A. R. Holplein 13-15;1
ST.ELISABETHS-DAL, HEYTHUYSER BEEK;1
Buoren;2
Chatelet;1
ZOGHEUVEL;1
ARNEMUIDEN NIEUWSTRAAT;1
KROM 'T 29 - 39 (ACHTERZIJDE);1
LAKENSTRAAT;1
OUDE RIJN T.H.V. DE HOOP;1
RIETVELDSEDIJK;1
MEINEN;1
"Kamperhoekweg; Kavel H48";1
Kapelleweg;1
parklaan;1
GIETEN;1
Snipperlingsdijk-Maasstraat;1
TERP MEERUM;1
MARIAHOEVE;6
HOUTSCHE AKKERS;1
Carpe Diem;2
BLEKERSWEGJE;1
Voormalig Algemeen Ziekenhuis;1
HOPWEG, KAVEL L72;1
"BUURTWEG ; SANDENBURG";1
VELDBEEK;1
CALLISTUSSTRAAT;1
Buitenbanken 1 NCP Blok S2;1
"Stamstraat; de Molt; Voormalig AMK-terrein";1
Joris driehoek;1
Z.O. VAN MORGENSTER;1
OXERSTEEG;2
STRABRECHT;1
Fransekerkstraat (doorsteek);1
De Hillekamp;2
WESTDUIVESTEIJN;1
Veerkampen;4
Provinciale Weg, De Posthoorn, Voormalig AMK-terrein 3609;1
Kasteel Heemstede, Bouwhuizen;1
Driftweg;4
Broekhem: Kloosterbos;2
"Zuidelijk benedeneind; Benedeneind zuidzijde; voormalig AMK-terrein";1
WESTKERKE;4
BARTELBAAN;1
05.036 Watersportweg 3;1
kavel P89;1
Keersop deelgebied 2;1
STEENSELAAR;2
ZUIDESCH/KAMPAKKERS;1
Scheldekwartier (Dokkershaven Zuid);1
KOORNBROEK III;1
LANGS HUNZEWEG;3
"Voetsteeg; buurtschap Emmen";1
KAVEL E965;1
OUDE VEER-RAZEND ZWIN;1
HANZEWEG-COLIJNPAD, KAVEL L85;1
EELERBERG/DEN HOLLANDER;1
Gruizenstraat;1
Voormalige Frederik Hendrik-kazerne;1
HOOGHALERES;1
Hakeweg;1
Hoep-Noord-helofietenfilter;1
KNOOPPUNT B2;1
Sint-Pieterstraat;1
polder Waard-Nieuwland, grote molen;1
"SPRIELDERBOSCH; OUDE PRINSENWEG";1
Oude Trambaan (ong.);2
De Kieviet;1
BIJ ZWIGGELTERWEG;1
VOORM DULKESHOF;1
BROCKSTUKKEN-ACHTERSTE WOLD;1
Dorregeest;1
BORCHWERF;1
NIEUWKERKE;1
WELGELEGEN-NNO;1
AALSTERHUT;2
ST.MAARTENSKERK;2
Liederik;2
STADSKANAAL;3
Haven-Nieuwe Mark;1
SCHOTERPAD, KAVEL L50;1
BOMENWEG, KAVEL O84;1
Processieweg/Mariaveld;1
GRAFVELD O;1
ACHTERSTE KUILEN;3
HET HOOG;3
HERIKE;9
de slachte;1
Boomdijk;1
TOTERFOUT;11
Tinnen Pot;1
Den Heuvel;1
KNOBBEWERVE;1
DE STADSFENNE;2
Henriettewaard;1
DEN VELDE;1
STEKELENBOS;1
Blokhoeve;1
DOELEWEG;2
De Maaij;1
Te Werve West;1
HAAKBERGERVEEN;1
MILHEEZE IB;1
SCHOKLAND, MIDDELBUURT;1
OUD RAVENSTEINSEWEG;1
KLAPHEK;1
De Doorbraak Krikkenhaar Beekdalen;2
VAN MEKERENSTRAAT;1
'T WED;1
BROEKPOLDER;24
PLUIMSHOEVE;1
BALLOER ESCH-NOORDOOST;1
"POLDER NEERVELD ; LEURSCHE VELD";1
Boshei;3
ACHTERBROEK;1
KERKAKKERS-BELLEMAN;1
SCHAANGEDENNEN;19
D8B-KNIPHORSTBOS;1
Harreveld De Riette;1
Loevesteinlaan;1
POLDER SOUBURGH;1
GROOT LINDEN;2
Hoochwoert - begeleiding sloop bouwblokken C en E;1
Oude Wacht;1
Landweg;1
"De Meeren; Kesselsche Bergen; voormalig AMK-terrein";1
GROENEDIJKJE;6
WAPENVELD;3
Smidswater 10-12;1
DEN HEVEL;7
Buiten Pekelinge;1
BALLOER VELD;1
GROOTE BEDELAAR;1
Haselt;10
Lineleane;1
5E KAMP BOVEN WETER;1
MOLENBROEK;3
WELGELEGEN-NOORDWEST;1
KOPSTUKKEN;2
Balkweg;1
EINDWEG;4
Syperhof;1
OUDBORG;1
LANDAS-OORD;1
kabelbaan;1
Mariaschool;1
PETERSBURG;3
"Roerdompweg; Kavel M6";1
OOYHUIZENSESTRAAT;1
Gatsedijk;1
Bergumermeer 1;1
DORPSSTRAAT 53;1
KRAAIJENBERG;9
HIDSMEDEN;1
"Hondshoef ; Akkerstraat";1
"DE PEPERD ; DE PEPERT";1
MERCKENBURGH-KASTEEL HEUKELUM;1
Schutwijk;1
EMMERHOOILANDEN;2
Schimmelpenninckstraat 43;1
Overhoeken-Koningsoord;1
Landbouwstraat;1
ES;1
"NEDEREINDSESTRAAT; GYMLOKAAL";1
vindplaats 1;1
Galderse Heide Zwaantjesweg;1
N350 Rijssen-Wierden;1
NEERITTER;1
BELTHOEVE;1
HERFTERWETERING;1
DR WELFFERWEG 48;1
Kreek-Sint Anthonypolder;1
BRIGDAMME;2
Kanaal van Corbulo, Rietvinklaan;1
Graafschap;1
kasteel Zwanenburg;1
"Hillenraad; Rietweg";1
WEEZENPLAATS;3
Sportterrein;3
TIMA TERREIN;1
RAAMSTEEG (DIVERSE LOCATIES);1
'MARIAHOEVE'/POLDER OVER-BOEICOP;1
Heel;3
WIJNGAARDENLAAN;1
MARKTPLEIN;4
ELZENWOERD;1
21.28 DORPPOLDER;1
17.44 AALKEET-BINNENPOLDER;1
MOLENSTRAAT/ GROTESTRAAT;1
"Oude Kleefse Baan; Holdeurn";1
"Hopweg; Kavel K23";1
Huishoudschool;1
DORPSSTRAAT 349;1
Munnikenhof;2
Houtenseweg 10;1
BERLICUM -DORP;1
MUGGENBEET;1
OVERSTEEG;1
Tolakkerweg;1
Scharenburgsestraat;2
OUDE HAVEN-TEGENOVER KONINGSHOF;1
KEIZERSDIJK;2
Buiten IJ, Wrak VAL 7;1
Burgemeester Heusdenslaan Steenhuizen boerderij;1
VESSEM;2
HEVESKES;6
"Voormalig AMK-terrein: Polder Nieuwe Gote; Lange Weg";1
GOLSTRAAT, JOODSE SYNAGOGE;1
SANTFORTER VELD;3
N H KERK HOORN;1
KAVEL P72;1
Kuuperskamp;2
BIJ POMSTATION TWELHAAR;1
Bootstraat 24;1
HUYS TEN WYER;1
Overdiepse Polder;2
Klokkenberg;1
Voormalig monument 9488/37F-005;1
LINDENSTRAAT/NOORDENBERGSTR;1
WINDENBURG;2
Hildsven;1
POLDER MIDDELBROEK;1
RAMSDIJK, KAVEL E172;1
N225;1
De Morgenster;1
Ede-Pascalstraat;1
't Run;1
Park Tetrode;1
"VEERKAMPEN ; GEENEIND";4
n217, t.h.v. tweede Kruisweg;1
N H KERK;1
Zwaagdijk 164;1
Daleboutsweg 4;1
TORENWEG;7
van Assendelftstraat, Kasteellaan;1
Lithoijensche Akkers;3
LINDEHEUVEL 9;1
Waalbandijk;2
LANDPOORTSTRAAT;1
Industrieterrein Twentekanaal;2
AHR-transport leiding Delft-berkel en Rodenrijs, Tracedeel AHR-Y9;1
Stappegoor II;2
"MOORLAND; voormalig AMK-terrein";1
DE ENGK (J.V.RUYSDAELSTRAAT);1
Tienwoningenweg 3 te Apeldoorn;1
De Pus;6
HONGERSDIJK;1
waatskamp;1
DANIKERBERG;2
Houtense Weg;2
Eemstraat-Oost;1
Kloosterveen II;1
Oene-West;2
Geestmerambacht;5
DORPSTRAAT 30;1
Oostsingel;1
molenstraat;9
TERSCHELLING PAAL 2;1
AANLEG;2
"Veldstraat; Wijkenstein";1
WAAL ERLECOM 3;1
HUIS DEN HONAARD;1
ST. MATHIASKERK;2
Ecologische verbindingszone Emmeloord-Kuinderbos;1
ALBADA STATE;1
Bantuinweg;1
RUIGE SCHOOT,DRES,NOENE JAANDE;2
"Voormalig AMK-terrein M7497 / CMA30G-030: Centrum; Rietvink";1
TEMPELWEG 2;1
Voormalig Fort de Haak;1
PRINSEN BOLWERK;1
KEUPERKEIDE;1
Malzwin 3;1
Bazaar / Verlegde Ringvaartweg;1
Olympia Office Park;1
Torenveen;1
HOOFDSTRAAT-SLAPERDIJK-WESTLAAN;1
CATHARIJNESINGEL / LEIDSEWEG;1
HAZENBOSCH, vooemalig AMK terrein 11778;1
ZIJWEER;2
Nassaustraat/Walstraat;1
DE KLOMP;1
SIKKENBERG;2
Zuidermaatweg;1
Provincialeweg 8;1
16.101 AALKEET BUITENPOLDER;1
Kop Bisschopsmolenstraat;1
EERSTE BROEKDIJK;1
KAMP RODANBORCH;1
JOSEPH SMITSTRAAT;1
Donderberg;8
"DE LOFFERT WEST ; DE LOFFERT III";1
DE HORST 1;1
PARK;2
HOGE KAVINK;1
HET LOOM;1
ROSMOLENSTRAAT;1
SCHIPPERSTRAAT;1
Veestraat VP5;1
Holtesch;1
Het Goordonk;1
Oude Voorst;1
KRUIDHAARSVELD;8
Jeka, IJpelaar;1
ZOUTEVEENSE POLDER;2
SINGELSTRAAT 13 WEESHUISCOMPLEX;1
LANDGOED VERWOLDE;1
VELSERDIJK;1
EIND;1
Klapstraat/De Elsthof;1
Julianaweg/Prinses Irenestraat;1
ZOUTEPOLDER;1
TRAPJESBERG;1
"Achterbergsestraatweg ; Prins Bernhardstraat";1
STERKSEL;3
HAZEKAMP;6
Omgeving Kerkweg;1
HOLLE WEG;2
BRAKENBURG;1
Laan van Niftarlake;1
Van Harinxmakanaal;4
KERSTENDAL;1
SPETZEMEE;1
DE STRIJP;2
Ruiterspoor (Terrein 19);1
RINGELBOSCHWEG;1
MOORDAKKER;1
"HET HOEFIJZER; KARTUIZERBEEMD;DOMMEL";1
BUITENPOLDER HEEREWAARDEN;3
POLDER OUDELAND VAN MAASDAM (...);1
VOORWIJK;1
LANGEHOFSTRAAT 7;1
Noordlaarder bos;1
Flinkert;1
MOFTBOS;2
Asten Markt;1
Absdaalseweg;2
DRONRIJP;1
MUNNIKENWEG;3
LETTINKSBUSKEN;2
Sporthal Zuidsingel;1
ARIXWEG;1
DE PLEK / KESSELS PEELKEN;1
"PASSEROT I ; DE PAS";1
GRAAFLANDSE DIJK;12
lytse buorren;1
RAVELINGSTEEG 3;1
Halfbastion 'Bekaf';1
PAPETIENDEWEG;1
POLDER DE LAGE HOEK (VINDPLAATS 36);1
Kasteel Waardenburg;2
BINNENSTAD (DE TWAALF APOSTELEN);1
PIKMEEUWENWATER;1
D37 - OOSTERES OOST;1
STIKSTOFBINDINGSBEDRIJF;1
UTRECHTSE HEUVELRUG;1
MANDERSTREU;4
Blokdijk;1
ZOUTEVEENSE POLDER 12;1
Hessenberg-Schatkuil;1
VOSSENBERGEN;1
dwarskaai;2
hunebed van Loon;1
Norgervaart;1
De Leijen-Zuid;2
ZIJVELING;11
SINDEREN;4
Burg. v.d. Braakplein;1
Het Vormer Zuid;1
"SINT ANTHONYPOLDER; ZWANEGAT";1
HELDENSE WEI;1
Westeresch;2
Leiweg-Heesterseweg;1
KAVEL A91, RUTTENSE WEG;1
Wintersweg;1
de Grashut;1
Borrekeen;1
DUINEN DOMBURG;1
Schoorswinkel;2
Marine vliegkamp Valkenburg;1
Kasteelterrein;1
KERKEIND;7
Dumasweg-Hofteweg;1
N210 Nederlek, Locatie F Begeleiding. Krimpenerwaard;1
KIEVITSLANDEN;1
RIJKMANSHOEVE-NOORD;3
De Vlaming;1
KERKWIJKWEG/SPOORLIJN;1
Bovenste Caumer;1
Hoogoordstraat;2
DE WASSINK;1
Sionskerk;2
LANDGOED OUD-MILLIGEN;1
HOEVE BOUWMANSLUST;1
(LANDWEER);1
PAUWWEG;5
Herberg 'de Gouden Leeuw';1
Besland;1
BERKENHEUVEL/D 52A;1
WEENDERSTRAAT 47;1
LEBUINUSKERK;1
Grootschoterweg 38-46;1
"Borrendamme-West; Lockersinlage";1
Oostromsedijkje, Theresiahoeve, voormalig AMK-terrein;1
Kielsterachterweg-Oude Tankstation;1
KROMME NIEUWEGRACHT;1
KONINGSBOSCH;3
Tussen Westeind en Schooldwarsstraat;1
Lambrechtsveld 19;1
BINNENDAMS 56;1
DE LEEMPUTTEN;1
HAMBURGERWEG;4
Joris Driehoek;1
PEEK;1
WIJNWEG-HEESELSWEG;1
ACHTER MUSEUM ASSELT;1
HERKENBOSCHER VEN;1
Dela;1
Voormalig AMK-terrein M9476 / CMA37E-085: Ackerdijksche Plassen;1
BOSWACHTERIJ SLEENERZAND/GALGENBERG;1
ROODEVAART;2
BRINKWEG 20;1
' WESTEN;1
PLAK;7
POORTSTRAAT;1
De Kraaienboom;1
Parkweg, Maander Enk;1
Vroendaal;1
Akker ten zuiden van Oosteinde;1
Vloedmolenweg;2
TIENELS WEG;1
NOORDBARGERES II;1
DIEPSTRAAT 71;1
"Zuiddijkstraat; Stadhuis";1
Kasteel Groot Buggenum te Grathem;1
VUILHAMMEN;2
Dr. Klompelaan;2
Dusinksweg;2
DE WAAL CENTRUM;3
"BEMELERBERG; BEUMELERBERG";1
voormalig monument 13258;1
LANGE VEERSTRAAT (HOEK KORTE VEERSTRAAT);1
Plan B Casimir;1
HUIS TE LEDE;2
Leendestraat;1
Direct te oosten van de Elandweg, Deelgebied X;1
LANGS NIEUWE-DALERVEENSE STRAAT;1
Diessensche Heide;7
LAGE WONING;1
EWIJK DE WOERDJES;1
TEN WESTEN VAN MEDEMBLIK;1
ODINKHOF;1
KERK V.D. H.SEBASTIAAN;1
VALTHERZANDWEG-WEST;1
Bastion 5, Blauwe Toren;1
ONDERDUIKERSPAD, KAVEL C40;1
BEULAKERWIEDE;1
"SCHILBERG; PLANCKERWEG";1
Heertgank;1
'T GOY GOYSE DORP;1
OOSTBUURTSEWEG;1
Nieuwe markt;1
Trace gasleiding Delta: RAAP-vindplaats 5;1
BUITENVEST;1
"Soeterbeek; De Rietmussen";3
OUDE SCHIPBEEK;1
HAVENWEG, KAVEL E138;1
AARDAPPELMEELFABRIEK;6
LANGE LAKENSTRAAT;1
CANDIALAAN;1
Maasveld;4
"Noordstraat 4; Mozeskerk";1
BIJSTERHUIZEN-EINSTEINSTRAAT;1
Mijlpolder;1
Martens;1
HANZEWEG, KAVEL L79;1
TIENELSWEG;1
RBP 01;1
Willem III straat - WLD06P;1
H.JOHANNES DE DOPER;1
St.Lambertuskerk;1
"Spuistraat; voormalige Korte Noordstraat";4
LIMMEN;2
BOSSCHE BROEK;1
MUSSCHENBERG;3
Ooster 1 jaarboek2;1
04.011 Maassluis Julianalaan;1
HOMMELHEIDE;1
Stadswegske;1
"Hindekamp; Heidebloemallee";1
OUDEHORNE DE KRIEKENBERG;1
Groote Markt;3
DE LETHE;2
Diedenweg 3;1
ANABORGH [ ADM. PLAATSING ];1
16.67 AALKEET BUITENPOLDER;1
Vogelpoelweg;1
Sijzenbroek;1
NIEUWE CRAILOSE WEG;1
de Rouvenenstraat 3;1
Hoogstraat 421;1
Koning Willem III kazerne, voormalig AMK-terrein;1
Beersebaan;1
EUTERPELAAN;2
Olthof Noord;1
Reigerlaan 9;1
OVERBUURTSE POLDER;1
"PEELSE LOOP ; ROOIJE HOEFSE DIJK";1
LOBBENDIJK;1
TERP TELLENS;1
Munnikkenpolder;3
ANNEN;3
Weideveld II;3
CRONENBURG;1
STEPELO;2
Westhavenkade (tegenover 4) Benzinestation;1
Kruidvat;1
BORDSE WEG;1
WAALDORPERVLAKTE;1
Mermsestraat;3
VEENWEG;4
Perceel naast Dorpsweg 151;1
"Binnenveld;  Egelskampen";1
Plangebied ruilverkaveling Baarle-Nassau;2
BIJ DE CROMVOIRTSE DIJK;2
HET GROTE STUK;1
Borrendamme-West;1
ZANDLAAN;1
NOORDZEE BRUINE BANK 6 NCP BLOK P10;1
BEGRAAFPLAATS NIEUW RODEN - TUM.1;1
HOOGEZAND SAPPEMEER;6
SLOEFWEG, KAVEL O104;2
KNIBBERSHOF;8
HULSDONK;1
Bonifaciusterrein;2
OTTENSTEIN;1
KANAALWEG/SCHELE HOEK;1
"Zwartemeerweg; Kavel T118";1
Stenen Kamer, Molenstraat - Parallelweg (Zoelen, Linge);1
"HARING; NABUURS TRANSPORT; Voormalig AMK-terrein";1
Ommeloopweg;1
HERENWEG, BOOMGAARD;1
OPSTAL;2
WAGEWEG 75-76;1
LATERAALKANAAL;4
MOLENWATERING;1
Rozendaalselaan;1
NOORDZEE WESTGAT NCP BLOK M11;1
Singelstraat 7;1
Van Lodensteincollege;2
Onderweg 32;2
TERP FELSUM;1
"TER BORCH; TERBORG";1
STROESCHE ZAND;5
BARBAROSSASTRAAT;1
EUROSTRAND;1
PEELDERHOEF;1
Waalbanddijk;1
BEEKSEDIJK;1
MICHAELSHOEVE;1
Plaatsewerf;1
TERREIN VOORMALIG GASFABRIEK;4
Groesbeekseweg;2
Oudestraat (Raamsdonksche Polders);1
"WALDFEUCHTER BAAN;";1
' T WAAL TWEEGRAS 1;1
Sportlaan en Reigerlaan;1
D13-DE STEMBERG/GRAFKELDER;1
Kavel ZJ41 OOIEVAARSWEG 13;1
LINDTSE DIJK;7
Huis Ter Meij, voormalig AMK-terrein;1
Gening 35;1
UITGEESTERBROEKPOLDER;10
OVERASSELTSE EN WORSSEMSE ZANDEN;1
DE DIJK;11
Nieuwe Wetering, voormalig AMK-terrein;1
STRAND BIJ WESTENSCHOUWEN;1
KOKS;1
BELVEDERE (SITE H);1
PRINSENSTRAAT ZZ 17;1
STEENENKRUIS;1
Boetelerenk;1
GREBBEBERG;6
VOSSEVEEN;1
KROMSTRAAT;1
PARKWEG;2
Breedstraat;1
"HUGTERBROEK; GRASHUT; GRENSKERK";1
SCHIETBAAN A LINKS;1
SCHILLENVEEN-OOST;2
Noord Koninginnewal;1
MARGRIETENLAAN 20;1
Cova Terrein;1
Gernierswei;1
SCHEPERSBERGPEELKE II;1
LANGEWEG;3
DEURNINGER BEEK;2
AALSVOORT;4
ENKHUIZERZAND 3;1
HOGEVELD;1
D52A-POTTIESBARCHIEN;1
BINNENBURG;1
Het Leesten;1
Rijnsburgerweg;1
Regenboogstraat 4;2
POLDER SPIJKENISSE;2
WAAL EN BURGERDIJK;1
WATERSTRAAT /BAKKERSTRAAT;1
"MAAS;";1
BARGERESCH;1
HEINSHERESTUK;1
LIPPENHUIZEN;1
DE VALENTIJN;1
HARINGHAVEN;2
Bruneeengweg;1
KRUPHEULSTRAAT;1
Kleine Kerkstraat jaarboek3;1
BEESELS BROEK;4
KOETANGEN;2
Park Waaijenstein;1
FRANKENHOF-WEST;1
DE BRABANTSE LANDBOUW;1
Oosterwijzend;1
FRAAIMAHEERD;1
Kavel D134 / Polderwijk;1
ORANJEPLEIN;1
OP DEN BURG;1
Katenhorst, Schuilenburg;2
"Achterom; Kavel B55";1
Schietbergseweg;1
KAVEL J120;1
GANZESTAART;1
Yderholt;1
Industrieterrein Gaasperwaard;1
HOOGEVEENSE VAART - 'T MULDERT;1
Hoogstraat Welberg;1
Verbreding Rijksweg A12 Ede-Grijsoord traject 5;2
NIEUWE KERKSPLEIN (OPENBARE WEG);1
Ziekerstraat 53 t/m 67;1
Generaal Foulkesweg 96;1
Oudendijksche Gat;1
Sporenbeek;1
locatie 4;1
ZUIDERGAT;1
KERKEINDJE;1
VENESTRAAT 79;1
SANDERBOUTLAAN I;1
POLDER MORSEBEL;2
Plangebied Laan Corpus den Hoorn;1
HELWEG / IN DEN BERG;1
KELDONK;4
LANGE BAAN/STRATEMAKERSTOREN;1
BOOG C-NOORD;3
VAN PLAS TOT GRAS;8
DE SCHUTTE;1
19.24 OUDE CAMPSPOLDER;1
Oosterenderweg;1
koningsweg 119;1
GRENSPAAL 81;2
De Bankhoeve;1
WAARDERWEG;1
WEG NAAR ZEEGSE-TAARLOO;1
WEIDE DE SMET;1
Keizerstraat 2a;1
MIDDEL/GUISVELDHOEVE;1
TWIKKELERWEG;1
NOORDZEE BRUINE BANK 5 NCP BLOK P10;1
RUITERWEG-ZUID;1
BESTHEM;2
Westerbuurt 15;1
Nieuwlandseweg nr. 2;1
SPAARNWOUDERSTRAAT 68;1
IJSSELMUIDEN;8
Anna Hoevestraat 4;1
PRANDINGA;5
WIJENWEG;1
Raayveld;1
Zwiggelterweg;1
WOLDDIJK;3
Filenserwei 6;1
MAASTRICHTER BRUGSTRAAT;1
REKKENSE INRICHTING;1
HUILBEEK;2
DE HUMMEL;1
"HOOIBERGSE AKKER ; DE ELSTEN";1
16e eeuwse boerderij, ah. Vuurbaken;1
NUMERO EEN;1
ZANDVOORT;4
HUNENKLOOSTERBERG;1
BAARLSEWEG;1
UITERDIJKENWEG, KAVEL R28/R29;1
"2DE KOEDIJK; ESVELDERBEEK";1
Hanzeweg;1
waterval;1
PRINSEBAAN;1
ZUIDERRINGWEG, KAVEL O39;1
SKANSWEI;1
BOSBEEKLAAN (LANDGOED GROENENDAAL);2
Laag-Wolfheze;2
ERVE FLORIJN/SLOTBOOM, voormalig AMK-terrein;1
DORPSSTR. WESTEINDE, OOSTEEINDE;1
Bloemendalsestraat 13-17;1
Dorado Beach te Olburgen;2
WESTERHOUT;2
DEHULSHOF;1
TEN ZUIDEN VAN AMERSFOORTSE WEG;2
HULBERGERBEEK;1
AKENBUURTSWEG;7
S HEERENBERG;1
EENDENKADE;5
DE GROTE DIRK KOOYEN;2
Vallei;1
BREDELAAR;3
KORTE BROUWERSTRAAT;1
BEUKENRODE;2
Petruskerk (langs kerkpad);1
GROOTAKKER;1
HANENDORPERVELD;2
Gewestelijk Arbeidsbureau;1
Groot Duijfhuis;1
Koestraat (Klooster Nazareth);1
PARK ARENTSBURG;4
NOORDDIJK/HEINDIJK;1
HUIS OOTMARSUM;2
OOSTELIJK VAN HEEMSTEDERBRUG;1
NOORDEVELD;1
OVER DE UITSLAGERSTEEG;1
NOORDZEE NCP BLOK L17;1
Legtenbergerstraat;2
RODERWEG-NOORD;2
Burgstsedreef 8;1
Blokven;1
Aldenhof;2
"ACHTER DE OUDE GRACHT; RAADHUISSTRAAT";1
Touwslagersbaan 6;1
DEIENBOSCH;1
DE RUCK;10
Kasteel Schonauwen (grachten);1
REINALDSTRAAT;1
MEEDEMERTOL;2
Kerksteeg;1
DE WAARBEKE;1
Schipbeek;1
Damshof;2
Bruggeschans;1
BARGEROOSTERVELD;1
Lage Dijk Oost;1
KAVEL H50;1
OOST V.SPOORLIJN;2
DE BLOEMERD;8
WARDHUIZER STRAAT;1
PALMHOEVE;1
Daalseweg 200;1
"RINGELBOS; OUD MILLIGENSEWEG";1
Beukelaarstraat;1
T WAAL KREUSKAMPEN 3;1
"DIONYSIUSKERK; ASSELTERHOF";3
"Sint-Petruskerk; Oude Kerkstraat";1
Zuid Eschmarke;3
N624, Oisterwijksedreef;1
HOGENKORN;1
knooppunt voorschoten;1
NABIJ KL QUINVELDWEG;2
BEGRAAFPLAATS ROSENBURG;1
KAVEL 491;1
Binnenwijzend 96;1
STRABRECHTSE HEIDE;4
OUDE MAASARM;1
HEMELRIJKEN;1
Holysingel - Hoog Lede;1
NOORDSLEENERVELD ZUID/WOLFGARENS;1
"Drontermeerdijk; Kavel P104-IV";1
Spaubeekerstraat;1
MELICKER HEIDE;2
JULIANA TERREIN;3
SOLSCHE BERG;4
De Kanten en Vooreind te Hulsel;1
Peelkant Oost;1
JULIANASTRAAT 46;1
DE VAKEREN;5
't Prooyen 2-3;1
Oude Veerhuis;1
KETELMEERWEG, KAVEL E117;3
TEGENOVER SCHEEPJESKERK;1
'T WURFIE;2
"ST. SERVAAS; VRIJTHOF";1
Rotteveentje Oost;1
HARENSEWEG;1
Paviljoensgracht;1
DE HAUKES;1
HUIS HEMMEER;1
't Kraayenbosch (20);1
ACHTERKERKSTRAAT;1
HEUVELSTEIN, LAGE WEG 3;1
Gebleektendijk;1
DE KATER;3
Bredelaar/Kattenleger;1
Harensche  Broek (Hoge Morgen);1
GNEPHOEK;1
KROETEN;4
Gat van Bolmers;1
VOGELTJESLAND 6;1
"Aan het Gebuschken; voormalig AMK-terrein";2
Crumpsestraat 19;1
Heidehof;1
D31-HUNZEBOSCH;1
VERKEERSPARK;1
Jachthaven;1
"OUD BUSSUMERWEG ; DE DRIEST";1
Naarder Eng;1
REDEWEG, KAVEL P33/P34;1
Wolder Hoeve Castermans I en II;1
VILTSCHE GRAAF;1
RHEDERHOF;1
Rollenweg / Limbrichterbosch;1
"Berg en Dalweg; Voormailg AMK-terrein.";1
VEEDIJK;6
JAN LIGHTHARTSTRAAT;1
COLIJNWEG, HOGE VAART, KAVEL L89;1
Brabantiaterrein;1
BOOMGAARDSPAD 2;1
STELLEWEG;1
MAZEPOEL;1
16.62 AALKEET BUITENPOLDER;1
De Hoon, Houtensewetering 45, Meerpaal;1
DAMSTRAAT;3
"MARKT ; ALBERT HEIJN";1
PAUWWEG OIRLO;2
ANEVELDE;1
PRINSEPEEL;1
Jonkvrouw Geilstraat;1
Bouvigne;1
AUSPICIUS ET TELIS;1
RIVIERDUIN;2
5 meilaan;1
SLEENERSTROOM-SLEENERWEG;1
POLDER DE STUIFAKKER, MIDDELWEG 10;1
BEERSEWEG;1
Fort Vechten;5
TONCKENSBOS 21;1
Schouwen Banjaard 1;1
SLEUTEL;2
COMPIEREKADE;1
DR.STASSENSTRAAT;1
TURFVAART;1
HOOGENHORST, HOOGERHORST;1
Zuidzijde 39/40 (Limes);1
SCHOLTENHAGEN;1
KAVEL P37/P67 (LOKATIE 3);1
URKERDWARSPAD, KAVEL D90;1
MALLEMSE MOLEN;1
Prins Hendrikstraat 88;1
Kerkring 13;1
Oude Vrouwenhuis;1
Lichtenvoorde-Vragender es;1
MAALBEKERWEG;1
STRAND OOSTKAPELLE;10
Doeshof;1
KURSTENSBOS;1
NOORDER LEGMEER POLDER;3
"UDDELERMEER; NATUURBAD";1
NIJKAMPENWEG 12;1
Dijkstraat;2
MEIVEN;1
TEN WESTEN VAN RAADHUIS;1
TEN ZUIDEN VAN HOOG BUURLOSE WEG;1
De Kis;3
VOORMALIGE ORANJE-NASSAUKAZERNE;1
POLDER DE DERDE BEDIJKING, voormalig AMK-terrein;1
MENEGOOR;2
Deurzerdiep;4
HEER OUDELANDSAMBACHT;1
A1-LUTTIKHUIS;1
HAERTELSTEIN;2
POLDER NEDEREIND, BATAUWEG;1
ALMERE;1
RECHTEREN;8
Hofstede Ravensteijn;1
De Meeten 2;1
11.19 DUIFPOLDER;1
Smitsveen, hunebedden van Drouwen;1
LIVELDWEG;1
KROMME SLOOT;1
BAAL;2
06.114 Drs. Stijkelstraat 50;1
NOORDERKAMPEN;1
HEINO;1
RHEEBRUGGEN;1
Speckerweg;1
Oostvoorne Dorpskerk;1
Kloostersteeg;1
"PUTTERBOSCH; EMMALAAN; GRIETEWEG";1
RBP 032;1
DE BENGELT;1
YDER ESCH;1
"Adelaarsweg; Kavel L8";1
KRANENBERG;1
KOOTWIJK 1;1
STADSWALLEN;2
BENNEKOM;2
"KRAAIJENHOF ; NEDEREINDSESTRAAT";1
Groenmarkt(Zutphen centrum);1
NIEUWE BOOGERDSTRAAT;1
Grote of Sint-Jeroenkerk;1
GEMEENTEHEIDE;1
ST. ANTHONIUSVELD;3
HERMELINK;1
Kavel D105;1
Voormalig AMK-terrein M13545 / CMA28F-A26: Wiemselweg;1
ESSCHENDERWEG;1
KAVEL R41;1
AETSVELDSE POLDER-AETVELDSEWEG 4;2
Hamweg;1
"Scheidingsweg; Kolderhof; voormalig AMK-terrein";1
BARGERDIJK;1
Grotestraat 102;1
"DE GROOTE BONGERD;";1
LANGESTRAAT HOEK KRANKELEDENSTRAAT;1
HUIZE DE KAMP;1
ROERSHOEK - KRETASTRAAT;1
"Voormalig AMK-terrein: Beuningen-Centrum; De Tinnengieter";1
Schouwstraat;2
Egypte;1
WOORD;5
ZEILEMAKER;2
KEETEN 2;1
GROOT HEG;1
LOOSTRAAT II;1
BINNENDAMSEWEG;16
Dorpsakkers;1
WAGENLOODS;1
Overhavendijk;3
DE HOOGSE LAAN;1
Harmelenwaard;2
Leidsevaart;2
Huis te Rumpt;1
Hoekwaterstraat, onder Utrechtsebaan;1
04.011 Anna Paullownalaan;1
Vinkenbuurt/ Lage Grond;1
RIJSWIJKSE BOS;1
Loose Beemd;1
HET BOS, SLOT STAVENISSE;1
DE GANZERT;1
LEO-STICHTING/DE DRIETELAAR;2
Sas 12;2
SITE B;1
ACHTERVELD;5
Heertums Akker;6
TWESTERVELD;1
OUDE HOEVEN;2
Ter Horst;1
'T HOF ZOUTE;1
Westerbuurt 30;2
"Kokkelweg; Kavel Y11";1
OOSTER DALFSEN;2
Snelweg / Rijksweg A15 (aanleg 1968);1
01.005 Maassluis Zuidvliet;1
de Bakker;1
HENDRIK VAN BOEYENOORD;1
DE LUTTE;7
HOGE WIEBER;10
Archeologische zone 7, Oostvlietpolder;1
SINT-ANNALAND;2
BRAKEPOLDER;1
Wendel Zuid;1
POLDER DE BERKMEER (VINDPLAATS 35);1
Acacialaan;1
Semmelweisstraat 42;1
Boezemland;2
BEERZERVELD;4
AZALEASTRAAT (HET LAUWIK I);2
VELDBEEMD;1
NOORDWIJK;2
KRIEKESCHOOR;7
Kruisland;1
VOSSENPELS;1
'Bos' en 'Oldenhove';1
KONINGSHOF;7
Langveld;4
LAAN VAN N.O.I.;1
Ten Z. v. Rijksweg/Snelweg A15 - Malburg/Het Haagje/Hamsche Bouwing;1
weg Anloo-Schipborg, kerk van Anloo;1
PIJPENWEEL;1
Ankergebied 3 Oost wrak 1;1
"De Peel; Beekse Peeldijk; Bakelse Dijk; voormalig AMK-terrein";1
UIT DE MAAS;1
ZETTEN-NOORD;1
BEEKER HEIDE;1
ARN. VAN HEUMENSTRAAT;1
NOORDZEE NOORDERHAAKS 5 NCP BLOK Q3;1
EIKENBOOMGAARD;1
Gasleidingtrace Norg 3 - UGS Norg;2
HULLENZANDWEG-OOST;1
DORPSHOF;2
Kasteel Hazart;1
ARMENLAND;3
UPPELSCHE DIJK;1
"Fortdijk; Fort Sint Jacob.";1
NICHTENHORST;1
OUDE TOL-ZUIDWEST;1
Pas van Terneuzen;1
Steenakker;2
TradeParc Westland Mars;1
KUIPERSERF;1
Noorderkolonie;1
PADBROEK;3
Viaduct Aalsterhut;1
WARGAASTERDIJK;1
Breekweijenweg;2
Scharreveld;1
"KLEIN KRAANVEN ; GROOTE HEIDE";2
BESTEMMINGSPLAN MIDDENGEBIED;1
Beckmanlaan 11;1
PAARDENKOPWEG;1
Dominicanenwal en Kerkepad;1
BOERDERIJ HOUW;1
Kasteel Hatendonk;1
ST. ANNA KAPEL;1
"SCHEVELINGEN ; VALKENDIJK";4
ACHTER BLOEMENVEILING;1
16.47 AALKEET BUITENPOLDER;1
SJOARDA;1
BEVERBORGSWEG;1
POLDER NERDEREIND/PROVINCIALEWEG;1
"PROVINCIALE WEG; LANDZICHT";1
"Kleine Melanen; Noordgeest";1
SCHELLACK;4
Waaldwijk;1
VROUWENHUISWAARD;2
Doelenstraat 2;1
Achterweteringseweg;1
DRIEHUIZERKERKWEG;2
BIJ HET ZWIN;1
St. Maartenskliniek;1
Zwaag-Oost, Tolweg;1
de Schipborg;1
DE FRANSCHE KAMP;2
Harstawei;1
REMSESTRAAT;1
20.09 KRALINGERPOLDER;1
KAVEL E56;1
SCHOONENBURGSE HEUVEL;1
De Laagt;2
KRUISKAMP;6
"Voormalig AMK-terrein M6458/CMA38C-047: Polder Noordzijde; Noordzijde";1
"DEN HULSTER ; GROOTVELD";1
DE WILP;1
Beemdenweg;2
't Pluspunt;1
KATER;1
PAARDEN SLENKTE;1
Weiland langs het Mheenwegje;1
DE OUWE TUIN;2
TRENTEWEG;2
ZWARTE MAN;1
BURGZAND NOORD 12;1
WITTEWERF;1
Medwerterwei;1
16.93 AALKEET BUITENPOLDER;1
Ruimte voor de rivier, vindplaats 1;1
Mariengaarde;1
"RAADHUISSTRAAT; TEMPSPLEIN";1
BOERDERIJ S109;1
Gaalse Heide;1
EXLOOERWEG;3
BURGERSHOEVE;1
BOCHT VAN WALSOORDEN;1
GRAVENSTRAAT/FIRMA GROENLEER;1
WAALDIJK-LAMBERTUSKERK;2
De Noard 99-107;1
DE BATUWE;1
Spetses weide;1
Domburgseweg, buitenplaats Hooge Duijn;1
OP DEN BERG;2
Noordzijde 31a;1
BINNENLIEDE (VOORM. BOOMGAARD NELIS);1
2395 Maasdamstraat (ong.), Zoetermeer;1
Veersloot;1
HUIS BEVERVOORDE;1
PONGA STATE;1
Hoofdstraat 242;1
"Oostvaarderdijk; Kavel ZA071";1
Elisabeth van Loonstraat;1
Magnoliastraat-Babberspolder;1
Dijkshorn;3
Mildert VP2;1
Zandgat;1
16.58 AALKEET BUITENPOLDER;1
DE WAERD;2
"Polder Bonrepas en Noord-Zevender; voormalig AMK-terrein";1
MARSBEEK;2
"CHOORSTRAAT ; CLARASTRAAT";1
Kruisland, Grote Spellestraat 1;1
DE SCHELFHORST;1
Steekterweg 75;1
OUDE EENDENKOOI;6
OOSTERDIJK;4
DE DIEPE DOLLTE;1
WOLFSBELT;1
WEENDE;1
HET WILDE LAND;3
KRAAYENSTARK;2
Plakstraat;1
STERRESCHANSWEG 69;1
"HOLTMUHLE; HOLTMOLEN; GLAZENAP";1
Janssen & Fritsenplein;1
Noordzee NCP Blok S7;1
NOORDERES;4
STAATSMIJN BEATRIX;1
Groot Zwart Ven;1
Het Leen;35
Juliahof;2
BRONNEGERMADEN;38
WYGARASATE;1
Ter Hofstadlaan;1
TRACE S11, LOCATIE 3;1
Mr. van Coothstraat 28a;1
Bornsche Beek, tussen Vingergras en Weerselosestraat;1
KAMPS HEIDE;1
Bossche Broek, Kloosterstraat;9
Offem;3
"KLEIN BERGHEM;";1
Sylviusterrein;1
HILLSE STRAAT;1
BONTEBRUG;1
VALKENHORST;1
GRACHTSTRAAT 6;1
NIEUWE GOUW;1
Haeselaar Hekberg;2
ONDERDUIKERSTOCHT, KAVEL C113/C120;6
Voormalig AMK-terrein M10449: Het Oudland;1
Brandstraat 27;1
HOOG MOERSBERGEN;6
AMSTELVEEN;1
Zanddijkseweg;2
Touwbaan;1
Vindplaats 7, deelgebied 5;1
RUITERWEG/HOLTKAMP;1
De Bron;1
DE WOERD-NARCISSENSTRAAT;3
Groot Koemeer;6
VEERSTIK/GROTE STIK;2
Kasteelstraat 22;1
HOOGRIEBROEKSCHE HEIDE;1
HEESSELTSCHE MIDDELPLAAT jaarboek1;1
KASTEEL ROUCOOP;1
Wetsingermaar;1
PANNEKOEKBULTEN;2
01.039 Liesveldviaduct (1957);1
MERCKEBURG;1
BREEUWERT;2
WEG ROLDE-GROLLOO WEST;1
"UDEN - ZUID ; HULSTHEUVEL ?";1
GOUDEN HAM;1
Zandseveldpad;1
Lange Eker;1
MEERDINK;1
MUNSEL;1
HEINOSEWEG;1
OPRIJLAAN VAN KASTEEL HERNEN;1
Centrumplan Duiven;1
"ROTTERDAMSE KOPERMOLEN ; EIKENHORST";1
OUD EMMELOORDERWEG;1
Jardinga, Johannahoeve;1
HUIS TETRODE/GEMEENTEHUIS;1
Tjalke van der Walstraat 10;1
Recreatiepark De Voorst;1
ROOMBURGER POLDER;1
Klaverpad 9;1
Schuttersveld;1
Huis Ouden Ampsen;1
Asielzoekers Centrum /Zundertseweg 8;4
Regentesselaan;1
WITVROUWENBERGWEG;1
VELSERBROEKPOLDER;10
STEEKTERWEG;1
Knooppunt Holsloot;1
Sint Agathakapel;1
RIJSTERBOSCH;1
DE PALTZ;2
KUINDERDIJK;1
OOSTERLAND 4;1
Schellerdijk;1
Doonheide 26;1
HUIGSLOOT;1
VOORM. KWEKERIJ WILLIGENBURG;1
VIATAAL;1
OUDEGAASTER ZANDING;1
Boven-Tjonger bij Jardinga b;1
EUROPAWEG-ZUID;2
ACHTERLOET;1
"WAAIGAT / VETTE KNOL ; GROESTOREN";1
HET ZWIN;5
Informatiecentrum Lange Kolk;1
HOLLANDSCHE LOOP;2
GEVANGENENPOORT;1
Grotestraat Waalwijk;1
Groengebied Hollandsche IJssel;1
KRALINGERPOLDER;3
Klompenmakerstraat zuid;1
Loovelden;4
UILENBROEKEN;3
Warnserbuorren;1
"Groot Kasteel; Haageind";1
KOOTWIJK 4;1
DOORNENBURG;3
Groot Boller;1
"EEM ; OCRIET-EILAND";1
NABIJ HOOGE LAND;1
WALDFEUCHTERWEG;2
KASTEELLAAN;5
NOORD HAFFEL;3
Oosterberg;2
N68;2
HEIDEKANT;5
SPEELMANSPLATEN OESTERDAM;1
TEN ESSCHEN;2
BEKKEZIED;1
ZONNEVELDWEG/HOGE KLEI;1
IJSSELWEIDEN;1
BRUINSWAARD;2
De Laar;4
Groenstraat 21;1
Onderweg;2
DE LINDE;2
Mastbos;1
POLDER NOORDZIJDE;2
HOEF / BUSSCHOOR;1
Vuurbaak, ' Mildenburg';1
DUINBEEK;1
RAVELINGSTEEG 7 (ACHTERTUIN);1
"TUMULUS ""D5A""";1
GORTESTUK;1
EDUARD HOEVE;1
Lekdijk, Salmsteke, Lek;1
SELLINGERBEETSE;2
Diamantlaan;1
"KOOLBERGSE WEG; WOEZIKSESTRAAT";1
Boschjes;1
NIFTRIKSE SLUIS;1
ARNHEMSE POORT;1
Sint Joosterweg;1
IN DE BUURT ST JOOST;1
HARENSE HUT;1
Leeuwerikenveld;3
MIDDELWEG;7
SCHANS GELDERSOORD;1
DINXPERLOSEWEG;1
Schutsboom;8
Noordeweg;1
Grote Bagijnestaat en Lange Nieuwstraat;3
VOLLENHOVERWEG, KAVEL S114;1
Polder zwaardijk;1
KAVEL P25;1
FRANSCHE BERGEN;1
Lent Oost;1
LINDER HEIDE;1
veerstalblok;1
Steenweg;3
voerdijk ( vindplaats 10);1
MUSSENBERG;6
BABBERSPOLDER;12
Waterberging Pompsloot;1
Rondweg Zeddam Vindplaats 2;1
HAARLOSCHE STEEG;1
Schepersgats;1
Jacobskamp;1
HOPWEG. KAVEL K58;1
MARKT 4-6;1
"Neliske; Berkenallee; Franschenhof; voormalig AMK-terrein";1
Nedereind / Boerderij De Middenhof;1
Sint Martinuskerk (Kerkhof);1
01.29 WOUDSE POLDER;2
DE KERKHEUVEL;1
GENDERSTEIJN;1
Erve Springop;1
DR. POELSSTRAAT;2
DE KRUISBERG II;1
Smitjesland;3
D34-MEERVELD;2
DOLDERSUM-OOST;1
Langsteeg 5;1
Jorden- en Maaiersveld;1
ROOMBURG;15
Bornwirdhuizen;1
Tilligte-West;2
GGD;1
Twijzelermieden - Lokatie III;1
Sint laurensstraat weggwerkzaamheden;1
Centrum Plan Bergschenhoek;1
SJUCKMAHUIS;1
Jukwerd;1
BOOMEN;2
KRAAIENNEST;1
KADETWEG;1
HOOGSTRAAT II (BIKKELENBURG);1
De Baars;1
Burggraaf;1
Anlooer Diepje;6
Het oude kerkhof;1
WOENSDAGSE WETERING;1
Fort Hazepoot;2
KLOESEWIER;1
"KASTEEL WALBURG; WALBORCH; WALBORGH";1
DALLINGERWEER 26;1
19.20 OUDE CAMPSPOLDER;1
BATAFABRIEKEN;2
ELzenbos;1
STRIJKVIERTEL;4
Dorpbroekstraat;3
Strahlegarden;1
HERVELD ZUID;5
4 Noorder Koggen;1
KLEIN BRABANT;1
Het Uivernest;1
MARIS;1
Kilweg;1
Emaus;1
Oostvoornse Meer 2;1
PAAL 13;2
MOLENAKKERS;9
Nieuwe Haven;1
SUSTERBROEK;3
de Hoge Akkers;1
TETENBERG;2
Laares;1
ST. SERVAASKLOOSTER;3
09.005 Nijverheidsstraat 24;1
Kavel A97;1
Lange Vijverberg;1
Meerdijksche Driessen;1
DERRINGMOERWEG;1
BRINKHUIZERHOEK;8
De Traan II;1
Het Wed, De Bol;1
de Eefsche Enk;2
HOOFDWEG 7;1
13 Februariplein;1
D27;1
Voelslak;10
JAGERSWEG;2
KETELWEG, KAVEL N6;1
BOSGEERTJE;1
NORGERHOLT 3;1
CANNENBURGERGAT;1
KAAPDUINEN;1
Kasteel de Voirt;1
DE WOERDE;2
ZWAANSHEUVEL;1
't Waal Tweegras;1
Lindenlaan;1
BOERDERIJ TIJSSEN;1
"Voormalig AMK-terrein M7495/CMA30G-028: Centrum; Rietvink; Zonnewijzer";1
SCHAAPSDIJK;3
"NH KERK; VALKSTRAAT";1
IMMENWEG;1
"Nieuwe Wetering; Lekdijk; voormalig AMK-terrein";1
WIJCHENSE MEER WIJCHEN 2;1
NIJKERKERWEG;3
"KAAPSCHE BOSSCHEN; ST. HELENAHEUVEL";2
WSCH. STROSTEEG;1
Oosteinde;4
"DE HEISTERT; LUZENKAMP";2
Pastoor van Weerdstraat 3-5;1
't Buitenhof;1
ALBERTINAHOEVE;1
"Potterstraat;Looiwinkel";1
GAT VAN OSSENISSE;1
OOSTERVELD-WEST;1
THERMENMUSEUM;5
N210/C. G. Roosweg. Vindplaats 4;1
VREDEVELD;1
GROTE KATWINKEL;1
HAMERSHOEK;1
ENGELSSSTATTERPAD;1
WOLDBERG;2
Cirkelbos, Almere Overgooi;1
Voormalig AMK-terrein M13241: Voorwetering;1
LANDGOED NOREL;1
Dominicusweg;4
BROEKSEDIJK\\;1
EMMERHOUT-WEST;1
HOOGEINDWEG;1
GALGWANDVEENTJE I;1
MIENSKERWEG;1
Noordeinde 4a;1
Nieuwland;3
St-Jozef;1
Sint Ursula;1
KORNEBRUG;2
Hotel de Limbourg;1
"DE PAS ; PASSEROT I";1
HONDENGAT 2 NCP BLOK S5;1
Keuterseweg;1
Nije Fraam;1
voormalig AMK terrein 9484, 37F-001;1
OEKELBOS;1
KAVEL D134;2
ACHTERSTRAAT I;2
RUIGTEN BEZUIDEN DEN PERENBOOM;1
Bronsgeest;3
HOGE ROOYEN;1
De Buren 14-22;1
RAAKS;1
Da Costastraat;2
De Burght;1
GAT VAN DE AA;1
ST WALBURGSKERK;1
LOONDERAKKER;1
BOT / SCHERF;1
Brouwershoek;1
Hoeg Hout;1
OELESHEYDE/ULINGSHEIDE;1
STROOMESCH;4
ERVE PATERHUIS;1
KAVEL P32/P33;1
Oever Binnengracht nabij Heksenwal;1
Zeegat Vlieland / Terschelling 1;1
MAASBRACHT;3
De Helle;1
STEENE KAMER;2
Raamsberg;1
"JAN JOOSTENWEG; DE KAPEL";1
RONDWEG MIDDENWEG;1
ABSTROET;1
Beverakker;1
"ST. GERTRUDISKERK; N.H.KERK";1
WINKELSTEEG;2
Terdiek;1
HET HESSELER;2
Landgoed Terborgh;2
NIEUWSTADWEG;1
RAAMBERG;3
SLAGENWEG;1
Sir Winston Churchilllaan;2
"STOLPWEG; OUD DEN HOORN";1
David van Bourgondieweg (ong.);1
Zuiddijk;1
Watermolenweg;1
GINKELSE WEG;3
terp Wie;1
Oosterschelde Zeelandbrug 1;1
HET HEIDJE;1
GROTE WOLDWEG 78;1
NABIJ DINGSPELBERG;2
BUSSER EIND;1
HOFSTAD ZWARTENWAEL;2
ZANDERSHOF-HOF EN ZANDERS;1
ZETTENSCHE VELD-OOST;1
Zegheweg;1
WINTHAGEN;1
ERFGOOIERSLAAN HEUVEL 104;1
"VREDELAAN; ZEVENEINDEDRIFT";1
HOOISLAGEN;2
KLEEFSLAG;1
Spanjaardsdijk Noord 10;1
Reconstructie N228;1
Rijsweg;1
OOSTERBEINTUM;2
BERGOSS;1
M53;1
Wapen van Aalsmeer;1
LANGE VEEN;1
Heesakker;1
WESTERSTROOM-OOST;4
SMALDONK II;1
ST ANNA;1
DE WOERD;42
SPIJKERBOORSTEEG 3;1
polder Noordwaard;1
BRUGSTRAAT;1
RUITEN-AA;1
ZUIDERMATEN;1
De Boschrand;1
OUDEBOSWEG, KAVEL O13;1
OUDE POLDERWEG;1
Leusderheide;5
MEYSCHEVOORT;1
D53-HAVELTERBERG;1
brugweg;1
Parkelerweg 13;1
NIEUW ANNERVEEN;1
VOGELFORT;1
Autoweg Assen-Veendam;1
BOKHOVEN I;1
PLATTE BOSSCHEN;4
Hoekland;1
"Onderduikersweg; Kavel C114";1
SUSTEREN;3
GALGWANDVEENTJE II;1
Norg en Sappemeer;9
Kloosterwei;2
WAALBRUG;1
OCHTEN - DORP;1
GREPPEL;1
WOLFSVEN;3
Polderwijk;1
Noord Koninginnewal - Ketsegengske;1
Pomona;2
Zuid Esmarke;5
HARTEVELDLAAN 52;1
Noordeinde;2
KORENWAARD;1
Oud Bodegraafseweg, locatie 4;1
HAVEN HANSWEERT;1
ACHTERSTUK;3
WOLFHEZER BOSSEN;1
HONDSLAG;1
WUSTERWEG;2
DE BOVENPOLDER;1
"HUINERVELD ; BATO'S WEG";1
HOLZKUILEN;1
ST. GOARKAPEL;19
STRAND SCHOORL PAAL 29;1
AALKEET BUITEN 062;1
HOUTSNIP;1
"DE KOEKENBERG ; KOEKENBERGWEG";1
Emiclaerseweg;2
BAKKERSDAM;1
Engelsmanplaat 4;1
MERCURIUSSTRAAT;1
SNEEK JACHTHAVEN;1
"Voormalig AMK-terrein M10496/38D-035: Polder Liesveld; Middelwetering";1
VOORM. HUIS TE BLOTINGHE (HODENPIJL);1
Kasteel Bokhoven;1
BURCHT VAN OOSTVOORNE;1
Schoeberg;1
De Kromme Hoek;1
Hoge Zijde;2
GEUL VAN DE BANJAARD 2 NCP BLOK S5;1
OOSTKETEL;1
Vonderman;1
WEZELSCHEBERG;1
FORTWEG;1
KLEINDENNEN-ZUID;1
De Meule;3
Schaapsdijk;1
NAGELERWEG, KAVEL J78;4
JANSWEG 9 - 15;1
Gageldonkseweg 13;1
KERK AAN DE BRINK;1
VREDESTEIJN;1
EMMERVELD-GROOTE LANDEN;1
WOUTER KLEIJ;2
HEETWEG;1
VLEDDERKAMPEN;4
Heythuysen-West;1
13/ Adelaarshoek/ van Allerhof;1
Hoogeinde;1
DIJKGRAAF DE LEEUW.;1
BARCHEMSEWEG;1
Waarder stroomgordel/Kerverland;1
DE VALK;2
De Hofte;1
DE HILM;1
KERSENLAAN 7;1
OUDE POSTWEG;1
DE HEUVE;14
Krussel Kampen;1
L ABTWOUDSCHE POLDER 13;1
SCHELLERBERG;1
Gedempt Achterom 45;1
Graaf Florisweg;1
ELSBROEKEN;5
BUITENKERK;1
Voormalig AMK-terrein M10513: Polder Groote- en Kleine Lindt;1
Nieuwstadskerk;1
Achterdam 1;1
Zijtaartsche Beemden (achter de sluis);1
MANDELANDEN-HOLTSLAGENWEG;1
Trechtweg 10;1
VANENBOSCH HOOG SOEREN;4
Bokkumer bult;1
BROERSTRAAT 55;1
NOORDZEE NCP BLOK M11;3
TONTELSTRAAT;1
achter boerderij 'Yntahus';1
Langestraat 97 Stadhuistuin;1
WAAISTRAAT;1
BURG STROINKSTRAAT;1
Kruising N286-Kadijk;1
STAMPSTRAAT 51;2
Plangebied 't Klooster;1
DE HEI;2
WESTERHEEN HEIDEHOF;1
"Hoochwoert; Kerkplein";1
KLOOSTER KONINGSLUST;1
HET HOF;16
HOEK OUDE KOEMARKT-GALIGASTRAAT;1
HARTSKAMPEN;1
BIJ OLYDAM;1
VOGELZAND 46J;1
Kortland, voormalig AMK terrein 12924;1
GROOT HEILIGENBERG;2
SNEEKER OUDVAART;1
Burgemeester van Sleenstraat;1
ESCHAREN;12
Oude Zandstraat;1
HET OORD;1
Graphornlocatie;1
VORSTENGRAFDONK;5
Hoeve Molendijk;1
L ABTWOUDSCHE POLDER 09;1
BIERSTRAAT;1
Kavel S101;1
"KORENMOLEN ""DE HOOP""";1
Groene Kruisstraat 3;2
SOPHIASPOORTUNNEL;1
D52-HEZENES;1
Plangebied 3Z6, Groene Kadeweg;1
Uitvindersbuurt;3
De Plaat;1
POLDER NEDEREIND/BATAUWEG-ZUID;1
KLEINE WOLDWEG;6
"DE HORST; OOLDERWEG; LATERAALKANAAL";1
Schone Hofstede, Enghsloot, voormalig AMK-terrein 12132;1
Postweg, Gemeentehuis;2
VLEDDERVEEN;1
OOST V.RIETERHOEVE;1
WITTE PAAL VI;1
Oostvaartpark;4
ter Walslage;1
LANGS DE IJSSEL;1
Dorperfeld;4
TONGEREN, VELDAKKERS;2
JASPERS BERGJE;1
Maas Ravenstein 1;1
SYBRANDSHUIS;1
DE MEYER;4
WOLFSKUIL;6
Kruiseind;1
LUURSE LAAK;1
IJssel;1
De Scheperij;1
Hoekstraat 114;1
Bossche Broek (latere lokatie Provinciehuis);1
Elsa Hoeve;2
AUTOBAAN AFRIT NEERBEEK;1
Biesheining;1
Grote Molenstraat-Eldensche Zeeg;1
As Kanaaleiland;1
Darwinweg;1
MEERNDIJK;1
Ziekerstraat 42;1
HERENLOGEMENT;1
BLANKENHAMMERWEG, KAVEL R13;1
WIERDE TOLWEG-ZUID;1
WILGENPLEIN WEST;1
KOLKEN / IJSSEL OLST;1
Polder Kropswolde;1
16.86 AALKEET BUITENPOLDER;1
HET WITHAG;2
SCHEERWOLDE;1
Antaresstraat;1
Wilhelminastraat 53;1
HELTENBOSBRUG;1
Wieken Vinkenhoef, Hogeweg nr 255;1
MOLENHOEK;14
Hoofdstraat 254, achter en naast het cafe;1
Fietspad N225/ Grebbeberg;1
BAKKERIJ;1
Lingedijk-Oosterwijk;1
Rustenburgerpad;1
POLDER HET WESTMAAS-NIEUWLAND;1
GRIETMANSWIJK;1
"KOEWEG ; HEIDEBAD";3
"DE LOFFERT OOST ; DE LOFFERT IV";1
LUNTEREN;4
Langeweg;6
Hopland;1
FORT SUIKERBROOD;1
TROMPSTRAAT;1
Emmabaan;3
De Golfslag;1
HOOGKEITEREN (GRAF 4 T/M 7);1
HET SCHAM;1
Moolweg;1
VALKENDIJK;4
Bedrijventerrein Hogeweg;1
Averbergen;2
REDT U ZELF;3
HUIS TE RIVIERE / MATENESSE;1
ZWANENBAD;2
Schoolstraat/Molenweg;1
HOGE BOEKEL ERVE DE SLANK;1
"SPOORSTRAAT; HOOGSTRAAT";1
BLIKKENBURG;3
EISSINGEHEEM;2
ONNAPOORT;1
locatie 6 schoonebeeker diep;1
Abraham Douglaslaan;1
SINGELTJES VAN BURGST;1
LOOSTERVEEN;3
Zandwinning Gasselterveld;1
HAAGSE BOGERD;4
Engelsmanplaat 3;1
Bovenblok;3
Gouderaksedijk 63/71;1
HUIS 'T HASSINK;1
Stockhovens Land;1
MELKSTERSTRAAT;1
LUGTENBURG;1
IEGELPOEL;1
VLIERENBERG;1
OSSENDRECHT;1
FIRDGUM DORPSTERP;1
VEN ZELDERHEIDE;7
HOOGTE;7
Zandsedwarsstraat - Karstraat;1
KOUWLAAN;1
Noordoosttangent, Bosscheweg;1
Bos Amstenrood;1
ERF KLAASSEN;2
Urkerweg, Kavel J7;1
HEINSBERGERWEG;4
Honingsveld;2
DE BEUNINGEN;1
WALIEN;1
THORN;1
DE PUTWIELEN;1
DUBBELDAMSE WEG;1
BURCHT II;1
Plangebied 3C0, van Eesterenplein;1
"DIJKHOF; RIJNBANDIJK";1
Polderstraat 3;1
NOORDVENEN;1
Clarissenstraat, Protestants Kerkje;1
BEUKENLAAN 32;1
MOLEN VAN BELS;1
Donkerbroek-zwembad Tjonger;1
"DE WEERD; BENTHEIMER SCHANS";1
ZUID LHEEDERESCH;2
HOOGERGEEST;2
WAALSDORPERVLAKTE;6
NIJLANDERBROEK;3
Hooidonkse Akkers;5
RONDAVEL;1
"LANGESTRAAT ; BOUWPUT HEHENKAMP";1
Johannahof;1
DE CAMP, AGNIETENKLOOSTER;1
SINT MARCUSSTRAAT;1
LEMSELER ES;1
Schapenveen;1
RIJS EN OOYEN;1
07.085 Maassluissedijk Vergulde hand west 8;1
Ghoor;2
DE MIJLPAAL;1
de Horrekijker;1
MAARNSE GRINDWEG;2
WEERDENBURG;13
Huize Casimir;1
BERGESCH;1
Rooseveltlaan;1
HOLLAND;1
HET STREEKBOS;2
Slimstraat;1
Castert;1
"RIETWIJK; JAN VAN KUIKWEG";1
CREMERSTRAAT NOORD;1
Schoolstraat 43;1
Hertogsweetering;1
POLHOOGTEN;1
Binnendijk 73;1
Kerkebuurt 185;1
"HS.HALSTEREN;FRANKENBERGE; WATERKANT";1
KETELDIEP;1
Groote Wetering/Diepteweg;1
RUISWEG;1
UITHOFPOLDER VREDERUST;1
Ambachtsherenwegeling;1
Het Heideveld, Baarsweg;1
NIEUW-PIERSHILSEWEG;1
OUDE DIEP OOST;1
"DE HAZEPOOT; FOSSA EUGENIANA";2
HAULERWIJK;1
Lekdijk, voormalig AMK-terrein;1
SLEIJEBEEK;2
Houtse Beemd noord;3
AAN DE RIJKSWEG;2
LANGETOCHT, KAVEL C120;1
Ige Galamawei 5;1
BLITTERWIJCKSEWEG;1
Schipborgsche diep;1
NOORDZEE NCP BLOK M7 1;1
DE SNIPPEN;4
2E TIEFLAARSTRAAT;1
Cleene Hoogeweg 1;1
GEERSTRAAT E.A.;2
HEEMRAADSDAM;1
Watertransportleiding Susteren-Sweikhuiz;1
"FRANSEWEG ; MODDERPAADJE";1
KAMPENWEG;1
DE RUIGE HOEK;1
4M Groenendaal Groen Singel;1
POLDER VECKHOEK, voormalig AMK-terrein;1
VOORAARD;1
VAN VREDENBURCHWEG ROS-SCHOLENGEMEENSCHA;1
Hemmelhorst;3
TEXTIELFABRIEKEN;1
Mollaan;1
BREEDELAAN 4/BUURTWEG 3;1
MARQUETTE;2
Lutke Wier;1
Kavel K1;1
BREEKOVEN;1
Bisschopsmolenstraat 71-83;2
Park Zuidergaard (bij de Mestbrug);2
HEEZENPOORT;2
"'T WAD ; GRIMWEG";1
Lange Blokweg;2
Kasteel van Gronsveld;1
"Kromme Rijn; Nieuwe Amelisweerd, voormalig AMK-terrein";1
Engelanderweg 24;1
FRANSCHEHOEF;1
PLANGEBIED STOKKERSWEG/EIGDEWEG;1
DOMMELHOEVE , SCHOONBERG;1
Noordzeekust Monster 1;1
EMMALAAN 19;1
"Burseplein; Bursestraat";1
Vianen, Langendijk 58;1
SOMBROEKSVELD;1
A2 Zijderveld;1
"De Kluis; Seipgensstraat; Frans Erenslaan";1
DE VLUCHTHEUVEL;1
Ursulinenpark;1
BIJ ZWEMBAD;1
TONNENBERG;2
Wooldstraat 25;1
ZUIDWESTERRINGWEG, KAVEL H51;2
VOLENBERG;2
Prins Bernhardstaat 56;1
"Didam Doetinchemseweg; Loil, nieuwbouw Kloosterstraat";1
BREDE STUK;1
SCHAAPSDIJK SPOORLIJN;1
KERKHOF;32
Bospark Manresa;1
'T WARMTINK;1
ALPHEN AAN DE MAAS;1
GOUDSBERG (PANNEBOSJE);1
VLOOTVEESTRAAT;1
11.00 DUIFPOLDER;1
VERDRONKEN POLDERTJE II;1
KLEIN AMERIKA;3
Vliegveld en rondweg;1
Jonckbloetlaan;1
Emiclaerseweg Hoogland;1
HEIMOLEN;1
PURMEREND-WEST 9;1
Escharense Veld;2
OMTAWEG;1
GROESWEG;2
Helvoirtseweg 19;1
Limmen- de Krocht;1
VOORM POTTENBULT;1
Troelstralaan;1
Wilhelminakanaal;2
ACHT 'II';1
MILHEEZE II;2
OUDLEUSDENERVELD;1
Gassel, nabij Hoeve 7;1
4.OOSTZIJDE V/ DOMMELSVOORT;1
"NIEUWENROY; OUD-HEUSDEN; NIEUWENRODE";1
Middenweg 146;1
T&D terrein;1
GERNER/ANKUM;1
Amsterdamse Veer;1
ERVE HAZEWINKEL;1
ZWEMBAD POELENDAELE;1
KERKDIJK;1
"KLEVERSKERKE GALGENBERG; Zoutketenweg";1
GELPENBERG;6
Dierdonk;4
Emmastraat 88;2
HEISCHOORSTRAAT;2
RIVIERENLANDLAAN;2
Perceel naast woning 5B;1
Nieuwstraat 16;1
KREUZELWEG;1
DE HOEF;9
Johannesschool Buurtweg 20;1
VAN MOOKLAAN;1
EST;6
DOMEINENWEG;1
De Dousberg;1
Langestraat 103;1
GRUENER WEG, ROLDUC;1
EMMERES;1
Herinrichting beken kavelruil Vreeman;3
Molenkampstraat, kerkterrein;1
LANGS DE DEVEL;1
Cartermans 1 en 2;1
Lagedijk 270-276;1
Varenschut;1
KLEITELWEG;1
BOLLENTUIN;1
SCHAELSBERG;6
Rijksweg (deellocatie 1);1
Oostervoortsche Diep;1
"HET SITTERT; VEESTRAAT";1
DE WORM;1
Ambyerstraat-Zuid;1
STRATEN;3
Houtveld;1
Bleumerweg;1
"BURGST; HAAGSE BEEMDEN";1
DE BEESDE/ HUIS CAMMINGHA;1
"ANTONIAHOEVE ; COXSE BAAN";2
WITVEEN-NOORD;1
ZUIDERMIDDENWEG, KAVEL H34;1
"PARK HOEKENBURG-FORUM HADRIANI;";1
GANZENWEG;1
AMSTERDAMSE POORT (ZIE VRIJE TEKSTVELD);1
kruisstraat;2
Valkenierslaan 43-47;1
HET HETJE/HET STEEN;1
DE GEMEENTEWERF;2
HERINCKHAVE;4
Schepersheuvel;1
KLOKBEKERTOCHT, KAVEL G43, WRAK 23;1
Molendijk;3
ABDIJ ROLDUC;1
SCHIETVELD;1
DE SCHEIFELAAR;5
L ABTWOUDSCHE POLDER 10;1
BERKENLAANTJE;1
Park Rosenburgh;1
borgweg 15;2
't Goy, Amsterdam-Rijnkanaal;1
MAREN KESSEL;1
Baarleseweg;1
Interbrew;2
AFFERDENSCHE EN DEETSCHE WAARDEN;1
BURGZAND NOORD 4;1
ZANDBERGSEWEG;1
Diepstraat 29;1
GRENSPOST SWALMEN;1
ZUIDOOSTERPLAS;1
LENSENBURG;1
Molenwater;1
HOOGOORDSTRAAT;7
16.03 AALKEET BUITENPOLDER;2
EMMERMEER;1
DE LIEVE VROUWENBERG;1
DE VERGT;7
De Linie;1
GEENEIND;2
SLANGENWEG WEST;1
Megense Baan/Herstraat;1
Kleine Bredeplaats;1
DE ZANDERS;2
HOOGDIJK;4
01.016 Kortedijk;1
STAART VAN URK;1
ROTSCHERWEG;3
DRIEHOEK;1
ZELDENRIJK;3
Laawikstraat (noord);1
De Lijnstukken;1
Peelstraat/Peelloop;3
BLANKENBERG;1
PEURSEMSE WEG 95-97;1
UITERWAARD MAAS;1
"Urkerweg; Kavel E7";1
ST. PANCRATIUSKERK;1
Rabobank;1
"BOLBERG; LEIGRAAF";2
Oude Courageweg 1;1
LEK;2
Lageweg 24;1
"Hoornboegsche Heide; Hoornboegse Heide; Zuiderheide; Holleweg";4
OUDEHAVEN;1
Blauwpoort;2
ZUIDEINDE/VORM. HUIS TE EELDE;1
KOKSHOORNLAAN;1
Wijbersche Hooge;1
"VENEIND ; KERKHEI";1
WELGELEGEN-NOORDOOST;1
BIJ DIJK VAN DE RIVIER DE MAAS;1
TUMULUS 11;1
HEESAKKERS;2
HOLT;11
OOSTERPOLDER, DORPSSTRAATNOORD;1
DELLENDER;1
KORMELINKSBULTEN;1
poppink;1
BLOEMSTRAAT/STADSWAL;1
BERGENTHEIM;3
BOLLANDERBEEK;1
PUINPLAATS;1
Engelsestoof;1
DUIZEL;4
OVERWAARD;1
Veroniek;1
UITHOFPODER VREDERUST;1
Sem Dresdenstraat - Hogeweg 2003;1
De Liezen;1
KLEEFSEWEG;1
Trip van Zoudtlandtkazerne;1
DEVELSINGEL;1
WINKEL;2
Doren;1
TRAAY, HEUVEL 1;1
ST. WALBURG;1
LANGEVAART;2
ZUIDELIJKE ENTREE;1
NULANDSE WEERSCHENK;1
HIEMSTRASTAETE;1
Oostelijke Poeloever/Handweg;1
HUINSERPOLDER;1
Munnikkenland-Ritselaarsdijk;1
De Lange Vlieter;1
Zandfort (Flakstelle Zandfort);1
"Kruisberg; Karstraat; voormalig AMK-terrein";1
DEN KAAT;2
Hollanderbroek;1
VRENDENBERG;1
SCHOORVELD EVERLOSE BEEK;1
OOSTER LAGE EGGE;1
ENGBERGEN II;1
Bemelerberg;2
HOORNBRUG;1
ERVE HET ROZENDAAL;1
Kielspit (locatie 12);1
LEMSELER ESCH;3
Parklaan, ligweide zwembad De Banakker;1
Abbekindersezandweg;1
HEUVELEN;37
Doonheide-Noord 'legerkampje';2
KRAATSWEG 6;1
TESKEN-OOST;1
LANTERD;2
Smedekensbrugge, AMK-terrein 2456;1
Breetse Peelweg;1
Achterbosch;1
DALERVEENSE WEG;1
WITTE SINGEL / DOELENCOMPLEX;1
SOMEREN;2
NOORDZEE BOLLEN 3 NCP BLOK S3;1
BURGEMEESTER LOTSYSTRAAT;2
Klaus;1
AMERSFOORTSEWEG;1
Harselaar West fase 2;2
NEERBEEK;1
REINOUD VAN GELDERSTRAAT;2
HEUMENSE WEG;7
Drift 2;1
Pampushout;4
WAGENINGSE BERG;6
Plangebied Zonnekamp-Oost;3
HEXELSEWEG;2
Huib v/d Vechtlaan te Bunnik;1
"OOYVAARSRIJT ; SPARRESTRAAT 5-7";1
Kaffebergweg;1
Kraaijenbergse Plassen;1
ZWARTEMEERPAD, KAVEL T59/T60;1
PUTTEN;3
ORCHIDEESTRAAT;1
Cronenburg/ Boer Beentjes;1
JOOST VAN DE VONDELSTRAAT;1
Houtsche akkers;1
Westwal 43;2
KIEBERG;1
Trade Port Noord, dg. 7 terrein F;1
Terpeleane 4;1
Zijtaartsche Beemden;16
TRAAYWEG;1
de Nielt;1
TEN WESTEN VAN STAVERDEN;1
Dorpsstraat 15, 18, 23;1
"Polder De Vlierbosch; Opvaart";1
LANGE STRINKDIJK;1
Molenstraat 89-91;1
"LANGE WEG ; SCHAVEREN";1
Centrumplan I en Julianastraat;1
Slot de Blauwe Kamer;1
Voorstraat 28;1
Sanbuorren;1
Konijnenlaan 45a;1
HARDDRAVERSDIJK;1
Vijhestraat/Blauwverversteeg;1
GASUINIE-LEIDING;1
SPEULDER BOS;1
KLEUNVELD;1
Plangebied Schoorlaan/Zaagmolenstraat;1
DIEPERSESTRAAT;1
ACHTERLO;1
MIDHALM;1
POSTERBROEK;3
Ritsevoort 60;2
Stichtsekant / Lijsterweg;1
Aamse Pad, Landas-Oord, RAAP vindplaats 6;1
DE DRIEHOEK;3
MUISBROEKSWEG;1
Wijnhaven;1
MEDEMBIL;1
Voormalig AMK-terrein M13825 / CMA28H-A21: Schalmeden;1
KAMPERWEG, KAVEL O24;1
BUURTSCHAP LOERBEEK;1
De Langenhorst;1
WITTELTE;3
VEERPOLDER I (T.OOSTEN V.ONTSLUITINSWEG);1
OSSEBROEKEN;1
NOORD 46;1
TOMBERG / RAVENSBOSCH;1
Baexem;6
Uffelsebeek;1
SMEERLING;4
OUDE WEERSELOSE WEG;1
VENHOF;2
N.H.KERK / UTRECHTSESTRAAT;1
GROOTE HEEZE;3
Naaldwijk Holland College;1
Voormalig AMK-terrein M9453 / CMA37E-062: Holy Zuid;1
GARBRANDSLAND 3;1
Kerkpad 2;1
"Heikant-Zuid; voormalig AMK-terrein";1
Rotterdam 't Hart Fase 2;1
WAARDERWEG NABIJ DE WAARD;2
GROTE NES;1
BIJ HAELENERWEG;1
GRACHTWEG;1
Grindweg 140a;1
Platen van Hulst;1
Oude Wand 53;1
Veldstraat 79;1
"PUTTERBOSCH; POSTWEG";5
OUD BODEGRAAFSE WEG;2
"OSSENWOERD ; OSSENWAARD";1
Spoorlijn;10
"Trichterveld; voormalig AMK-terrein";1
SPAANSCHE SCHANS;1
DE MADEN;7
VARENNA;1
R.K. KERK;2
Kromme Weele;1
PAASCHBERG;1
DE APPENT;1
HOUWEG;1
Stompendijk;1
"Hoek Grotestraat; Voorstraat";1
BOVENKERK;1
MORTEL KRUISPERCEEL;3
Napoleonsweg;15
SMELE;2
Hooger Werf;1
ONLAND ZEVENGRAS;1
FORT ST. PIETER;2
ERMELOSE HEIDE;26
Laauwikstraat (zuid);1
DE VALLEI;1
SPORTCOMPLEX LANGEWEG;1
STOKVEN;5
't Haartje, bij nieuwe randweg Nieuwland;1
"Soesterhoogt; Voormalig AMK-terrein";1
NABIJ NIEUW ERF;1
Darthuizerweg;1
Zweedsestraat Oost;1
VOGELTOCHT, KAVEL E39/E40;1
GAPINGE;6
NOORDZEE NCP BLOK L15;1
HIPPOLYTHUSHOEF;1
Oudemanhuispoort1a;1
GLIND;1
Californie;2
Hoptille, Hilaard;1
DE TELLING;1
Galgenberg (gem. Utrechtse Heuvelrug);1
VALE DRIES;1
Grote Molenstraat - Honingsveld;1
Bloemendalsestraat 38-40;1
VOGELZAND VII;1
Wier-Zuidoost;1
SLIJKAKKERS;1
AALKEET BUITEN 076;1
"Rietweg; Kavel T23";1
STARINGLAAN;1
Veenendaalsestraatweg;1
Watergat;1
ASSENDELVER POLDERS-SITE H;1
Darthuizerweg (gem. Utrechtse Heuvelrug);1
BALDERHAARVEEN;1
POSTKANTOOR BREESTRAAT;1
BATAAF;1
SCHIEBROEK;1
TURFKOELEN;1
"Oegstgeesterweg 48; Hoogvliet";1
VOORSTE BREEBROEKEN/ ZIE OPM.:;1
Jardinga 6, Johannahoeve;1
D11-EVERTSBOS;1
D54-HAVELTERBERG;2
06.175 Zuidbuurt 79 Parkeerterrein;1
Oldershove;3
Wethouder Donkersweg;1
Oude markt;1
Gedempte Haven;2
AAMSESTRAAT;1
WITTERVELD;4
NASSAUSTRAAT;2
SCHOUWWEG 91;1
"Noordzijderpolder; zorgvliet; voormalig AMK-terrein";1
OUDE LEI;1
Beukenstraat/Populierenstraat;1
Millenerweg;3
DEN HEM;1
NIEUWESTRAAT;1
Buitenplaats Westerhout;1
OOSTWAARD NO. 10;1
DE BOSKAMP-NOORD;1
RIJKSWEG 52;1
MAAS Empel 04;1
HUIS ZUTHEM;1
WIJLERVELD;3
KABOUTERBERG;4
N-236 (Wijdemeren-Hilversum);1
Nieuw Buinen;1
RIED-ZUIDWEST;1
DE BURGVALLEN;1
ALPHENSE WEG;1
ACHTERSTRAAT;17
SLIJKHUIS;1
SCHEPERSSTUK;1
Onneres;1
Voormalig AMK-terrein M13257 / CMA38G-A11;1
De Denestraatsche Akkers;1
PK KERK;3
SLINGE;1
STATIONSWIJK , WESTERSTRAAT;1
MAURIK - DORP;1
HAMPERK;3
OVERSTEGEN-STEYNLAAN;1
BOVENSTE WEG;3
ROTSESTRAAT;4
EEXTER HAMRIX;1
Kroezenhoek te Den Ham;1
BILDERBERG;2
Kapellestraat 17;1
Onder de Toren;1
Stokkersweg;1
Dommelseweg 28a en 30;1
Roggebotzand;1
Houten, Kasteel Heemstede;1
STEENDERBULT;1
"KASTEEL VREEBURG; DE VOIRT; VOIRTHOEVE";1
KASTEEL RAVENSTEIN;1
BOSMATEN;1
HOOG SOEREN;1
BEATRIXLAAN 16;1
PAASBERGWEG;1
BROUWHUISCHE HEIDE;2
Boxmeersche veld;1
GEDEMPTE OUDE GRACHT 60 (TUIN);1
Juffrouw Idastraat 17;1
De Wedze;1
HOMOETSESTRAAT;3
"Oostburgse brug; Hans Vriezenschans";1
AALKEET BINNEN 044;1
DE BREE;1
NOORDSE VELD 5;1
KREMMERS;1
DE MOLENHOF;1
Breeveld 7;1
DE WEIJERT;1
Loonerdiep;3
KETWICHWEIDE;1
FLEDDERBOSSCHER POLDER;6
STEENBORG;1
Overtuin;1
"MUILWIJK; ZANDSTEEG";1
Hoenderweg;1
DE BRAKEL;11
De West, deelgebied A, plangebied 5;1
WIERDE;6
Wechelerveld;1
kasteel Wernhout;1
KWEKERIJ LEMKES;2
NIJENHUIS;3
LANDBOUWHUISHOUDSCHOOL;1
MOLENHOEK-WEST;1
Hondsgemet;1
HAMMEN 3;1
Midstraat 10;1
AALKEET BINNENPOLDER 28;1
DE DARPERWEIDEN;1
WEST ABTSPOLDER-POLDERWEG;3
Landgoed 't Lot / Camping de Boskant;1
Dikkenbergweg;1
"DE WOERDJES ; STEEGGRAAF";1
"EMMAUSSTRAAT 4 ; HOGHE HUIJS";1
HOLLENDE WAGEN;1
GOIRLE;1
Kerkeneind;1
Kettingstraat;1
BINNENSTAD (KOSTVERLORENTOREN);1
"SPELDERHOLT ; UGCHELSE WEG";1
GROBBENDONK;1
Ganssteeg 2;1
BURCHTWEG, KAVEL M22 (?);1
OMG WEEZENSTR EN RUITERSTR;1
Plagmadijk;1
KOEBROEKEN;8
RINGKAMPSBULTEN;1
HELLENDOORN;6
"GELEENDERVELD; PATER KARELWEG";1
Catalijneweg;2
NABIJ KERKHOF VELD;1
EGELMEER;8
OP HUISKENS;2
Muurhuizen 35;1
WITTEVEEN-TUMULUS I;1
ELFVEEN 4;1
"DIACONESSENHUIS; FORUM HADRIANI";1
KERKHORSTEN;5
DORPSSTRAAT-NW;1
Lansinkweg 3;1
Duurendseind;1
"Eendenweg; Kavel E14";1
Voederheil II;3
"STRIJPER AA ; JANSBORG";1
Schipluidelaan;3
reusel (vindplaats 9);1
Huize 't Klooster, Hermoesestraat Zennewijnen;1
Damcentrum;1
DORPSSTR. 5A;1
EINRADE;2
KRUISSTRAAT (O.A. NRS. 7, 9, 10);1
HET GREVELD;1
KLEIN HASSELSVEN;1
Plangebied Laan van Maarschalkerweerd en Weg tot Wetenschap;1
STOKTE;1
HULLENWEG;1
De Heest;1
Prinsengracht 493;1
Doornboslaan;1
Deelgebied 8: Kerkraderweg;1
"LIEVEKAMP; RAADHUISLAAN; Schouwburg";1
WEG BEEK ELTEN;1
VOORSTE DIEP-HAMBROEKEN;3
WATERDIJK NOORD;3
KASTEEL RADBOUD;1
Charlotte-Oord;1
Rotteveentje Zuid;1
Den oudert 42;1
"'t Werninkhof ;  Erve Diekman";1
WIELAND;1
Kempkensweg;2
Oude Brugstraat;3
Remmersteinse bos;1
KURNHEUVEL;1
FRANSE KAMPWEG;1
SLUISHOEK;1
HUIS GAGELDONK;1
"Lemsterweg; Kavel A82";1
ESTERS BOSCH;1
Tielland, De Poort, De Grund;1
Knooppunt Zaarderheiken;2
SLOT MILLEN;2
WITE BURCH (CAMPING);1
De lange Bunder;1
Borrekuil;1
2230 Beekbergen, Arnhemseweg;1
SANDENBURG;1
GROENESTRAAT;8
KRUISSTRAAT 51 (BINNENPLAATS);1
KAVEL B952;1
"ETENAKEN; WEG VALKENBURG-WIJLRE NR.6";1
HOOGVELD;62
Autoweg Gieten-Groningen, gem. Aa en Hunze;1
"Bossenwaard, locatie 1; steenoven 'Het Oude Werk'";1
"EWINKEL; HEESWIJKSE KAMPEN";1
CENTRUM / MOLENWAL;1
Wigleweg;1
Het Zwanemeer;1
Gapingsche Watergang;1
Zweedse Tunnel;1
BERGHOF;1
Kaaistraat;1
Adam van Harenstraat;1
Slikken van den Dortsman;2
ELSENBURG;1
Snaarmanslaan 21-27;1
Grote Haag;1
Veerplein/Fransenstraat;1
Hemmenkamp;1
AMEN;2
Stevensweg-west;1
Werpsterhoek;4
DE HOFKAMP;3
OPHEMERTSESTRAAT;1
"NUNSPETERWEG; SCHOTKAMPWEG";1
"Locatie 4 ""Romeinse dump""";1
WITHAG;10
Offemweg 19;1
ZWANENSTRAAT;1
OTTOLAND-OOSTEIND NO. 1;1
Scheerestraat;1
Waarderweg;1
TOTENBULTEN;1
LANGE DUINEN;12
Meyhuis;1
PROVINCIALE WEG;8
Leeuwerken Eik;4
Souburg-Noord;4
ELSHOUT;1
Voormalig AMK-terrein: Antwerpse Baan;1
Scheifelaar II;5
GASSELTERSTRAAT;1
Doesburgerbuurt;2
RUITERSTRAAT WEEZENSTRAAT;1
HALDERBRINK;4
ENTER ES;2
HEMMEN-DORP;1
ALLINGASTATE;1
ARENTSBURGHLAAN;1
LEEMHORST;3
MOERDIJK;1
Laauwik;1
Natuurpark Terworm;1
Kromme gracht;1
STUK VAN NOOI;1
VARKENSSTRAAT;1
Texelstroom T20;1
VIERHOUTERWEG;1
LAUWERECHT;1
WIERDENSE ES;1
Voormalig AMK-terrein M13245 / CMA38D-A13: Graaflandse Dijk;1
Geesertil;1
De Loten;1
Camping Nooitgedacht , achter de visplaats;1
Groeneweg;12
WESTERHEEN;1
HAGELVEN;1
HAARLEMMERSTRAAT, HARTEBRUGSCHOOL;1
Zundert Boontuinen;1
DE WILDERNIS;3
WINSSENSCHE VELD;4
POLDER OUDELAND EN TOURNOOISVELD;1
GENOENHUIS-SITE D;1
SCHAIKSCHE HEIDE;1
Meerminnestraat 1-3;1
ESSENSTRAAT;1
OUDEBOSWEG, KAVEL P55;1
HARSKAMPERENGWEG 4;1
POLDER GEERVLIET;47
Maaijkant (Hondseind);3
Klaverhoekseweg;1
DORPSSTRAAT/GEUDEKER;1
POLDER NEDEREIND [ VINDPLAATS 4 ];1
FORT SANDERBOUT;1
MAASWEG;2
Brachterstatie;2
ANKERSTEEG, PAPENSTRAAT, BRUINSTEEG;1
Busjop;1
OPPERSVELD REUTUMSE ESCH;1
MOMMENRIJDT;1
Keizersdijk 115;1
Kerkplein wegwerkzaamheden;1
MERWEDEOEVER;1
Terkaple;1
JARRENS;1
DE GROTE VRIJHEID;1
Hoek Hamstraat/St. Jorisstraat;1
"VAL 5; Oerbos";1
GARBRANDSLAND;1
BETUWESTRAAT;1
Oude Aalderinkskamp;1
Meervelderweg 110;1
KAVEL K31;1
Schuytgraaf - vp7 west - De Laar;1
EFFATHA;8
KENNEDYLAAN;4
HET BORD;1
De Grienden;1
NISSE;1
Wobbema;1
Meteren;1
Zuursche Duinen;1
Peeskenweg/vossenweg;1
ERVE GROOT HORNTE;1
ZWAAGDIJK NOORDZIJDE;1
BIJ GLOBE;1
MONNIKENBOS;3
Hunselerdijk;4
HOOIDIJK;4
Wijngaardsberg;7
EMMERMADEN-ORANJEKANAAL;1
Weeshuisweide;1
ELANDSLAAGTE;1
"Elst, Bosweg; Celtic Field";1
AAN DE MAJOOR;1
POTHOEK;1
Coremolen;1
Voormalig AMK terrein;2
"STRIJP ; DE BEEMD";2
Schellinkhout;1
DE KETEL;2
N 302;1
GOUVERNEMENTSPLEIN;4
POMPSTATION-ZUID;1
Hoogenboomseweg;1
Huizingalaan/beekdal Groote Beek;1
Bellestyenlaan;1
Venlo-Velden;12
Binnendamseweg;1
schoolpad;1
HAARLER HEIDE;1
De Horst;6
HUIS MENSINK OF BEVERVOORDE;1
Waterdijk;2
Appelmarkt nr. 14;1
N324;1
DE TIEN MORGEN OF GR.BEEMSTER;2
Noorderweg;1
Grasbroek 2;1
TUSSEN MOLEN EN CAMPING;1
Arkemheenweg;1
"Het Hoenderland; De Woerd; voormalig AMK-terrein";1
kampstraat;1
TEERSDIJK I;1
De Scheifelaar II;7
Linnerveld (trace A-73);1
OENSSLOOT;1
LIEBERGERWEG-I.F.F.-TERREIN;1
KONINGSGRIEND;2
TASBEEK;1
HEIEIND;2
"Nijmegen-Oost; Hunerberg-Zuid";1
SMITSTRAAT;1
18.21 DIJKPOLDER;1
VENLO-TRADEPORT;1
DEVELWEG 1;1
GASTHUIS;6
"Hoekwantweg; Kavel U41";1
Brillerij;1
ZAAMSLAG;1
BIJ TWEEGRAS;1
Helsdingen;1
"Oudebosweg; Kavel O30";1
Het Honneke;2
ERVE WITBREUK;1
"Warmonderbrug; Marepoort";1
WRAKKENPAD, KAVEL B49;1
KAVEL H34;1
"Voormalig AMK-terrein M4069: Centrum; Lange Poten; Korte Houtstraat";1
Groote Heide;4
DR HOLTROPSTRAAT;1
Diepstroeten;1
voormalig monument 1691, 20F-A16, Kavel E89 en E90, Havenweg;1
Kasteel Valkenburg;2
Buorren 61;1
HOGEBOS;3
"WOESTE BERG; LANGEWEG";1
ZANDPOEL;1
BROUWERSHAVENSCHE GAT 3 / OOSTER;1
ABBERTWEG, SECTIE P;1
Elzerbeek;1
HOOG LEERSUM NABIJ UTRECHTSE BAAN;1
ORDERBOS;3
Gravenwaard, Zoelen;1
Ten oosten van kasteel Berckt;1
Zeddamseweg 8;1
INDUSTRIETERREIN OVERBERKEL;1
KAPEL VAN STRIJBEEK;1
Burgemeester Manderslaan;2
Exloerweg, zwembad De Leewal;2
Transformatorstation;1
DE HOLTE;1
PADDEPOELSTERWEG;3
HORSTERWEG/SCHAMMERSTEEG;1
Biggekerkse Watergang;1
Katham;1
MARKTPLEIN 10;2
Obbicht Kingbeek;4
URKERWEG, KAVEL H101;2
Terp Tjessens;1
"Voormalig AMK-terrein M10422: Aalkeet-Binnenpolder; Vergulde Hand";1
Best Centrum;1
WERENDIJKE;1
Voormalig AMK-terrein M10455: Middelweg;1
FLEDDERS 3;1
De Boer;1
CENTEBERG;1
Noorderheide;1
Roodenhoek;1
MOERKUILEN I;1
Locatie oude Sint Petruskerk;1
ZAADSTUKKEN;1
TUIN ASSERSTRAAT 27;1
LAGEWAARDSE POLDER;1
VRAGGELEN;3
Landgoed de Reehorst;2
ALDE BAYUMERDYK;1
SLOT LOEVESTEIN;2
HOLDEURN HOOG;3
Steenakker-zuid (2) Rat Verleghstraat;1
Duinweg Oost;1
MOLUKKENSTRAAT;1
Kerkstraat 2;1
TERMUNTEN;1
ZEVENBERGEN;10
16.20 AALKEET BUITENPOLDER;2
GROENINGSCHE BERG;7
DE HOGE STRAAT;1
Grindweg-Argonautenweg;2
NIEUWKERCK;1
Zevenwoudenlaan;1
KLIJNDIJK;3
KAMERVOORT / KARSTRAAT;1
VLEDDER AA-WEST;4
BEGIJNENHOF-ZUID;1
VINKENBURGSTRAAT;1
Lage Veld;1
GAPINGE SCHELLACKSEWEG;1
GROTE HAVERSTRAAT;1
Sillenhof;1
Nederrijn;1
POLDER HET ZAND;1
RONDEBROEK;1
"Heulestein ; IJsselveld ; MA Reinaldaweg";1
Westerhaven, in water langs de voormalige Landswerf;1
Mgr. Savelbergweg 95;1
"POLDER LOPIK; M.A. REINALDAWEG";1
Achter de Marsstal;1
LITS;1
Beek en Bos VP8;1
Nieuwstraat 45A;2
BIEZENWEG;1
BREDA;1
Molendijk 72;1
Nieuwegracht 19-21;1
"DE WOERD; ZONNEVELDSLAAN";1
SCHUILINGSBOSJE;1
MAARSBERGSE WEG;3
DOELENTERREIN;2
van dalestraat - geweldigerstraat;1
KLEIWEG;7
"MUN ; RIJKSWEG; ZEVEN VAATSEL";1
ALTFORSTSE STR.;2
"Voormalig AMK-terrein M10490/CMA38D-029: Polder Sliedrecht; Achterblok";1
Veilingweg;2
SIBERIE-WEG;1
HANZEWEG;1
Daalkampen, Poolse Bevrijderslaan;1
BIJ WEDDERBERGEN;1
LAAGHALERVEEN/TRIBUNE TT-BAAN LOC.II;1
Bolle Akker;1
LAKERVELD;5
Oude Varsselse Weg;1
Poelestraat 13;1
Solleveld;2
Lage Maaskant;5
RAYERINKSGOOT;1
NEDERWETTEN;1
KAMPSTEEG;4
VERLENGDE WESTERKERKWEG;1
De Bree;1
HAMSEBIESEN;1
Schoolstraat 6-14;1
AMBACHTSWEG;1
't Goy;1
URNENVELD VAN DRIEST;1
"Visvijverweg 49; Kavel G30";1
JULIANADORP;1
Delden;1
SLOTSTRAAT 50/52;1
WASSENAAR PAAL 94.250;1
Bredestraat;3
ULEBOSCH;2
Sloot achter Simon Koopmanstraat 39;1
Infiltratiebos Schapenbos;1
Weteringstraat;10
Kerkplein deelgebied B/C;1
De Messemaker/Hertraksestraat;1
Ballooerweg, hunebed van Balloo;1
CRUYSHAAG;1
TEN NOORDEN VAN ECKELRADE;1
Molenweg 72;1
ROZENBURG;6
WIJK LEEUWENDAAL;1
VALENDRIES;6
TUSSEN DE STEGEN , LITHERGRAAF;2
PROV WEG T 16 5;1
Rottekade 6;1
RABBIT HILL;2
HEULTSCHE HOEVEN;1
venbergse weg;1
Voormalig AMK-terrein M15380 / CMA30H-013: Oostvlietpolder;1
Assen Baggelhuizerpad;1
Laag-Dalem;1
MORTELS;1
BOVENLOK;1
Muurhuizen/Nieuwstraat;1
Hannia;1
WELMEENENDHEID I;1
Uffelse;5
Dr. Batenburglaan 171;1
Voorthuizen Zuid;2
GROENMARKT/WAAG;1
SCHOKLAND, KAVEL P32;1
"HALFWEG; 'T HOF VAN DENEMARKEN";1
"RIJKSSTRAATWEG ; BOSWEG";1
Taarlosche Weg;1
Heidebeemd 2;1
"UITWIJKSCHE HEUVEL; ALVERSBERGJE";1
INTRA TUIN;1
KERK VAN O.L.VROUWE 'KLEIN LOURDES';1
Nederheidsche loop-Hersel;2
Poort-Kavels AZ118;1
VOORMALIG KLOOSTER GALILEA MINOR;1
Vispassage Crevecoeur;3
OOSTERHUIZERWEG;1
't Wijdtveld;1
WEGSCHEIDERWEG;1
HESPELAAR;1
KUIL VAN KOPPEL;1
OVERHAGE;3
LOMBOK;2
DE WILDEMAN;1
Wisselinkweg-Korenweg;1
ZUIDERBOERPLAATSEN;3
Franciscanessehof - Huize Bethanie;1
Doesburgerheide /Barteweg/Peteweg;1
Julianabrug-oost;1
Stiphouts Broek;3
"Winkelweg; Kavel N074-I";1
REMBRANDTLAAN;1
Hooiweg;1
Hoogerhorsterweg;1
NIJNSEL III;1
NAGELERWEG, KAVEL J130;1
OUDE BAAN;2
Brandweerkazerne en De Haven;1
CAMMINGHA STINS;1
Duivelsbruglaan;2
Heikant;7
WATERVAL;2
IT FUGELLAN;1
DE HOGESPIJK;4
ROFFERT;1
HATTINGALAAN;1
01.111 Van Schravendijkplein 26-28 (boringen);1
Hoogeveld;2
Slijpkruik;1
Heeswijk-Ewinkel 7;1
Waaigat 2;1
RW 34-ZUID;1
Wijchense Meer 1;1
"POSTBAAN; SCHUPSTAL; WEVERSTRAAT";1
HARNASCH POLDER;1
Hoeksche Weg;1
DOEZEKAMPEN;2
BRANDENBURG;1
Zethuis, Leidijk;1
Grosthuizen 34;1
KLARESTRAAT 29;1
Bathmenseweg;1
BEIJUM;1
CIJNSBERG;1
DE KOLKEN;1
VESTESTRAAT UITERSTEGRACHT;1
KASTEEL ZAALHUIS;1
't Slot noord;1
Drents museum;1
STAKENBURG;1
PLOOSSCHE WETERING;1
Parnashofweg 73;1
WESTERDUINEN;5
Loose Kamp;1
NOORDERMEERDIJK, KAVEL A11/A12;1
WILLEMSTAD;2
ROMER;1
07.079 Maassluissedijk Vergulde hand west 2;1
KAVEL KZ51B;1
UTRECHTSESTRAATWEG 27;2
BIJ JAGERSHUIS;7
Bedrijventerrein kanaalzone;1
Sportpark Harga;1
ERVE BEZEBEKKE;1
AHTERSTUK;1
CROSSBAAN HASELT;2
Hoofdstraat 218;1
VOORMALIG ST. JANS CAPELLE;1
DE WAEL;18
Dieteren;1
Dijkstraat (oostzijde);3
OMGEVING ERMELO;1
KAPPERTSBERG;1
---;4
Veenweg;2
Elmare;1
WEVERSCHORN;1
HUIS TER HEIDE;1
WAAGPLEIN 18-22;1
MOLENLAAN TERSTEDSLAAN;1
OUDE GRAAFSEWEG;1
Alblasserwaard;1
VEEGTESCH-HEIERHOEVE;1
Cuijk-Katwijk;1
"Vrouwenheide; voormalig AMK-terrein";1
JORISSTEEG;2
BIJ DE REINDERSDIJK;1
KLEIN MIDDENHOF;1
Voormalig AMK-terrein M13239: Graafstroom;1
"Rijksweg A6; Kavel 97";1
HURPESCH;1
KLEIN-VORTUM;2
Mollebos;1
EINDHOVENSCHE WEG;1
BREESTRAAT 24 (DE GEKROONDE HAMER);1
MONNICKENWIERDEN;1
Echterbosch;9
Dierenuitvaartcentrum;1
VALKENISSE;7
Lycklemabosch;1
ERVE NIJENHUIS;1
Baronsberg;1
ORANJE NASSAU'S OORD;2
Bergerbos;1
Van Mesdagkliniek;1
DEN HOORN, ZEGWAARTSE WEG;1
Grote Kerstraat 66;1
Grote Hoogstraat/Klokstraat;1
DE HOGE HOF EN WOERD;1
Zijlvestweg;1
TEEFFELEN-OOST;1
Jacoba van Beierenweg;2
LANDLUST;2
Deken van Den Ackerhof;1
Molenweg 32-34;1
Valkenberg Hanik;1
BOSCHKENS;2
GEBLEEKTENDIJK;1
WIJKSE VELD;9
Heidehiem;1
Westerse Laagte;2
Dorpsstraat 294;1
ROODEBRUG;1
PIETERSKERKHOF;1
BIJ GEESERSTROOM;1
ERVE OVERBEEK;1
HULSHORSTSCHE ZAND;2
Sambeek;1
Nieuwstraat 54;1
TENNISBAAN;1
"01.068 Zomerstraat Zomerstraat ""1""";1
"MAASDIJK; LOMBARDSTRAAT";1
KOERBERG;6
"HONDSLOG; WEKEROMSE WEG";3
VOERENDAAL;2
Park Oosterhof - Hendrik Verheeslaan;1
HEESCH;37
TEISTERBANTSTRAAT;1
Koningin Wilhelminalaan 2;1
LANGE HERENVEST;1
SCHUYTGRAAF;4
OEFFELTSEWEG;1
Est, Wethouder van Akenstraat;1
VINKENSTRAAT 31;1
HOOGSTRAAT;12
BEGRAAFPLAATS MEERDIJK;1
Boshoverheide;1
NIEUWSTRAAT;12
NIEUWSTAD;1
Riethovensedijk 5 en 7;1
Beneden-Leeuwen Zuid;1
HEEMSTEDE (VINDPLAATS 9);1
GIESSEN-DORP;1
WATERLOOPLEIN;1
MAASTRICHT-AACHEN AIRPORT;15
Ljouwerterdyk-Molenlaan;1
Amphia Herzogstraat;1
POLDERT;1
Horst-Noord;2
Kopseweg;2
STIJFVEEN;1
Tijdverdrijfslaan;2
Wielweg;1
Rootsweg;1
WALLEN VESTDIJKSTRAAT;1
COLLENDOORN;3
Hondevoort;2
DE BLANKENBURG;1
"15.11 FOPPENPOLDER; MIDDELVLIET";1
HAVENWEG, KAVEL E148;2
KAVEL Q36;1
Harense Broek;2
Petiel;2
ROMEINENWEG;2
"Kavel OZ 55; Erkermederweg";1
Kavel NM 107;1
Schuitwater;1
"Voormalig AMK-terrein M10534:Polder Nieuw-Bonaventura; Eerste Kruisweg";1
PARKEERPLAATS, BESTUURCENTRUM;1
HOEVE NULAND;1
"ST.PETRUS BANDEN; MARIAKERK";1
SCHOOLHOLM 19-21;1
Dromkreek;3
Terwijde Station/ Hof ter Weyde;1
KANAAL BUINEN-SCHOONOORD;7
POTTENBERG;6
Kettingstraat-Blauwehandstraat;1
Agri Business Center;1
ARENTSBURG;21
BLEKERHEIDE;1
Haringvliet - ontwateringssluis;1
BURGZAND NOORD 15;1
Slibbroek;1
STILLE RIJN;1
WIJNGAARDSTRAAT/SLOT OOSTENDE;1
OMMEREN;4
LAGE HEIDE;4
WITTEVEEN 1;1
Hogestraat 55-57;1
NOORDZEE MONDING OOSTERSCHELDE NCP BLOK S5;7
Schuitstraat;2
Ligneweg;1
Kooiland;1
Kruigenstraat (terrein achter Verbeek);2
ZES GEHUCHTEN;1
TONDENSE ENK;1
Weststraat;1
LEENDERBOS;2
EVERSBERG;6
DUINWEG (VINDPLAATS 1);1
ST.WALBURGKERK - KIPPENMARKT;1
Plangebied Kerckenzicht;1
VONDELWEG;1
"LEUSDERHEIDE ; WATERLOO";3
Pastoorsbosch;2
KLEUVENVELD;1
HAZEMATEN;2
(BIJ N.H. KERK);1
Kernies;1
GARMINGER-BALINGER ES;1
Klophorn;1
DORP 119;1
ADRIANA HOEVE;1
OUDE KROMME RIJN;1
Deil Vindplaats 1 en 2;1
GROOTE EN KLEINE DURK;1
Graaf van Lynden van Sandenburgweg;1
Erve Bossem;1
Heislagseweg 1;1
Hoek Markt;1
DONDEREN;1
VARKENSGAT;1
Oude Molenweg 10-14;1
Zuidelijke Stadsas II - Rotonde 't Zand (Limes);1
Kop van Ooijen;3
FIKKERSHIL;3
Holthuishof;1
Schenkstrook;1
VEERHOEKDIJK;1
,s-Gravenzande veilingterrein;1
"Bovenste Bosch; voormalig AMK-terrein";1
De Hoef Oostzijde, nr 115 (Vindplaats 1);1
Ivige leane;1
Singelring;1
Kluiten-Zuid;1
PEIZERDIEP-OOST;1
Eind van den Hout;1
De Rijtjes;1
KASTANJELAAN T.O. 3-5-7;1
Serooskerkseweg;1
Berksbroek;2
Fanny Blankers Koenpark;1
GROOTE WOLDWEG;8
Voorburg;1
Zwanenburgseweg;4
Elfhont;1
groothuizerweg;1
GEDENKTEKEN;1
KLEIN GANZENPOEL;1
Maasgouw, Linne Sportvelden fase 2 IVO-P;1
IJsselmeer Piaam;1
GENOOI;5
Hofplein, Kasteel Batestein;1
SPAANSEPOLDER;1
POSTBAAN;3
Europaplein 39/Randweg;1
"(KAPELPAD; PROOSBROEK WEG)";1
300 M TEN ZUIDEN VAN SPOORLIJN;2
DE OLDENHOF;3
HOFWEGEN 22;1
BANEKATERSVELD;1
Koesdonk;2
"HOGE BLOKEN; SMALLE BEEK; RW A58";1
DE ACHTERHOEK;1
De Hout nr. 11 (oude huisnummering), perceel achter de boerderij;1
AALSBERGEN I;1
STREEKWEG 66;1
"OPSTAL ; TER HURKENS";1
HILLENRAAD;2
Hanzelijn Nieuwe Land;2
ARKEL;1
Boterbogten;1
VELPERWEG;1
DORPSSTRAAT 44A;2
"KAMPERHOF; KAMPERWEG";2
LANGE STEEG;8
Huis te Vleuten Oost;1
"OUDE HELMONDSE WEG ; LEIGRAAF";2
Langelo, vindplaats 7;1
WEERE;1
"Kattekoelenvijver; Oeloven; Bouwberg";1
(DORPSKERN);1
KASTEEL AMPSEN;1
Over de Waand;1
Multatulilaan 3;2
Dikningerbroek;1
SPAARBANKBOS;1
04.010 Maassluis Sportlaan/Jeroen Boschstraat;1
KOUDENHORN 64 (TEYLERSHOFJE);1
LOFAR Braamakkers;1
Campagne;4
AA-LANDEN;1
"VELDDRIEL ; SPORTTERREIN";1
RIETBRUG;1
LINGE/PANDERWEG;1
DE DELLENDER;2
Donkergaard / sloot, geluidswal;1
"Klokbekerweg; Kavel G34";1
KRAWINKEL;1
HOEKKAMP;3
OTTESTEIN;1
LISDODDEWEG, KAVEL S60;1
DOORWERTH;1
Raadhuisplein Podium;1
HOEK SCHOLTINKSTR/BRAAKSTR;1
Vathorst IX;1
KROMME LAAN;1
WAAYENSTEIN;3
"Oosterringweg; Kavel L23";1
Verenigingsgebouw 'De Oude School';3
EIKENLAAN;5
BEATRIXWEG / TEEFFELEN IV;1
G NR. 153 KAD.ARNHEM;1
PROVINCIALE WEG T/O NR. 69;1
HEERSHOF;2
Noordzee NCP Blok P14 1;1
Warandelaan;1
Wekeromsche Zand;1
T5 Brunssum-Noord 'aardappelveld';1
OUDE MAAS;10
KROONHEUVEL;1
SCHILDPAADJE;3
't Jonkeren;1
SPAANSHUISKEN;2
kievitsdonk;1
"Groot Baarda; Bauwerd";1
POSTELSE HEIDE;1
HORSSEN-WEST;1
DE OEREN-OOST;1
HOOSTERHOF;1
Martelaarsgracht;1
Kavel M63  / de munt II;1
BREMERSEWEG;1
FORT ST. JOSEPH;1
DE WESTERBERG;1
"LIESELSE PEEL ; ZANDAFGR. LEEGVELD";1
Bedrijfsweg;1
Aagtekerkseweg/Buiten Pekelinge;3
"ZUIDERVELD; ZUIDERVELDWEG";1
ERMELOSCHE HEIDE;1
GRACHTENWEG;1
JOUSWIERPOLDER;1
ASSCHATTERWEG;1
Westerbuurt 6;1
Boseind;4
De Steendert;1
Buurtschap Arrien;1
Grasland bij de Riete;1
Westeinderweg 9;1
Dokum-Damwoude;1
Voormalig AMK-terrein M9406 / CMA37E-020: Woudse Polder;1
Museum Kamstraat 62;1
VEERSE WEG;1
Het nieuwe Landgoed;1
ACHTER 'T HOLTHUIS;2
Dr. Struijckenplein;1
BRECKLENKAMP;3
ACHTERSTE HOEK;2
Slot Noordoostzijde;1
Ameidestraat;1
OUDE VEER-HOEK MEERWEG;1
Station Kapelle-Biezeling;1
DE MEER;6
PAMPUSPAD, MUIDERZAND, KAVEL AZ41;1
HET OENEN;1
VOORMALIG KASTEEL;3
DE HEUF;1
R.K. Begraafplaats;1
BROEKSESTRAAT;1
ASSERWSTRAAT-OOST;1
Goor;1
TEMPELBOSCH;1
Oude Arnhemse Bovenweg 10;1
VOGELZAND IV;1
"Groenenborg; Euvelgunnerweg";1
Biezenweg;4
Postdijk;3
EUROPAPARK;1
DE HOGE DAM;1
DE BEKE;1
Zijdwende;1
Wooldstraat 33;1
Wellseindstraat;1
BOS VAN DE EHZE;1
Akker ten westen van de Dorpsweg;1
OOSTKERKPLEIN;1
GOLDHOORN;2
PAPENGRACHT;1
Tweede Merwedehaven;1
DE ROTTEN;1
POLDER BURGHORN;4
LEERSUM;11
AARDSCHOTEN;1
BOS- EN GASTHUISPOLDER;1
Wehe den Hoorn, Kerkstraat;1
Waterpoortstraat;1
Molengoot;1
MAURIKSWETERING;2
WATERBLOEM;1
Uilenbroeken;2
Pippertsestraat Ophemert;1
Elschot;1
Dorpbroekerweg;2
Het Vonderen;41
KRONENBURGERPARK;1
't Waal Blinken;1
SMALBROEKEN;1
BARTELJORISSTRAAT 21 (SCHOUTENSTR/KROCHT;1
RandstadRail Startschacht Sint Franciscus Driehoek;1
Nattenhoven/Bergerstraat;1
HUISSEN;1
"Weg van Ongenade; Kavel G35";1
Smetstraat 24;1
gemeente huis;1
Veestraat VP7;1
Op de Kuper;1
Meijelseweg;2
OUDE GRACHT;2
ASSENSTRAAT BURSEPLEIN;3
Rietbergerweg;2
SLEENERVEEN;1
LIJNDONK;1
TUSSEN NES EN BUREN;1
Lindeveld;3
MUNTSHUS;1
Plangebied Voulwames, Haertelstein;2
VAN OUWENLAAN;1
LANGENDAMPOLDER;1
VERLENGDE LANDSCHEIDINGSWEG (GRACHT VAN CORBULO);1
Voormalig AMK-terrein: Polder Zuurland;1
FRANKENSTRAAT;1
PROVINCIALEWEG;3
Grote Brink 32-36;1
Brouwerijweg;2
Pelikaanstraat;1
"Casteleynsweg;Kavel M40";1
HUIS HET RAASINK;1
KLOOSTERPOLDER;2
Ganzenheuvel;1
EINSTEINSTRAAT 14;1
KOOLWIJKSE WEG 39;1
Straatweg;1
NIEUWE KARNEMELKSTRAAT;1
Groeneweg en Geuzenstraat;2
De Gerner Marke;1
Santfoort;1
UITERWAARDEN VAN DE WAAL;1
HEUMENSOORD/RAUWSCHANS;1
DE RIJTACKER;1
Doelenstraat 3;1
"NATTENHOVEN; BERGERSTRAAT";4
Geverik;2
Meiweg;1
SCHIPPERSKAMP;1
"KOLHAM-ZUID; RENGERSLAAN";1
De Strang;1
ROMULUS;2
TJISSEBUREN DRIE;1
"BOERDERIJ ""HET HOF""";1
Genneperhuis;2
Molensingel 3;1
BIJ HONDELBOSCH;1
Ripperda-complex;2
Kleine Voort;3
Schokland, Kavel P12;1
WITRIJTSE HEIDE;1
Heaburgen Oost;1
DE HOGE SPIJK;1
GROENE STEEG;1
TIENHOVEN;2
MOTKETEL;1
WINTERDIJK 28;1
MASTHOEK;1
MAASSTRAAT/ GROTESTRAAT;1
DODE STEEG;1
NIEUWE HEIDE;1
Westeinde 167;1
OUD EMMELOORDERWEG, KAVEL J141;1
BINGEREN;1
VLEDDER AA;2
Beemdweg 5;1
HOGE WOERD 23-27;1
Molenwijk-Zuid;1
BERKENWEG;3
03.029 Fannius Scholtenstraat (nieuwlandpark);1
YPESTEIN;1
VISKWEKERIJ 1;1
MORTELBERGEN;1
BRUNSSUMMER HEIDE;2
't Klooster, Nieuwegein;4
Hockey-veld;1
Kotmanlaan;1
Van Bijnkershoeklaan;1
Willemskade;1
NIEUWBOUWWIJK DE JEUL;1
Bulk;1
Kleindorpseweg 3;1
OMMOORD;1
"Rekkenseweg 48; 't Asterloo";1
COLIJNSPLAAT OOSTERSCHELDE;2
DE KRANG;1
locatie 7;1
"Spieringweg; Kavel M60";1
Energieweg;2
kiezelkuilweg/steenberg;1
KREWERDERMAAR-NOORD;1
Grensweg;3
LANGE BOSWEG;1
STEGEREN;5
OIJEN;3
SIEPELVEEN;1
AKERSLOTERBRUG (VINDPLAATS 18);1
OOSTERVEEN;1
"STEENFABRIEK ; KLINKERKWARTIER";1
SCHOKKERRINGWEG, KAVEL E156;1
VLIEGVELDWEG;2
"Biddingringweg; Kavel U43";1
SLINGEVLIET;1
BACKERBOSCH;10
Cronensteinpark/Heinekenpad;1
POLDER BESCHOOR;1
Nieuwkuijksche Weg;1
Digit Parc, Lage Weg;1
HET KERKJE (VLAKBIJ);1
Busserhofweg (ong.);1
MARSDIJK, ACHTERDIJK: GRAFVELD;1
Oud Stadhuis;2
HERIKER BERG;2
Gammelkerbroek;1
Looierssingel 3 en Armeniaans Schuitvloot 1;1
KRUITTORENWEG/WILLEMSHOF;1
DUIFHUIS;3
AMELBERGASTRAAT;1
LANDGOED DE HAMERT;1
Blauwenoord-West, Holterweg;1
GRIJPSKERKE MOLENBERG;1
Wegekker;3
Noordstraat 77;1
ERVE BULT;1
SPIEKERBELT;1
GROOT ZIEKENGASTHUIS;3
STEENBERGJE;1
Torenlaan 12 a;1
DORPER ESCH;1
Roermond-Markt;1
BA-1;1
LIGTENBERG;1
KINCKHORSTERMOLEN;1
Alblasserdamse stroomrug;1
Voormalig AMK-terrein M2835 / CMA27F-A02: Rechterenscheveld;1
Wapen van Strijen;1
Raamberg;3
TONCKENSBOS 17;1
Themansstraat 46-48;1
Beverweerd;1
"Kernhem; Kalverkamp";1
Grote markt;1
PRAEST;1
VIJFSCHEEF;1
DE HAK;1
SOLSEBERGWEG;5
De Rul;1
Keup;1
Slot Grimhuijsen;1
"EEMSCHE MOLEN ; DE BAARS";1
KROPPESTRAAT;2
GROENEWOUD;7
BALKWEID;2
Vijzelstraat 51;1
De Beemd;1
Vogelenzang;3
NIEUWE ZUIDERAANLEG;7
Terrein Victoria;1
Remmerden II;1
"GROOTE ZILVEREN HOEK; HAMWEG";1
RIJKSSTRAATWEG 29;1
BEGIJNHOF - STRATUMSEIND;1
Hessenweg;1
WOLFSGARENWEG;1
BOSCHEIND;1
RUITERPLAATS;7
Ruidiger Dreef;1
Witte Moeren;3
SNEDEMAWEG;1
Lelieveld;1
DE PLAATSEKAMER;1
WORF;2
IJJSELMEERSTRANDJE;1
Blaaksedijk West;1
MOLENSTRAAT 116;1
FORT HAZEPOOT;1
17.51 AALKEET BINNENPOLDER;1
SPORTTERREIN ASC;1
ERVE VERGERT;1
BIJ ROBERTSKAMP;1
"Vuurpad; Kavel C23";1
Trace Annerveen-Veendam 1 naar Wildervank;1
ROZENDAALSEWEG;1
KRUITTORENWEG/MEULMANSWEG;1
kloosterberg;2
KASTEEL HERNEN;1
Horsterwold (herinrichting);1
SITONGARAGE;1
VORELAAN 7;1
Garderenseweg 158a;2
Omgeving Minderbroederstraat;1
Wilgenbosch-Draai;1
HUIS ALTENA;2
ELSGEESTER POLDER;2
Dorpsstraat 72-74;1
OOSTERHOF;1
Molenbaan 6-8;1
MUNNINGSBOS;1
A12 ALBERTSTUNNEL;1
HOUTHUIZEN;1
ADDENSHOEVE;3
HENGELERHEURNE;1
LAND VAN BARTJE;1
OUD BERGENTHEIM;2
NOORDERBUURT;18
SPUIKANAAL;1
Oude Molen;2
HSL-Trace;1
MARKTENROUTE;1
DE GROTE WOERD BIJ ROME;1
Kerk van Oostmanskerke;1
HAARAKKERS;7
BOERENDIEP;24
weert;1
In gen Hunsch;1
Steursweg;1
LUCHTSCHACHT;1
DE RUIGTEN BEZUIDEN DE PERENBOOM;1
OOSTERBUURTSE WEG-SITE 21.28;1
plangebied Waterlaat 6;1
"01.057 Zomerstraat zomerstraat ""2""";1
HAVELTERBERG;52
Zomerweg 50;1
Beukelenlaan 14;1
"Pomona; Mytylschool";1
't Sweeltje;1
SCHAAPVENEN;2
KEIENWEG 1;1
JAAGPAD;1
De Borch;1
HANENDORPER VELD;1
HOEK OOSTDORPSEWEG/ CLEMENTLAAN;1
Hof van Selant;1
Diekmanterrein;1
KAPPEWEG 32;2
Kruispunt Boogaardlaan/Pelerinstraat/Grote Straat;1
Spoorbrug;2
Bahneheide;1
Markt 9;1
WIJNBERGSESTRAAT;1
Almelo XL Businesspark;1
VUILRAK;1
Klaverblad Hondsrugweg;1
Paaihurken;1
Putbroek;4
STRAND WASSENAAR;1
Lange steeg;1
Vijfhonderd-In-beoosten-Eedepolder;1
DE STERRE;1
Vlooswijkstraat;1
OUDE BOSSCHE BAAN;1
Willeskop;1
HOOGHALER ES;2
JONGE CONVENT;1
Sportpark Rubenstraat;1
Kavel K80;2
AALSTWEG;3
Wilde Wingerd;1
molenveld;1
DE KOEKEPAN;1
DORPSSTRAAT 347-349;2
O2 - MANDERSTREU;1
Jan van Swolgenstraat;1
Nijverheidsweg;1
Marialaan 46;1
PRINSENWEG;1
LAGE ROOIJEN-DE ZWARTE HOF;1
"OLLEBERG; OLLENBERG; DONDERBERG";1
Congresgebouw;2
ESSENBOS;1
18.28 DIJKPOLDER;1
Noordergronden 3;1
KASTEEL HEUKELUM;1
Herenplaats;1
WIERDE HEVESKES;1
"Meerkoetenweg; Kavel D2";1
HEILIGERWEG;2
ROTTERDAMSE WEG-SITE 5.01/5.02;1
Ruijgelaansepolder;3
EUROPOORT;6
GRENSPAAL 335;1
Haanwijk (Limes);1
LEIDSE WALLEN;1
Stadswandelpark (Jonckbloetlaan);1
Huurlingsedam-westzijde;1
ACHTER CLARENBURG;4
FLORA;1
Napoleonsbaan Noord naast nr. 35;1
EEMWEG;1
wijngaardsberg;1
CRAILOSCHE BOS;1
Hantum-Hiaure, Rhoderterp;1
GOOSEN;1
De Flierenhof;1
Rijksstraatweg 99, 'Cronenburgh';1
Grachtkerk;1
BEUKHORST;1
STEENBANKSLOOT, KAVEL D49/D50;1
VOSSEKUIL;2
KAVEL O66;1
HENNERUIF;1
ST. SALVIUSKERK;1
MIDDELDIJK;1
Op- en afrit nr 15 A2;1
MIDDELBURG;1
DE LEE;1
Langestraat 63;1
WAL VAN DE BERKEL;1
ROGGENPLAAT;1
CIEWEG;3
STAATSMIJN WILHELMINA;2
JULIANA VAN STOLBERGSTRAAT;1
BIJ VOORSTE DIEP;1
WARANDA-MAASZIEKENHUIS;1
"Kesteren; Nedereindsestraat 27b";1
DRIE DORPEN POLDER / DELGROMIJ;8
Driel-zuid;1
KROMMENIEWOUDPOLDER;1
WITHEERENSTRAAT;1
BOTTESTEIN;1
WELVAREN;1
20.11 KRALINGERPOLDER;1
KNOPTOREN;1
VLISSINGEN STRAND;1
WESTERZAND;33
Avondsterstraat;1
Maarland Noordzijde nr 87;1
DODEWAARD;1
DE LEGT (MOORDAKKER) I;2
BEJAARDENCENTRUM DE VURSSCHE;3
LINDERBEEK;3
Achterste Steenberg;1
Voormalig AMK-terrein M10344: Polder de Quack;1
BEEKSLANDEN-OOST;1
Blokhuis;1
HANSENKAMP;2
ERVE BAASDAM;1
HEIDENLAGER;1
WILDWEG;1
locatie SCH2600;1
Ballooerweg;4
HUIS 'T SPIJK;1
Stationsstraat 43;1
HOMMERSUMSEWEG;3
Humcovenderveld;1
Einighausen;1
Delftweg;1
Kromme Steenweg;5
't Trefpunt;1
Blokhoven, Schalkwijkse Wetering, Prov. Weg, voormalig AMK-terrein;1
HUIS OLDENEEL;1
KLINKMOLENBRUG;6
Brouwershavense Gat 2 NCP Blok S6;1
NASSAULAAN 9-11;1
kavel NB 36, Wrakkenpad;1
SPAANDERSLAND;1
HOEVE IJZERENBOSCH;2
KA-8;1
BIJ KANAAL WESSEM-NEDERWEERT;1
HUIZE BOSSER;2
KOCKERSE;2
Snoeckepad;1
EDER HEIDE;4
Maanderweg 2-4;1
Plangebied Dijkstraten Zuid;2
Oude Arnhemseweg, Lommerlust 47;2
GEDEMPTE OUDE GRACHT (T.O. DROSSESTRAAT);1
HOOGOVENTERREIN;4
ZETTENSCHE PLAS;1
"EIKSLAAN; EIKSHOEVE";2
OVERGEUL;3
Brede Akker;2
KASTEEL TE BALGOIJ;1
"Kloosterberg; voormalig monument";1
Misterstraat;1
Leeuwenstraat;1
VOORMALIG HUIS ENGELENBURG;1
LANDGOED DE DELLEN;1
HEIDE;27
BOERENHOEK;1
Trambrugweg;2
De Brand;2
TAMEN - LEGMEER;1
Koesteeg 9, KOE 9;1
SANS SOUCI;1
Hooge Burch (Limes);1
OVERSTE WANNINKHOFWEG;1
BOSHOEVE;1
KOLLENBERG (GRAF 1 T/M 3);1
HEIKANT;8
"HOLSTRAAT; IJZEREN KOELE";1
Hofakker;1
BLOKHUIZEN;3
Grosthuizen 52;1
GROEVE LECCIUS DE RIDDER;1
VOSSELMANSTRAAT-BEEKPARK;1
ACHTERDIJK-WEST;1
OOSTELIJK VAN SCHEULDER;1
DOOLHOFLAAN;1
Pastoor van de Kampstraat 5;1
Kreijtenberg;1
Dorspsstraat 66;1
Kerkebogerd en Waalseweg;1
ZWOLGENSEDIJK;1
Loostraat-zuid;1
NOORDSE VELD, TUM.117;1
Eendrachtspolder Nesselande;1
De Gamert en de Meren;1
EPPIESBERGJE-NOORDWEST;1
SCHALKWIJKSE WETERING 2;1
"HUIS MAASSEN; HEERSTRAAT-ZUID";1
Hoogstraat 9 en 11;1
"Baakhoven; Baakhoverveld";1
VOORMALIG HUIS GERNER;1
OVERLEEKERGOUW;2
LAREN;3
SLEENERSTROOM-OOST;1
Nicolaikerk;1
WALDFEUCHTER BAAN;1
Wijngaert III West;2
Cilaarshoek  - dorp;1
Geest Hoflant;1
Sint-Michielsgestel Centrum;1
Hameldwarsakkers;1
"KOORNWAARD; KORENWAARD";1
RAREN SCHIMPERBOSCH;2
Markgraven;1
PERCEEL NR.11;1
KOEKEDONGEN;1
Hoek;6
Biest-Houtakker;1
PATER BRUGMANSTRAAT 26;1
AALSBERGEN;2
BORG BEUNINGEN;1
GAMMELKE;3
OBBICHT;2
Muggenborch;1
KOOTWIJK 2;2
SCOKKERRINGWEG, KAVEL P26;1
dokkum-damwoude;1
DE WEET 5;1
Coevorderweg;1
Heemtuin;1
SCHOKLAND, KAVEL P109;1
METTENWAARD;1
Houtsestraat;2
KAVEL D79;1
ZWAAGWEG;1
HOOGENBERG;3
REIDERLAND;3
BEUSICHEM;6
HELLECATER VELD;1
STROOMSTUKKEN;2
Amsterdamsche Veld;1
EELINKES;3
NABIJ BERGHUIS;1
"POLDER LOPIK; DAMWEG/LOPIKERWEG WEST";1
Steenwijkerkamp 7;1
Hoefsestraat;1
HUIS OVERLAER;1
HARLINGEN HAVEN;3
Baarlese Brug;1
SPAARNWOUDERSTRAAT 86;1
GEULDERVELD;2
Knolweg;1
KNOOPPUNT B-VOETAKKER;2
RIETSTUKKEN 2;1
'T SWEELTJE;1
REIJERSVOORT;2
RINGWEG;3
Westgaag (ong.);1
WITTE PAAL V;1
ORIONSTRAAT 11;1
Papenakker;3
WAALSDORPER VLAKTE;1
Vrendenberg;1
Catharinakerk;1
MOLENZANDJE;1
HUIS TE VLEUTEN;8
Noordermeer 1;1
Stedelijk Museum;1
BOSCHPOLDER;1
PAPEKOP;1
MUNNEKENWEG;1
VEENAKKERS;5
POLDER OTERLEEK (VINDPLAATS 29);1
Trace Broerdijk-Coenplein;1
"Strandgaperpad; Kavel Y96";1
LINGENPLAS;1
OUDE MOLSTRAAT 32A;1
Burgemeester van Loonstraat 20;1
NOORDERSLOOT-ZUID;1
Plateellaan 1;1
Passewaaijse Hogeweg (zuidzijde van);1
De Coehoorn/Kleefse Veerstraat;1
KAVEL C132;1
IJZERPAD, KAVEL B22;1
NORGERVAART 02;1
Veerplein;1
Hulsenweg;2
Rijnstraat 51;1
LEIKEVEN;3
Welschenheuvel;1
MOORSEL;1
WADWAY 7A;1
HET HOFLAND;1
GALGENSTRAAT;2
IJSSELUITERWAARD;1
Oosteinde 38;1
BOVEN TJONGER (RIVIER);1
HEYTWEG;1
Corpus;1
"WEGTRACE R.W. 75 ; DE LOFFERT II";1
PALMBOSSTRAAT;4
DUSSEN-DORP;1
"Hunselerdijk; Gemeentebos";1
Het Rond - Vierde Kwadrant;1
PLANGEBIED EDE-VEENENDAAL (ISEV);1
Achterland 7;1
Minister Kanstraat;1
NOORDKETHELPOLDER;19
Kolonel Silvertoplaan;2
Kerkhof Nederlands-Hervormde kerk;1
WESTERINGLAAN;1
Kievitsweg;1
De Zemelen;4
"Het Hoogveld; Hoolhuis";2
OVERST VOERENDAAL GEWNDE;1
DOORNBOSCH-HOFSTEDE/STOKERSERF;1
NIEUW HEMERT II;1
"VOORSCHOTEN ""BOEZEMLAND""";1
PRANDINGE;1
DIETERTWEG;1
KRABBERSGAT;1
Morsinkbrink;1
DORPSSTRAAT 109-113;1
Houtenseweg, Oud Wulven, Jongerius;1
Eimbert;2
MOLENWEG 20;1
Hugevlietstraat, Boterzandestraat, Weststraat;1
Voormalig AMK-terrein M12918: Peperstraat 32;1
"Bleiswijkse Zoom; Kranenburg";1
WITTERHOLT;1
Schoolstraat 3;1
NELLY'S HOF;2
HORN-HALEN;1
DE KOOG/MOLEN DE DOG;1
DRIELANDEN;9
Salviuskerk;1
KASTEELPLEIN;1
Tilburgseweg;1
MOLEN BIJ 'T GOYE;2
Randweg;1
Plangebied Mariahout-D'n Hoge Suute;1
"Horensweg; voormalig AMK-terrein";3
MWCZ;1
Strand Westerschout;1
LAGE LAND;1
DRONTERMEERDIJK, DE ABBERT,KAVEL P70;1
Baarleseweg 52/52a;1
DE VERSEN I;1
voormalig algemeen ziekenhuis;1
LANDSTR.;1
LIMMERWEG;1
BOVENKERKSE WEG 104;1
"Grote Heide; voormalig AMK-terrein";1
MOLENZOOM, SPOORLIJN, OOSTZIJDE;1
15.16 FOPPENPOLDER;1
ZANDHOVE-ITTERSUMERBROEK;1
HAMBROEKEN-VOORSTE DIEP;2
Ommeren;1
"Huij; Heerstraat 1";1
APPELTERNSCHE VELD;13
PLR RIJSOORD EN STREVELSH;1
Buurtsteeg;1
Heiligersdorf;1
"DE HUISWERF; (VML.HUIS TE ANDEL)";1
"Kosberg; Schweibergerweg; voormalig AMK-monument";1
"Stobbenweg; Kavel P86";1
Esweg;1
De Mersken (Koningsdiep);1
"KERKPLEIN; CAFE DAM";1
Varkenswei;1
VISVIJVER DE KAMPSE PLAS;1
BEERZER VELD;1
Voormalig AMK-terrein M10354 / CMA37D-049: Aalkeet-Binnenpolder;1
NOORDZEE VLAKTE VAN DE RAAN NCP BLOK S10;1
OUDE WEER;4
Voormalige buitenplaats het Hof-Hoflaan;1
Sint Anthoniusveld;3
HOOGE WAARD;1
De Ligt II;2
02.018 Oosthavenkade 12-13 (boringen);1
BOKSTERVELD;4
DE VELUWE;3
Eijsderweiden;1
GROTE MARKT 1 T/M 5;1
SOEKSMASTATE;1
BOERDERIJ DE KERKELANDEN;1
"Konijnenberg; Kleverskerkseweg; voormalig AMK-terrein";1
GROTE MUITERIJ;1
KOEPOORT;1
DOENE-ESCH;1
AALKEET BUITEN 057;1
HILLEGONDAKERK;1
Wierum-dorp;1
GROTE BEEK;2
BURGEMEESTER MIDDELWEERDWEG;1
BIJ VRML. KASTEEL VAN HERPEN;1
van Rouwenoortweg;1
HAESSELDERVELD;2
BEGIJNENBERG;1
OLFORT;1
Brugstraat 4;1
HAARPAD;1
Hoeve in 't veld;1
Hooge Akkers;8
HET BARKEL;1
ELST UTR;1
WATERSPORTWEG;1
Schanskerwei;1
BENELUXLAAN;1
WESTEREMDEN-ZUID;1
Woonlandschap Cirkelbos;1
Rijnfront;5
ACHTER DE STRENGEN;1
JULIANASTRAAT-HOOGVLIET;1
'KASTEEL MELLAARD';1
Herinrichting wegentraject Dorpsstraat e.a. te Terwolde;1
Nagelpoelweg, Wormingen, Kayersdijk, voormalig AMK-terrein;1
DE WITRIJT;3
valkkoogerweg;1
Walstraat;4
Tjardaweg 3;1
Westerholt, Anderense weg;1
KIKKERTSVEEN-WEST;1
Welsrijperweg;1
ROOSENDAALSEWEG;2
Poonhaven (Aendijcke);2
DE HOOGE BURG;1
NIEUW AMERONGEN;2
Hemelrijkse Straat;6
HET ZWANEMEER.OUDE GRONINGERWEG;1
MERKELBEKER BEEK;1
BROEKHEURNE;3
HOOISTOBBE-WEST;1
LINGEBORG/HONDENTRAININGSVELD;1
VEULENSCHE WATEREN;1
Vinkeland Alblasserdam;1
EKEHAARDER ES;1
Lekdijk, ten oosten van de A2;1
"Erve Holterman; Oud Oolde";1
SINT ELISABETHS GASTHUIS;1
Fischerpad;1
REULING;3
Aardgastransportleidingtrace Oude Statenzijl-Midwolda;1
'T HOGE HUYS-NIEUWESLOOT 149;1
perceel ten oosten Zuiderzeestraat en ten zuiden Braakweg;1
GEMEENTEHUIS-KERKSTRAAT;1
STORTING;2
MIDDELOO;1
Keurkamer;1
VIERAKKERSESTRAATWEG;1
IMSTENRADE;7
Leeksterveld;1
Zeilbergsestraat;1
WIJTHMEN ZALNE;1
"Uiterdijkenweg; Kavel R3";1
HOLTERWEG 53;1
Revelhorst 4 fase II;2
Polder Het Nieuwland;7
Middenweg;3
Perceel Volders;1
DE VOORT;3
VELSERPAD;1
BAARSKAMP;9
GLINTHUIS;1
Princeveld (gem. Utrechtse Heuvelrug);1
GRINTWEG;1
HUINEREN;1
"Voormalig AMK-terrein M10458/CMA38G-056: Spoorweg; Schelluinen";1
LEMSTERWEG, KAVEL F38;2
Muiderslot waterpaviljoen;1
Kobus III;1
Alverna Voormalig Mobilisatiecomplex. Boskant;1
BREDASCHE BAAN;3
IJSSEL;4
SIEPWEG;1
HIPSBERG;1
TRACE S11, LOCATIE 1;1
TUIN NOTARIS RISSEEUW;1
Wellandweg;1
Vogelenzangseweg, sectie F, nr. 282;1
SAETS RANDE;1
GRO0TEWALLERWEG;1
STRANDPAAL D16/97;76
AMERONGSCHE BOS;1
NIEUWE MARKT;2
Molenpolder;1
HANKENBERG-WEST;1
Zwembad Poelendaele;1
Heldamweg;1
DE PUNT;1
KAPELLE;2
Plangebied De Berg;2
TEN N. VAN SCHILLERSHEIDE;1
Dommelsvoort Smals;1
"Runderweg; Kavel G116";1
AALKEET BUITEN 071;1
GROOT PROYEN;1
VAT IV;1
Liemerige wei;1
De Hoge Morgen;1
Korte Nieuwstraat 13-21;1
Der Boede;4
KATSBEEMD / ELSENWEG;1
POLDER NIEUW-GOUDRIAAN;5
HET HOFKEN;1
Fonejachtbrug;1
LASSCHOTERWEG;1
MOORDRECHT;1
IJsselweiden;2
NOORDDIJK;8
HAVENSTAAT;1
HERKENBERG;3
STRAND ZOUTELANDE;1
Kost Verlorendijk;1
NOORDZEE ENGELS C.P.;1
MEDEMBLIK 4;1
APEDIJK/DIEKMAN;1
Emmerveld;1
VOETANGEL;2
Zijthorst;2
Westrenenhoeve;1
LANGE WEIDEN;1
HOOGSTRATENSE BAAN;1
17.47 AALKEET-BINNENPOLDER;1
Gasthuiskerk;1
"Cocody; site F-zuid";1
KAMERVOORT;2
RENSGARS 6;1
Herstraat (perceel 10);1
Oude Stationsweg;2
"Voormalig AMK-terrein M10487/CMA38D-026: Polder Wijngaarden; Westeinde";1
ASSELSCHE BOSCH;1
Jardinga;1
Woudsend Rondweg;1
trace gasleiding Zuid-Beveland;1
Kiviter Heitje;16
DE PAPPOTTEN;1
HET OUDE HOUT;1
HEIVEEN;1
kampweg;2
DE OUDE BURCHT;1
N229, Veldzicht;1
Buursemanweide;2
WEDDERVEER;2
DOLLYHOEVE-NW;1
ZEEMANSLUST;1
Maaskantje;1
Tungelerdorpsstraat;2
WOID;2
SCHEER IV;1
Casembrootstraat;1
DE HOLTEN-NOORD;3
ULFTSEWEG 128;1
Blokhoeve, atletiekbaan;1
Halvemaanweg 28 Zeilberg (Deurne);1
GOYERDIJK 1;1
DE ZEMELEN;18
DEDEMVAARTSEWEG;1
"Leudal; Lange Pad";1
Kielsterachterweg;2
"Molenbeek; Nispense Brug";1
NERGENA-LANGESTRAAT;1
Hoek Hombergstraat/Bosweg;1
Jonkerland;1
Wezeweg 4;1
MIDDENVEEN;6
Kanaaldijk 85;1
KUINDERWEG, KAVEL M134;1
Voormalig AMK-terrein: M9473 / CMA37E-082: Ackerdijksche Plassen;1
EMMERESCH-TRACEE N31;1
Het Grote Veld;1
POMPGEMAAL OVERLOOP BERKEL/IJSSEL;1
Dorpstraat 1;1
KLEIN JODINK;1
De Pauw;1
DOMLAAN-ZANDGROEVE;1
GREATE VLEAREN;1
Elsterstraatweg;1
WEZEL;4
Slot Haamstede;2
HOEVENHEIKE;1
DONIATERP;1
VEERKAMPEN;1
Nieuwlandseweg 43;1
KAOLDERVELD;2
ELSAHOEVE;1
Jodnmoat;1
DE GEER I;1
Hogenbergseweg;1
EPPIESBERGJE-OOST;1
Zwarte Korstweyer;1
Bloemenbuurt;2
WESEPERENK;1
ZUIDERDUIN;1
Ommerenveld;1
BURG. VAN TUYLLKADE;1
POLDER RUIJBROEK;1
STEENWIJKERMEENT;3
Oudeweg 26;1
Nijenhuis;1
OMMEDIJKSE POLDER;1
Eertmansweg;1
OMMER ES;1
HET PANNENHUIS;1
AGTERSTE DISTELBERG;3
BERGHUIZENSCHE BLOK;2
GOUTUM;1
Donkersvoort;3
ELZENER VELD;1
NIEUW-HAAMSTEDE;2
EENERVEEN-ZUID/VEENHUIZEN;1
De Zuidlanden;1
Deelgebied 6: Kisselsbos;1
Heinsbergerweg 8;1
Prive weide;1
Hoefweg/Molenweg;1
budschop;1
KUINDERWEG, KAVEL R1;6
"OP DE MUSSENBERG; BIESSTRAAT";1
Meeuwenduinen;1
LANDGOED DE EESE;1
OOSTERESCH;9
WINSSEN;3
GROOTE WOLDWEG 68;1
RANDWIJK-SCHUITENVOERDERSLAAN;1
Tiendweg, De Poel;1
recreatieplas Kraaiebos;1
Sportpark Geldermalsen;1
ZANDHORST;1
"OUD PALKERDIJK; ZESWEG; WOERZIKSESTR";1
KLINGENWEG;1
HOOGE HEXEL;7
NIEUW GRIFFENSTEIN;1
VAN ALDENBURGLAAN;1
Kessel-Weertbeemden;1
WATERKWARTIER;1
Liemerige Wei;1
14 AGGELEN;1
KAMPEERTERREIN OCKENBURG;2
"ALTENAHOEVE; ALTENASCHE HOEF";1
Slabroekse Heide;1
COLMONT;1
VALTHERBOSCH-NOORD;2
NOORDZEE NCP BLOK N4;1
PARK LEEUWENSTEIJN;1
Ossenwaard;4
STRAND VEERSE MEER;1
Oosterhoutseweg 129;1
NOORDERHEIDE;5
SANTHORST;1
terp aan zeedijk;1
VELSEN 1-NOORD SPAARNDAMMER POLDER;1
Schaapsweg;1
MIDDELBLOKWEG;1
HERIKERESWEG;1
MATSLOOT NOORD 11;1
Rijakkers;1
KEULSTRAAT;1
Breda Breedonk;1
strand;4
DE KOPPELPAARDEN;1
De Haag;2
Kerkhoftrap;1
Kleinstraat (ong.);1
EILANDSPOLDER;1
Graadt van Roggenstraat;1
LEEBERG;1
POORTSTRAAT-SMIDSEWEGJE;1
LUCIASTRAAT 7;1
MEERSLOOT;4
Leeuwarderweg;1
Hillestraat;1
PRINSENHOFCOMPLEX;1
"LEUVENUMSE VELD; N.O. DRIESE BERG";1
HAMMERVELD;3
AALKEET BUITEN 070;1
ESKEBOOMWEID;1
Lindegracht 10-12;1
VEENSEWEG;3
DE GROTE NEVEL;1
De Ronsaard;1
Horstweg;3
Beestenmarkt;3
Kasteellaan;4
TERREIN BEJAARDENCOMPLEX;1
Erve Rensink;1
Plangebied De Centrale As;1
ETTENSE WILDERT;1
KAAIDIJK 3;1
MEPPEL;1
SARSKAMPEN;1
Ooijsche Wetering, vp R4;1
KASTEEL AMERONGEN;1
COLIJNSPLAAT;2
Voorstraat 18-20;1
UITGEESTERWEG (VINDPLAATS 15);1
Gordingweg;1
NH Kerk te Almkerk;1
De Vutting;1
"Loerik; terrein 9";1
Haarsterveld, Haarster waterlossing;1
ACHTER DE MOLEN;2
Zweefvliegterrein;1
Pissemsbroek;1
"HARNSE ENG ; NERGENA";1
KLOOSTERBOSCH;6
MOLLEBOS;3
KOOTWIJKER ZAND;1
BERGSE STRAAT;1
LAAGHALERVEEN/EEKHOUTSWIJK;1
KRONENBERGERHEIDE;5
ZANDERIJ WESTERBAEN;1
Pastoor Brugmanstraat;1
J.J. ALLANSTRAAT;8
Hugten;1
Wilsfoort;1
DE GEBRANDE BOGERD;1
BORGSLOOT;2
16.105 AALKEET BUITENPOLDER;1
"Rode Steen; Grote Noord";1
Groot Nieuwland 22-24-26;1
HUTTENSWEG-VIERSPRONG;2
MONNIKENBRAAK;8
"Vijzelgracht; Weteringcircuit";1
BENEDEN MERWEDE;1
POLDER SCHAIK;1
DE HAMSE BOOMGAARD;2
Steltestraat;1
Lookertstraat;1
Wilhelminahofje;1
Klipperstraat;1
Raaijestraat 2;1
kasteel Nieuwenhof;1
ERVE KOEKENBERG;2
Doalkesberg;1
DORPSSTRAAT 523;1
Wencopperweg;3
Kampje;2
OOSTERSTRAAT/KATTENDIEP;1
ONDERDUIKERSTOCHT, KAVEL C113/120;1
De Pompers;1
NOORDZEEKUST OUDDORP PAAL 11 jaarboek2;1
RONDUIT;1
de Barntjes;1
MUNNEKENS;1
NIEUWE RUNDE;1
SPANJAARDSWEG;1
EEXT;8
Provincialeweg 22;1
CORTENDIJK;1
WEENDERSTRAAT;1
KLOOSTER MARIENBORN;1
Amerikaanse ambassade;1
"Voormalig AMK-terrein; Polder Broek; Oude Wetering";1
OVERBOS;1
Buijtencamp;1
Hengelderweg 10;1
LANGE UITWEG;2
MALBURGEN;4
Aan de rijksweg (vp 8);1
Molenstraat / Berkhaag;1
GENIEWEG;1
2230 Beekbergen, Holleweg;1
KAAIDIJK 1;1
ELZENHOUT;1
WASSENAARSE POLDER;1
LAARBRUG;1
"AVENDUUR; HENSTSTRAAT";1
Blanckensgoed, vindplaats 1;1
"VINDPLAATS M.; SPEULDERVELD";1
GRIETMANSBRUG-NW;1
"Dodaarsweg; Kavel H16";1
Stolwijkse Boezem;2
HERFTE VELDHOEK;2
SEROOSKERKE - ZOETENDALE;2
POLDER RUSTPLAATS (DE DREVEN);3
Voormalig AMK-terrein M12905: Noordzijde 1, 2, 3;1
VAARWERKSWEG;2
'T HOGE LAPJE;1
Heuvelpark;2
PARK LINGEMEER;1
WINTERDIJK 13;1
"ERMELOSE HEIDE; NOORD VAN PAALBERG";1
Sphinx;1
ROTSESTRAAT OOST;2
Fnidsen 28-30;1
"J.KARELLAAN ; WACHTELBERCHSCHE HOEVE";1
LUSTHOF;1
Zundert Wielhoef;1
GROTESTRAAT 16;2
Pothoek;1
WITTELTERVELD-OOST;2
AGELERVELD;2
DE EVERSKAMP;1
KWADENOORD;2
Oostkapelseweg;4
Zandhoek;1
Zanddijk 28;1
VOORWEG 190;1
Zuidkamp;1
Lekdijk;2
KLOPVEN;1
TUKKERSLAND;1
Kierkamperweg/Kerkweg;1
TOLHUISBOS;1
HET KATTELAAR;2
bedrijventerrein Diekink;2
UITERDIJKENWEG, KAVEL R2;2
Boshei (Rijs);1
SCHOKKENKAMP;1
turfkaai;1
SWALMEN;4
Ockenrode/ Solleveld;1
Tetjehorn;1
Pijnackerse Vaart;1
Amerbrug;1
BOXTEL;1
MIDDELHORST;2
TUSSEN FORTEN ISABELLA EN ANTONIE;1
ROEKEL;1
Hooge Burgh;1
Thijlingerhof 3;1
MOERSLOOT;6
Coelhorst;1
Beusichemseweg, zuid, Loerik II, A.Pistoriusweg;1
FLEDDERBOSSCHERPOLDER;1
HET HALDERT;2
AALKEET BUITENPOLDER 20;1
Veestraatbrug;1
HUIS DE HOEVE;1
Uitbreiding jachthaven;1
BLAUWE SLENK 2;1
Binderstraat;1
Vliegtuigweg, Kavel J114;1
achter de molen;1
De Rosheuvel;1
VOSSENHOLEN;1
"Onder de Toren; Korte Nieuwstraat";1
LANGS KRALOERWEG;1
Blauwe Weg;2
ZIJDERVELD-A2-UITBREIDING;1
KALVEREEUWSEL;1
Biesstraat;3
"LAAG STRIJP ; VALKENDIJK";1
SMIESWOIDJE;1
SLINGERWEG, KAVEL NZ61;1
AB Brouwerspoort Veenendaal;2
ZICHTENBURGLAAN;1
locatie 7 schoonebeeker diep;1
DE WOLFSDARM;5
KOOREVEN;3
GROTESTRAAT-WEST;1
ELANDWEG, KAVEL H111;1
St. Anthoniusplaats;1
NIEUW GASSEL;1
MARKEWEG;2
"Kade; 't West-Vaardeke";1
OTTERBERG-WEST;1
Solwerderstraat;1
BANKIVA/MAARSBERGSE WEG;3
De Vijfpoort;2
"DE ENK ; HULLEWEG";1
DORPSTRAAT 1E;1
BOOMLUST;1
Kommerstraat 22;1
FIKKERSDRIES;1
EESERVELD-ZUIDWEST;1
Zuidereiland;3
SCHOKLAND, KAVEL P32/P33;1
Huis Heemse;1
JAGERSHUIS;6
KATTENVELDSCHE MEER;1
Buurtweg;3
WINKELEN;2
Nieuwe Markt 10;2
AGORA;1
EYSDEN;1
MUSSENBERGWEG;1
Pastoor Jansenstraat;1
SONNENOORDLAAN;1
Bosch;1
DE OTTERBERG-NOORD;1
GROTESTRAAT-OOST;1
"Kuinderweg; Kavel R1-1; 1e greppel";1
LANDGOED KERNHEM;1
"Schildersbuurt; Jozef Israelstraat";1
AALKEET BUITEN 044;1
Loerik;2
SCHEURRAK VI;1
BOKKESLOOT;4
Heuven;1
Hoppenbrouwers;1
Waarder stroomgordel/Parallelweg West;1
"POPPELSCHE HEIDE; Pineind";1
DE PEPPLEN-WOERD, voormalig AMK-terrein;1
Bakerwaard;1
ERFGOOIERSSTRAAT-HEUVEL 105 EN 106;1
BOVENKERKSE WEG 84 88;1
NEUSHOORNTOCHT, KAVEL Q75;1
VOORMALIG KLOOSTER SION;1
BRINKER ESCH;2
NEGELAAR DE;1
VALENDRIES TERREIN A;2
Diepenbrocklaan 19;1
EIKENHOF-ZUID;1
TOCHT;1
IJSSELKADE;2
HOLTESCH HH2;1
WITTE BERGEN;2
POLDER OUDE UITSLAG;1
DE SCHUILENBURG;1
WESTERVOORT;2
KONINGSTRAAT ZUID;1
Steelhoven;1
GROENESTEEG 2;1
GROOTE WOLDWEG 62;1
PROF. DR. A.E. VAN GIFFENSTRAAT;1
MUNNICHSBOSCH;3
ACHTERSTE VELD;7
Mr. Bierensweg naast nr. 46a;1
FRIESEWEG vm Conijn;1
Dorpsstraat 21-23;1
Haling 13;3
Watersportweg;2
Asingastraat;1
Veldzicht;3
"ROOSKENSDONK; MARK";1
ARNEMUIDEN STATIONSPLEIN;1
vierde Bergboezem;1
BREESTRAAT;10
OOSTERDUINLAAN;1
HOOGE KORN;9
"TORENBERG ; AMERSFOORTSE WEG";1
Eimersweg 3;2
naast BADHOTEL;1
JAN WILLEM FRISOLAAN;1
ORANJEKANAAL;1
ALBERGER VELD;1
01.001 Markt 63/geuzenmonument;1
Scholtishof;1
OOST VLISTERDIJK 45;1
SLOKVEN;1
WEERTERBOS;1
KUINDERBOS, HOPWEG, KAVEL K24;1
ZOELMOND DORP NOORD;1
Vessem;1
DOMEINWIJK;1
SPORTVELD MOLENSTRAAT;1
HOF TE KAGELINK;1
HEYTHUYSEN;1
Hoge Weide;2
Kloosterlaan 2;1
Bakestein;1
Binnendams, den eendenbout;1
"Menkeweerstertocht ; Anderwereld ; 't Hoogtje";1
ZANDSTRAAT 17;1
Kelpnerweg VP3;1
Bagven;4
RITTHEM WELZINGE;1
HUISWAARD 2;1
PAARLAARSTEEG 1 (HOEK KONINGSTRAAT);1
GRENSWEG;4
DE KORENBLOEM;2
ZOUTKAMPERLAAG 1;1
Nedereindseweg;26
BLAUWE HOFSTEE;1
LEENDE;2
Hillegrond;1
SINT ANTHONYPOLDER;1
Pijpleidingstraat, A29;1
"GRIMBERG; GRIMBERGEN; SLIEVENSTRAAT";1
"KAPELSTRAAT; KEENT; BINNENVELD";1
POELWIJK;1
HERTINGSHOF;5
SPANGAHOEKWEG;2
KOOISTUKKEN-NAUW VAN HET ENG 2;1
SCHIETBAAN/E3 STRAND/KNEGSELS HEIKE;1
TORENKWADRANT;1
EGMOND AD HOEF;1
Winkeldijk/ Vrederust;1
BINNENSTAD (KOKKESTRAATJE);1
GROTE MASTMOLEN;4
"Huij; Heerstraat 3";1
Spoorstraat 58;2
ASSENDELVER POLDERS-SITE Q-VINDPL.60;1
ZWIEP;1
NIEUWENHAGEN;2
Parkzicht, omgeving Julianalaan;1
"PLEIN  9; SPOORPAD 2";1
DORPSTRAAT 28;1
Molenstraat, voormalig AMK-terrein;1
"Voormalig AMK-terrein M3192/CMA30G-013: Deijlerweg; Amerikaanse School";1
IJSSELMEER HOUTRIBSLUIZEN 1;1
Smakterveldweg;1
KLOOTSKAMP;6
Zaarderheiken;2
Herveld, Bredestraat/Zuid 50;1
POLDER NEDEREIND [ VINDPLAATS 8 ];1
KERSBERGENLAAN 15;1
ASBROEKER HEIDE;1
"KONINGSLAAN ; OUDE BRAND";2
BUITENHOF;4
HOEVE;1
MUNTENDAM;2
VOSKAMP;4
SCHOOLPAD-WEST;1
HAVEN STADSWEIDE;1
LUNSVEEN;1
"Kamperweg; Kavel P83";1
Veldhuizen (Limes);1
Lage Dijk;1
Mortel II;1
KIEFTENBURG;1
Backerbosch;1
VOORSTR. 22;1
TERP SION;1
Groenmarkt 1;1
"Lingewal; Heuvelstraat";1
NOORDZEE NCP BLOK S3;1
OMGEVING STEENFABRIEK;1
OVERSTEGEN-CAENSTRAAT;1
GROTE MEINSCHE;6
"19.01 OUDE CAMPSPOLDER; HERENWERF";1
Hoge Woerd;5
HOOG KANA;4
ECKART;9
SCHOKLAND, ZUIDPUNT. ENSERKERKJE;1
Singel 24 en 24a;1
Meerssenerweg;1
Laagveld;1
GAT VAN EIBERGEN/ATOOMSCHUILKELDER;1
Verbreding A2 tussen Vught en Best;2
DE SAVORNIN LOHMANPLEIN;1
HAPS;3
Bosscheweg;1
Ruijsstraat 6;1
KAMPERKLIPPEN;1
WAAXENS;1
HOOG SOERENSE BOSSEN;1
MOLENSTUK;3
D6 - HUNEBEDSTRAAT;1
Weideland;1
SLUISPOLDERS;1
KIEZELBELT;1
RENGERSWEG;1
MINDERBROEDERSKLOOSTER;1
GROOTE PEEL;2
"Voormalig AMK-terrein M9419: Polder Noord-Kethel; Abtswoudse Weg";1
Reindershof;4
Brede school;1
SCHOOLSTRAAT-ZUID;1
Lottumseweg 62;2
GROOT DOUWEL;2
GALGENBERG HET BOORD;1
"DEUTZSTRAAT; A.DE RENESSESTRAAT";1
ZWIN;1
OUDE KERKHOF;6
HORSSEN;21
DORPSTRAAT 77;1
Torenring;1
ERVE BEENKERS;1
SCHIETECOVEN;2
SINT-JACOBSKERK;1
KASTEEL EYMERICK;1
BETUWSTRAAT;1
Horsterweg 11;1
16 AGGELEN;2
Molenstraat 23;1
Noordendolfer 7;1
HENAKKER;4
Borculo-Voorstad 3-11;1
Grachtweg;1
Molendijk/Vaartweg;1
NETERSELSCHE HEIDE-KAPELDIJK;1
KROM 'T (OOK BAKENESSERGRACHT);1
Beukenlaan 4 en 4a te Spankeren;1
Veestraat VP6;1
Boveneind Noordzijde 48;1
MAARTENSDIJKSCHE WEG;1
MEERWIJK;1
Veldhuizen, de Balije;1
"DRIE DORPEN POLDER; DELGROMIJ";1
Centrum Lichtenvoorde;1
Vurtumsedijk;1
Oude Markt 26;1
OOSTPLEIN;1
KLEIN MAZEN;1
Apollolaan/Sportpark;3
Stoof;1
FELSUM;1
HEKSENBERG;1
KERKAKKER;2
"Schokkerringweg; Kavel P23-I";1
19.32 OUDE CAMPSPOLDER;1
NUILERVELD;1
UITVLUCHT;4
Kaaplandstraat;1
KIEVITSAKKERS;1
BENDERKAMP;1
VELDHUIZERLANDEN;1
DONK VAN PELICAAN;1
TWEEDE MOORDRECHTSETIENDE WEG;1
Het Hof-Julianasingel;1
Tippe;1
VALKENBURG CASTELLUM;1
FORMERUM 2B;1
LOKSTREEK;2
LINDENSTR/NOORDENBERGSTR;1
Schrijvershoeve;1
Wetering;1
Huurlingsedam-oostzijde;1
RIJNSE WEG, DE RHIJN;1
'T STORT;2
NIEUWE LAND;4
DE OOI;1
DE ZOEL;1
ROODE BRUG;2
Stationspark;1
LOOIENHOEK;1
DORPSSTRAAT;33
Homberg;27
TJUMMARUM TWEE;1
DOLDERSE WEG;1
RAKENS;1
RIEL;5
DEN OSSE;1
AMMERZODEN;1
"Doalkesberg; voormalig AMK-terrein";1
ZANDZOOM-NOORD;1
Kavel AZ121;1
FOCHTELOOVEEN;3
DORPSSTRAAT 370/POLITIEBUREAU;1
NOORDSE VELD;3
BAKENESSERGRACHT 89-93;1
STROMARKT;1
RINGDIJK;5
Haardstraat;3
DE AUST;4
Zuid;1
KRUISING MOLENWEG/KEEN;1
GENOUWEHOF;1
Holysingel, Hoog Lede;1
Blanckensgoed;1
"Vossemeerdijk; Kavel N59";1
BURGZAND NOORD 11;1
vindplaats 3;1
Papenbeek;1
Hoge Woerd 1;1
WOLFSHOEK;1
Genenberg;1
17.26 AALKEET BINNENPOLDER;1
SCHANSSCHE;1
Europalaan 150;2
NABIJ MEIJERINK;1
OVERBIEST;4
DE FAN;2
Voormalig AMK-terrein M9382 / CMA37B-048: Commandeurspolder;1
Waalkade;1
Groene bos;1
Wieken Vinkenhoef, perceel 327;2
Vindplaats 1, boerderij 's-Gravenhuize;1
De Vlier;1
SCHOONDONK;2
's-Gravelandseweg;1
Tennisvereniging LTC;1
STOKKELEN;1
AAMSVEEN ?;1
Hollendewagenweg;2
SCHOOTER SCHANS;1
ZINKFABRIEK;2
SPOORTUNNEL: SCHIEKADE;1
Landscheiding;1
VENEWEG, KAVEL F8/F9;1
16.73 AALKEET BUITENPOLDER;1
Taalstraat;1
Generaal Spoorkazerne;1
Titus Brandsmastraat;1
Varsenerdijk;1
HANNIE SCHAFTWEG, KAVEL J84;1
RUIFWEG;1
"Zuidermeerweg-West; Kavel E25";1
MULDERSKAMP;1
COMPLEX PHILIPS NIJMEGEN;1
Canadaplein;1
DE WIEEN;2
Duyvelsgatbrug;1
OSTAAIENSCHE HEIDE;3
STARTWIJK;2
Heeswijk- Ewinkel 2;1
Plangebied Stationslocatie;1
POLDER KORT-SCHEIWIJK;1
De Nagel- voormalige kavel D86;1
BAKENESSERGRACHT 45;1
ENGERSTRAAT;7
CASTRICUMMER POLDER (VINDPLAATS 11);1
N830;1
Korte woldstraat-Cornputsingel;1
Krijtenburg 12;1
NEERIJNSCHE MARK;1
VENNENWEG;1
BEATRIXSTRAAT 19;1
"Urkerdwarspad; Kavel H57";1
Weststad III;1
Eggerweg;2
16.95 AALKEET BUITENPOLDER;1
Zuid-Linschoterkade 1-2;1
De Templet;3
EVENBELT;2
NOTTER ES - ERVE LOOS;1
Vismarkt 10;1
Meester Bierensweg;1
KOEBROEK;1
Klein Zundertseweg;1
DORPELDIJK;4
BLOKHOEVE;1
DE REEST;1
NIEUW-EHRENSTEIN;1
EESERVEENETIKET;1
BEUSICHEMSE DIJK;1
RIJKSWEG 34;2
Meerstad;2
MUNSCHE HEIDE;2
Polder de Gagel;2
Effen Mastdreef;1
EINDHOVENSE WEG;1
LOONERESCH-NOORD;1
DE KEMNADE;1
KOOIJMANSWEG;1
STEENVOORDE;4
Noordzee Noordwestbuitengronden;1
fietspad;2
15 HONT, OUDE BROEKPOLDER;1
ONDERDUIKERSWEG;1
Graaf Engelbrecht school, Ganzerik 3;1
BRAMMERSHOOP;1
16.91 AALKEET BUITENPOLDER;1
HAMDIJK;2
STIPHOUTS BROEK;1
Lindegracht 16;1
Honderland;1
"Potterstraat ; Looiwinkel";1
OIJEN - DORP;1
OUDE HEIJNINGEN;1
BOEZEM 25;1
KOEPELKERK;1
Kleine Overbrug;1
OUDE PROVINCIALE WEG;1
Sportpark Helbergen;1
POPPENDAMMER WEEREN;1
GROOTE WOLDWEG 66;1
"Voormalig AMK-terrein ON-10; WRAK 34";1
Remswerderleane;1
TRITSUM;1
17.16 AALKEET BINNENPOLDER;1
Alsie;1
Plangebied Nieuw Veldheim te Hoenderloo;1
KASTEEL DE MARSCH;1
'T KRAAIE LAND;1
ELFVEEN 3;1
Herkenbroek/Steenstraat;1
BERGAKKERS III;2
KAVEL E129;2
Grote Beek;1
Boswonen;1
'T JOCHT;1
Spoorzone-Driemark;1
VENEPAD, KAVEL F3/F4;1
Kapelsteeg;1
Berg;2
Rottumeroog 1;1
FORT NASSAU/DE VOORN;1
BRUMMELSBERGEN;2
Ramsburg-Oost;1
CAMPING MOLENHOF;1
Begraafplaats Brandenburg;1
Gasleiding Spijkenisse Oost 1-Oud Beijerland Zuid;1
Stichtsekant;1
EKELHOFSVELD;1
BRINKSTUKKEN-WEST;2
De Beaufortplein 1;1
Voormalig AMK-terrein;81
Lingedijk.;1
MEPPELWEG;4
VINKE;11
Hofstraat 10;1
Smelienstraat;2
PRAUBSTRAAT ODEON;1
DEN HOORN;20
Enge wetering, Bommelsestraat/ Paasweg;1
De Hoevenbraak (v.m. voetbalveld);1
"Muggeheuvelstraat; Suggelaarsestraat 1";1
PARALLEL AAN HAVENSTRAAT;1
RUITENBEEKWEG;1
Maas 's-Hertogenbosch;1
BOSWEG 34;1
OOSTVAARDERSPLASSEN KAVEL ZC 46;1
Kasteel Waddestein;1
Hoofdweg 222b;1
Dorpshart;1
LEEUWENPLAATS;1
"Overste Herkenberg; Houthemerweg";1
01.093 Korte Dijk 27 Dammes Erve;1
kavel J125;1
GROOT AGELO;3
PRAUBSTRAAT;1
VBF Terrein;1
EECLOOSCHE WATERGANG;1
Leemringweg 19;1
Woon- en zorgcentrum St. Franciscus;1
Erve Groot Bekman;1
Burgemeester Norbruislaan 13;1
'T HEEM;1
"BREMAKKER; WERMENBOSSESTR;VENSCHE WG";1
CAMERIG;1
WEST VLISTERDIJK 31;1
CASEMBROOTLAAN;1
Allee - Brunssumerheid (T6-2);1
Eversweg;1
A28-WEST;1
BEERKESKAMP;2
A68;1
KAVEL G12;1
Merkla;1
Slemphutteweg, voormalig AMK-terrein;1
Valkenisseweg;1
WILGENHOFLAAN;1
NOORDEN VAN GAAST;1
ESPELERWEG, KAVEL H18/H19;1
Veurselaan;2
LAGE KAVIK;2
HUIS TE BLOEMENDAAL-AELBERTSBERG;1
UTRECHTSE STRAATWEG;3
BALANS 11;1
SCHALTERDALWEG;3
Hagelkruisweg;1
TRANENDAL;1
Eiberplein;1
WIJKSE VELD I;2
MAAS, MARENSCHE WAARDEN;1
KLOKKENSTOEL;1
ACHTERDIJK/DE HOGE WEIDE;1
BONG;4
SCHEIWAL / BULLENKAMP;1
SPARRENLAAN 20;1
Stoofweg;4
KAVEL Q33;2
PROVINCIALEWEG 17;1
Neerbeek;4
Broemkuilweg;1
DE HEVEL - DE HAVEN;1
WOLFSBARGE;1
N37: Zandwinplas;1
Hagerhof;2
N.H. KERK (ST. MAARTEN);1
"17.43 AALKEET-BINNENPOLDER;SARIJNHOEVE";1
WAAL OPHEMERT;1
HOFSTEDE;1
NABIJ HET PEESKE;1
Hoek van de visweg-Reth;1
NAGELERWEG, KAVEL J110;2
Sportpark Rauwenhof;1
MAARHEEZERGRENSWEG;1
SPANGOOR;1
Molengracht;1
LANGRIJT;2
ORSBACH;2
VARKENSPUT;1
DIJKERMATEN;1
BINNENGEESTERPOLDER (VINDPLAATS 24);1
???-SITE J;1
BLOKVEN;3
"ALDENDRIEL;";1
BRIENENOORDBRUG;1
Heelsumseweg 39;1
HEIMERSTEINSE LAAN;1
GROTE EN KLEINE ZUILING;1
DE PRINSENHOF;1
Rijkelse Beemden;2
Berg en Dalseweg 401;1
"Voormalig AMK-terrein M6434: Polder Krimpen aan de Lek; Oude Wetering";1
VISSERSHAVEN;1
WAANSKINDEREN;1
"AARDSCHOTEN ; MOLENWEG";1
Hoek Davidstraat en Westerstraat;1
"KERKHOF; ST.WALBURGISKERK";1
HEUVELSTRAAT 22;1
DALVOORDER BARTELSLANDEN;1
DE PANNEKOEK;1
SEROOSKERKE DORPSSTRAAT;1
NIEUWE HOF;1
Haarzicht;7
"'Het Paradijs""";1
MISDORP;2
Het stuk;1
Rijksweg/Bergerhof;1
VENNEN;1
ALENVELT;2
Willemstraat-Oud Bodegraafseweg;1
WELLERZANDWEG, KAVEL L50/L51;1
STROETEN;2
ST.-WALRICK-TUMULUS I;1
Heezer Eng;1
LANGE BROEKWEG;1
TEN HAM;1
KAAGPOLDER;1
"ANGSTEL ; BEEK EN GEIN";1
DORPSTRAAT 89, 91;1
ERVE BOERSMIT;1
Europaplein;2
Noordzee Eurogeul 25;1
ST.-PHILIPS;1
Lage Heideweg;1
BIJ KAPEL;2
Strijpe;1
GROLLER KOELANDEN;1
GOORSTEEG;1
ELP;2
HEERLEN;2
Milheeze Kapelakker en Millekens;1
HEUVELAKKERS;1
"Biddingweg; Kavel K10-I";1
"Zwartemeerweg; Kavel T70";1
MAARLANDERWEG;2
Zoutmansweg;4
"SCHAPENDRIFT; SCHOTKAMPWEG";2
TAS OF HUILBEEK;1
DE HOEKWEI;1
DE KOP VAN PRENGER;1
Cuijk-Ewinkel 2;1
kasteel vroenhoven;1
05.019 Hoogstad 401;1
Kop IJsselveld;1
BEUSEBERGERWEG;2
SCHERPBIER;2
Hof van Limburg;2
MEERBEKKE;2
NOORDSPAARNDAMMERPOLDER;1
MARIAHOF;1
"Kamperweg; Kamperweg P84";1
IN HET BERCHEMS BROEK;1
Gasselterveld;1
SCHEIDINGSPAD;1
Eertman te Weerselo;1
HEUSDENSTRAAT;1
Plusterdyk;1
EIBERHOF;1
WOUDSE POLDER-SITE 1.17 EN 1.23;1
EEXTERVELD;9
Boschkens-Bakertand;1
MARIAKLOOSTER;1
HET STERREBOSCH;1
WILHELMINAPLEIN / ZUIDWAL;1
DE KNOLLE;1
Dorshout;1
Nieuwe Compagnie;2
HOOGERSMILDE;1
De Giessenburg;2
WATERVEEN;2
DE Omloop;1
IJPELAAR;1
BUSSUMMERHEIDE;2
KLEINE BRINKSTRAAT 3;1
GROOT DRES;1
24 oktoberplein;1
HEIN APEN AKKER;2
ZOUTELANDE;5
JUFFERVEEN;2
Nieuwstraat 32;1
HET POELTJE;2
BESTEVAER;1
Caepse Kas;1
DOLBERG;2
bastion V;1
Voetbalvelden Randwijkse Rijndijk;1
De Munt;1
"FORT ST.PIETER; ST.PIETERSBERG";1
KASTEEL / ARSENAAL;1
BUITENHAVEN;1
Linne (vp 16);1
Op de Kamp;2
Vinkebuurt;2
pannenkoekenhuis;3
HOGE LEEMKOLK;1
KNMI;5
OTTERSUMSCHE VELD;1
NIEUWVELDWEG;2
De schans/Fort Geldersoord;1
ST.MARTENSDIJK;2
HAAGSITTARD;2
"MEERHOVEN; TARFSVEN; WELSCHAP";1
Nijveenselanden;2
ABSHOVEN;3
KORTE ZIJLSTRAAT;1
Voormalig AMK-terrein M2727 / CMA16D-A03: Hesselingenbrug;1
BLOEMSTRAAT;1
NIENHOF;2
KEPKENSDONK;1
ZEIST;2
BENNEVELDERESCH NOORD/STROETEN;1
Castellumterrein Fectio;1
WESTERRINGWEG, KAVEL C85;1
MUNSE HEIDE;5
Hoogdijk;4
PASSAGEULE;2
ASVZ Vincentius Schoorstraat 4;1
Gemeentehuis, Schoudermantel;1
VOSSENEIND;1
KUINDERWEG, KAVEL M128;2
MOENISWERF;1
DE ROEDEN;1
Diepenbroeklaan;1
EPERHEIDE;2
Kasteel Brederode;1
"HAGELINGERWEG; HUIS TE VELSEN";1
"Kuinderweg; Kavel R1-3";1
DE LUTTELA;3
BUINERWEG;2
SCHEELE HOEK;4
Rutgerusgang 2de fase;1
LEEUWENDAEL;1
Woerdseweg;1
IDINK;1
ST. MARTINUSKERK;1
Feijma;1
'T PAES;1
Tabaksteeg;3
Schulpengat - Hollandia;1
"GORTELSE WEG ; CANNENBURGERWEG";1
ORANJEDIJK;4
Hotel Amrath;1
(VML.) R.K.KERK;1
Philomenahoeve;3
ORVELTERVELD;1
Vrijburgstraat;2
DUINWEG (VINDPLAATS 3);1
KLEINE KERKSTRAAT;1
Aan de Watermolen;1
KWALLANDEN/HARSHAMMEN;1
ESSER POLDER;2
"TURKSWAARD ; RIETKAMP";1
LANGE PUT;1
KARREGAT;1
Drie Tolhekken;1
Nieuwe Willemskade;1
SCHOO;1
DE MUILEN;2
STOKKUM;14
DIEZELKAMP;1
WITTE POORT;1
Mercuriusweg;1
BOLENBERG;2
DE HUL;11
Hof Elzet;1
Erve Wansink, voormalig AMK-terrein;1
DOORN;5
EESVEEN;1
DE RATTE;1
HOORNEBOEG;5
"WOLFSGRAAF; WIELERHEIDE; VOORVELT";2
"Vlaamse Gas; Tweede Walstraat";1
GROETBERG;1
DE OUDE STAD;1
KRONENBURGPLANTSOEN E.O.;1
BRAAT VINDPLAATS II;1
"KERKAKKERS; voormalig AMK-terrein";1
LAVEIBOSCH;1
01.01 WOUDSE POLDER;4
HEILIGE LAND STICHT;1
Kampweg;9
HUIS TE GAPINGE;1
Dalwagen;1
REMMERSTEINSCHE BOSCH;15
ZUIDBUURT;1
HUIS HET MEYERINK;1
"'T SOL; SOLSCHE GAT";1
De Nes Noord;1
ZANDKUILWEG;4
KREEKLANDEN;1
de Laren 1M1 en 1M2;9
SCHOUWEN BANJAARD 2;1
Stadskantoor Rodezand;1
Hoogstraat 165;1
Deelgebied 2: Veenkade;1
GR BLANKENSTEIN;4
Geerdinkenk;2
WAALDERWEG;15
GROOTE DIEP-WEST;1
GROOT DOCHTEREN;5
Veersestraat / Beukenboomsweg;1
"WEST ; KLEINE HAVENSTEEG";1
OELESHOF/UILINGSHOF/ULESHEI;1
Stokhorsterweg;2
VOGELNOL;1
"DE VEREENIGING; WAARDPOLDER";1
"TAALSTRAAT 74A + 72; SOPHIA'S BURG";1
AALKEET BUITENPOLDER 5;1
"Neushoornweg; Kavel Q95";1
Perceel 172 Klein Trierveld;1
Ridderplein;1
Centrumplan Coevorden;1
Kooltuinweg;1
Zuiderstraat 14a;1
TEN OOSTEN VAN DE WETBOSCH;1
Willem Rodalaan;1
VEERSEWEG;1
KATTEKUIL;1
BAGGERGAT BIJ ALEM;1
RASBERG;1
Laan van Chartroise;1
HASPEL;2
Hoofdstraat 29;1
RIJKSWERKINRICHTING-BIEUWVELD;1
SINT JAN TEN HEERE;2
DAM;4
KLOKHUIS;3
LINDELAAN;1
KOEBOS;1
DE BEEST, DE BEESD(E);1
Grotekerksebuurt;1
"SINT AAGTENDIJK ;  BUITENLANDEN";1
ROVERTSE HEIDE / DE SIEP;1
Kazernestraat;1
Voorschoterweg;2
VRAGENDERVELD;1
Aan de Rijksweg;6
HET AA DAL;1
Grachtstraat / Van Heemstraweg;1
SCHUIKERKPAD;1
Dalakker;1
APPENSCHE VELD;7
"""tegenover Heerenweg 77""";1
MOLENBERGWEG;2
WIMMENUMMER SCHOOLTUIN;1
"DE TIENDHOF ; TIENDWEG";1
VOGELENZANGSEWEG;1
Oude Beijmoerseweg;1
Clasinastraat;1
ROUVEEN;1
ZUIDEINDE;4
OUDE MAASDIJK;1
Haarlemmerstraatweg;1
NEEREIND 2;1
Hertenkamp;1
'T OLTHOF VAN AKMARIJP;1
"WIJKSE VELD ; WIJKSE STRAAT";1
Willem de vries robbe weg;1
MILHEEZE;1
WAYENSE DIJK;7
D15;1
AZC;1
Polder IJsselveld;6
de Grote Ruwenberg;1
Nieuwe Veld;1
MARSDIEK;1
Eerste Drift Spilsluizen 2;1
SPOOLDERPARKWEG;1
"BIJ JAGERSHUIS; voormalig AMK-terrein";1
VALTHERBOS - OUDE ROSWINKELERWEG;1
ELZENWEG/PROVINCIALE WEG;1
BERGWEG BIJ DE HAZENBERG;1
bedrijventerrein De Heuning-Oost;1
BOUDEWIJN HAR(T)SLANDPOLDER;1
Geldeloozepad/Sportpark 't Schenge;2
Plangebied Kornputkwartier;1
WEG DIDAM LOIL;3
LAURENSHOEVE;1
DEFENSIEKANAAL;1
Plangebied de Dieze;1
BRAAT VINPLAATS VI;1
ZWILBROEK;3
BUNSCHOTERSTRAAT;1
A.G. Noyweg;3
JUMAHEERD;1
STRAATWEG ENSCHEDE LOSSER;1
ACHTER HET EIND;11
Waarderbreukske;44
Grote Kerkstraat;1
Singelstraat -Zusterstraat;1
KOOTWIJKSE ZAND;1
"KRUIKENAKKER; HELLEPUTTEN";2
"OVEREIND 3; voormalig AMK-terrein";1
spitbergenweg;1
EEMSTROOMGEBIED;196
TURELUURWEG, KAVEL KZ47;1
OOSTERES;3
BOISSEVAINWEG;4
Verbindingsweg N284;1
RIETKAMPEN;4
HAZENBROEK;1
Schrijversbuurt;2
"HUIS DIEREN; VOORMALIG SLOT DONGEN";1
Velve-Lindehof;1
De Hagen;1
Brigidastraat 2;1
MAASBRACHTERBROEK;2
Chaamsche Heide;1
"VOSSENBOS; VOSSCHENBOSCH";1
VELDDRIEL - DORP;1
DRENTSCHE HOOFDVAART;1
Grosthuizen 53;1
WELZINGE;3
SINT MAARTENSKERKHOF;1
HOOGELANDE;4
GELDELOOZEPAD;1
VALKKOOG;1
Oosterstraat 4-6;1
Oldehoofsterkerkhof;2
Hoogstraat 28-30;1
Groepenbrug;1
Venhuizen-Westerbuurt-IV;1
Huij 2;1
Erf van Daendels;1
"ST.ANNAGESTICHT; VML.KASTEEL";2
SCHEEWEG-SITE 20.17 & 20.35;1
N.H.KERK;18
Oudt Klooster;1
KNMI-TERREIN;1
DE KEMP;1
DE MIENT;8
Esp;2
Kavel O9;1
DE BELLINCKHOF;1
DE FUUS;3
WEG ZEEGSE-TAARLOO;1
BAKENESSERGRACHT (WESTZIJDE);1
MANSVELD'S HOEVE;1
BURG.GODSCHALXSTRAAT;1
Duisterstraat;4
DWINGELO;1
"KERKAKKER; NEIRHOF/NEERHOF";1
Lekdijk / Het Klooster;1
Veldstraat 38;1
"Vossemeerdijk; Kavel N67";1
Renesse;3
HASELT;259
"KWEKERIJ ; KWEEKLUSTLAAN";1
Den Oudert;2
Kamp 26-28;1
Angeren;1
naast Bisschoppelijk College Sittard;1
ODOORNERWEG;1
Velserbroek;1
'T SOL/BEMELERBERG;1
Boulevard Papa Beer;1
Kropswolder Polder;1
OUDE HELD;1
KLASIE;1
Oost Ambachtweg;1
PILATUSDAM;1
"Voormalig AMK-terrein: Kerklaan; Molendijk; Kasteelpark";1
"Handelsterrein; Bergerweg";1
"Remmersteinsche Bosch; Paasheuvel, voormalig AMK-terrein";1
HEKSENPLAS;1
Kermisplein;1
Blinkertsestraat / Pistoriusstraat;1
PROVINCIALE WEG NO. 6;1
DOMKERK;1
PLANKRAAI;1
KALKESTRAAT;1
WESTERBLOKKER;4
REUVER;1
Onland Overvaart;1
Smedenstraat 46;1
BROEKVELD;1
HOF ESPELO;1
SLOYERSBROECK;1
Baron van Nagellstraat 49;1
HONDEHOEK;1
D21-ZUIDERES-WEST;1
HALLE;6
DE HOLSTERD;2
OUDE HOF;3
ZUIDAFFEL;1
ZONNEKAMP;1
ZWAARVELD;2
Spoorzone;1
LEGIOENWEG;13
"De Burd; Bennemastate";1
MIDDACHTER BOSSCHEN;1
LINGEDIJK;1
TEROVER;1
DEELERWOUD;2
KOUDEKERKSEWEG 13;1
EGELWEG;1
ANDERWERELD;1
KAVEL B19;1
KUILDERWEG;1
LEMSTERWEG, KAVEL F39;1
KORTE HOFSTRAAT 13-15;1
"WIJDE VELDWEG; GINKELSCHE HEIDE";2
Leenhof;1
Kelmonderbos;1
ZUIDSLEENER LOO;2
Hezelaarsche Akkers;10
Glimmermade, Drentsche Aa;1
Oud Velp;1
HONDEL;1
VOORWERK/FOARWURK;2
VOORDENBERG;1
JONKERSHOESWEG;1
Waaiendonk, voormalig AMK-terrein;1
BORKESHEI;6
Vrachelsedijk;3
HOEVE MARIA BRIGITTA;1
Schaesbergveld-Oost;1
Noodweg;5
Muldersdennen;1
BREDE STEEG;1
Sanwei;1
Singel 6;1
Haertelstein;1
Singel 5-5a;1
PAPIERBAAN;1
Reconstructie N233;1
"GRONDDEPOT ""KERKETUINEN""";2
01.033 Joubertstraat/Markgraaflaan;1
Moespot;1
Dijksestraat;1
Effathalaan 28;1
GENDIJK;3
Hemberg;1
HUIZE 'T VELDE;1
HAGENBRINK/OOSTERES-NOORD;1
HORDENWEG;1
KEIZERSHOEK;1
VOLLENHOVEN;7
HEREPLEIN;1
Grijzegrubben;1
Usseler Es leidingtrace (fase 3);1
WITHARENWEG 18;1
S.WIJKSEWETERING,GOYERDIJK,BIESTERHOFST.;1
Heerbaan te Leveroy;1
SCHOUTJES VELD/TUINSTRENG;2
HET HOLT;1
Alslansdyk;1
DONKERVENNEN.;1
KERKHOF ZUIDZIJDE;1
ROLANDSECK;3
Tegenover de St. Antoniuskapel;1
KALVERKAMP;1
"OUDE DEELING ; KAMPSTEEG";1
DE DOM;6
VREDESTEIN;9
CASQUETTENHOF;1
KLEPPERHEIDE;3
Nieuwland, boerderij Sneul;1
ANDELST;2
Julianastraat/ Wilhelminastraat;1
GENNEP;8
MATSLOOT NOORD 07;1
AZALEASTRAAT (HET LAUWIK II);1
BOTERMARKT (OPENB WEG: ZW HOEK);1
ERVE WEERNINK;3
Nieuwlande;1
"GORTELSCHE BOSCH ; GRASWEG";1
Rouwenhofstraat 22;1
Kavel M59;1
ROODERHEURNE;1
TRISTELBOSCH;1
Loonerdiep, weg Loon-Balloo;1
JACOBI/ JACOBSKERKHOF;1
LORBERG;5
Woerdje aan de Ooygraaf;1
HUYGENSWEG 11;1
"JOHAN VAN BEEMLAAN ; ZORGVRIJ ?";1
"Beciusstraat; Kanaalstraat";3
Walstraat 9;1
KINGBEEK;9
GERRIT VAN ASSENDELFTSTRAAT;2
Posters Broek;1
ZOUTSLOOT (NOORDZIJDE);1
GUTTECOVEN;2
BEVERBORGSBRUG;1
STEENENBERG;6
REWERT;1
LEIGRAAF;4
TEEFFELENSE WETERING;3
Kruisbergseweg/Hengelosestraat;2
WEDDERHEIDE;1
Kleine Brand;17
EDDYHOEVE;2
VRIESLANDEN;2
Het stadshart 2005;1
D22-ZUIDERES-OOST;1
MELLEMA STATE;1
ENGELSBERGEN;1
Grote- of St. Jacobskerk;1
Op den Berg;1
BOERDERIJ GROOT BREEDSLAG;1
Everstraat 2;1
de Mozartstraat 32 & 38;1
Rasterhoffpark;1
HOUTDORP;1
"DE MIDDELWEERT; STEENFABRIEK";1
RIELS HOEFKE;1
Korte Wolstraat;1
SLIKKEN VAN DEN DORTSMAN;1
Hoep-Noord/ Nesdijk II;1
"Oud Jeruzalem; voormalig AMK-terrein";1
BOKSENBERG;2
"Heereind; Auwert";5
Rijksweg;42
HET GEIN;20
"ASSELSCHE BOSCH ; TRIBUNE";1
Connexxionterrein;1
MEPPERDENNEN;2
Vessem Flinkert;1
ROOSENDAALSE BAAN;1
HOOGSPANNINGSSTATION BIJ SPOORLIJN;1
LOOLEE (BEEK);1
SUNDERT;1
MANDER GRENS;1
KONINGSLAAN;1
DORPSTIENDEN;2
Brede School;2
Plangebied Molenrand;1
KORENBROEK;4
Vechten;2
Hofmeiers Blok;1
KASTEELWEG;7
Westzijde dorp;1
ELDERSLOO;2
ARUMERMIEDPOLDER;2
Slikpoort;1
Blekersveld;1
TONCKENSBOS 03;1
HOGE MEET;1
BRAAKMAN;3
Roobrugge;1
CIPERHILL;1
Park Drieen huysen;1
WEST VLISTERDIJK 4;1
Borculoseweg;2
HIJKERES;2
BUITENWAARDEN;4
Beemdveld;1
HULSERWEG;1
OUDLEUSENERVELD;1
WAGENMAKERSPARK;1
Oudemolensche diep;1
'T SPIJKER;1
POLDER NEDEREIND [ VINDPLAATS 9 ];1
Sint-Janstraat 12;1
Bergbosweg 6;1
Kerkstraat 9-11;1
GROTE MARKT (PUT VOOR VLEESHAL - VISHAL);1
Liskesweg 8;1
Nicolaas Barnhoornsweg 23-25;1
Kleine Kerkstraat;2
Rietvink;1
HOEVERVAART;3
Smitsweg, Pijpleidingstraat;1
WIJKSE VELD - DE WEEM;1
PIETERSTRAAT (TERREIN POLITIE);2
DE AKERMAAT;1
Het Bosje - Fase III;1
Akkermolenweg;2
Elvis Presleylaan;1
PLAN OOSTRIK;2
OORLOGSMUSEUM;1
Eedeweg 15;1
EPPIESBERGJE;17
SPORTVELDEN;1
wierde Wierum;1
Lange Kerkstraat 12;1
De Steenen Trappen;1
SMEDESTRAAT 35 (DAMIAATJES);1
"De Lorberg; Heinsbergerweg";1
ACHTER HET HOUT;1
FROMA-BORG;2
CAETSHAGE;1
KERKENHUYS;1
PROEFSTATION;1
OUD BUSSEMMERWEG;1
SASSENHEIN LUTSBORG;1
SINT-MARIAHOSPITAAL;1
TRENTSCHE BOSSEN;1
LUISSEL;2
Krooswijk;1
FLEERDE;2
"HEREWEG 320;";1
Hulpbaan aan de Rosestraat;1
Fort Sanderbout;6
BROEKENEIND;1
Oerleseweg;1
RANDWIJKSE RIJNDIJK;1
Blaricummermeent;2
TRECHTWEG;20
NOORDER YDIJK;1
HAZERSWOUDE RIJNDIJK;3
oprit Brielsebrug, Nieuwe Ondernemingspolder;1
"Vogelweg; Kavel E34";1
RAAMDAL;1
HET EERSTE LARENSCHE KAMP;1
Sprencklaan;1
KATERSTRAAT, ZUIDZIJDE;1
RECREATIECENTRUM MIJNDEN;1
SPOORBRUG VOORVLIET;2
Renbaan;2
VLIEGVELD TWENTE;1
"Kadoelertocht; Kavel T73";1
NABIJ WATERTOREN;1
ODOORNER VELD;1
CRAIJENSTEIN EN RONDUITPOLDER;1
Burghornerweg;1
Steeg;3
BONNERKLAP;3
Havendijkstraat;1
WESTENWOLD;2
AMERONGEN;6
Weg Rolde-Borger;1
DE VIJVER;1
MIDDELAAR;10
BIJ BROERENKERK;1
DE NES;9
Osstraat;1
Badhuisweg, Coolsweg;1
TUSSEN DE STEGEN;9
Boshovensestraat;1
HEEREWEG;1
WELDAMMER BRUG;1
WARMTINK;1
Hogeweg 3;2
WITHAAG POLDER;2
GROTE KERKSTRAAT-BOLLEMANSSTEEG;1
Noordstraat 4;1
Tjallewal / Bonkelaarsdijk;1
"Ruttensevaart; Kavel F14";1
"Onderduikerstocht; Kavel G62";1
"IJselmeerdijk; Kavel H7";1
Huis de Boedelhof te Eefde;1
De Eikelkes (Munningsbosch);4
WIELINGEN 07;1
WAALKADE OOST-GROENE BALKON;1
Valkseweg 92;1
Blauwe kamer;1
TEXEL PAAL 15;1
Groningerstraat (vindplaats 10);1
Kingmastate;1
HOUTERVELD NOORD;2
WESTPOLDER;1
Laar, Kromstraat;1
PEURSUMSEWEG 91;1
JOHANNES POSTWEG, KAVEL J76;4
ROMOLENSTRAAT (HOEK INGANG BULLEHOFJE);1
KROMME REKE (VM. ST. JACOBUSKERK / NH KERK);2
HOGE MOER;6
CASTELLUM VECHTEN;2
Kempisch Bedrijvenpark locatie 11;1
DE MEIKAMP;1
Arkelweg;1
Van Mekerenstraat;1
"Kloet; Zonoord";1
Urk Wijk 6-28;1
GOUVERNEUR VAN HOVELLSTRAAT;1
Tussen Oostwoud en Hauwert;1
Knooppunt Hattemerbroek;2
ZOEKERBRUG;1
HOEVE OOSTERWIJK;2
HARENBERG;1
TRECHTWEG 2;1
LINGEVELD;1
"Prattenburg ; Cuneraweg";1
Kouwenhoekseweg;1
VLIEGTUIGWEG, KAVEL P3;3
NIBBIXWOUD;73
Breugelse Akkers;2
A2 afslag culemborg tot knp deil;1
PHILIPPENBURG;1
Zutphense weg;1
"DE TRIP 1; voormalig AMK-terrein";1
Rietkreek gebied 4 en 5;1
PETRUS-KERK;1
DORPSTRAAT 7;1
De Kloeve;1
't Zevenhuis;1
SCHERPENHUIZEN;1
KLEINE HOEVEN;1
T SCHOUWINK;2
Oudezijds Voorburgwal 229;1
KERKAKKERS;6
Dorpskern;1
EMMERVELD;27
KETELWEG, KAVEL N26;1
TEXEL PAAL 26, 3;1
BIJ MODDERGAT;1
DE BREETER;2
Eischenbroekenveld;1
Veldstraat/Wageningsestraat;1
HARDEN;1
Gilzerbaan;1
ZOMERDIJK;2
POLDER BESCHOOT;4
MAGDALENASTRAAT 18;1
GEDEMPTE VOLDERSGRACHT (DOELEN);1
erve 't Schilt;1
Noordenveldweg/Norgerweg;1
PLASMOLENSEHOF;1
HAVELT;14
Driehuizerweg 310;1
TUNNELSTRAAT;1
Kasteel Hardenbroek;1
ALMKERK-DORP;1
Oostersportpark;1
"Rijksweg 57; vindplaats 7 Gapingse Watergang";1
Bernhardstraat 1-31;1
Oler;2
PRINSENDIJK/KEIZERSBAAN;1
Goirkezijstraat;1
MAARTENSDIJK;2
Molenbuurt 23;1
BEESTENMARKT-HET EILAND;1
FLIERENSESTRAAT 32;1
LANGEREISSLOOT;2
PRATTENBURG;2
Oude Turfmarkt 129-139;1
Kolonelsdiep;1
LINDENGRACHT;1
BEULAKERWIJDE BREDERWIEDE 2 jaarboek3;1
ZWOLLE;5
KRUISLANDEN;2
Lodderdijk;2
Wagenstraat;1
"Zuideeringweg; Kavel H50";1
"HERSTELPOLDER; INNOVATIEPARK";1
ZWANEGATSEDIJK 33;1
STUIVEZAND;1
APENBERG;1
Floralaan;1
KERKSTRAAT 49;1
Asselterhof;1
DE BAAN;1
Europaweg 9;1
Kerkstraat/Landstraat;1
KOELANDEN;3
Dokter de Vriesstraat 10;1
"OLDENBURG (DE BORG; OUDENBORG)";1
VENEBRUGGE;1
De Holdeurn;1
BOORD / GEMEENTEBOSSEN;1
DEFENSIETERREIN;1
HOOGETIEFLAAR;11
"NIEUWPPORT; VOORM.GROOT IJSSELSTEIN";1
MAJOORSWEG;1
Boschhoven. Nijhoven, Reth en Schaluinen;1
KLEIBERGSE STRAAT;2
HAFFELDER HOOGTE;1
6E KAMP;2
MELKFABRIEK;1
Oude Maas Puttershoek;1
BOTERSTRAAT;1
KASTELENAKKERS;2
Voormalig kasteel Ten Houte;1
LANGEDIJKE;10
--;8
GASTEREN HEUVEL 43;1
JACHTHUIS;1
DONGJUM;1
landscheiding (ZoRo-busbaan, t.h.v. Anthuriumweg);1
DE ROMER;6
PLATVOET;2
Driehuizen/Lutterweg;2
"ROLANDSECK ; SPECHTLAAN ; DUNOLAAN";1
WITTE ZAND-BOLLEKUILENWEG;1
LUXEMBURGLAAN;2
Naaldwijk Hoogeland;1
SLOOP DS.MOREESSCHOOL;1
Koggehoorn, Raadhuisstraat 1;1
HET HOOI;1
DE MAATSCHAPPIJ;3
Meerwijk;1
HOOG BUURLOSE WEG;4
VAN HARINGSPAD;1
BEJAARDENCENTRUM;2
MEENSTRAAT;3
CONTINE;1
Neer;1
DE BURGSKENS;1
Swalmdal;1
DEN BULK;8
De Stins;1
Westkerkse Weg;1
DE EZEL;1
Kasteel Rhijnauwen;1
Meerlo (Meerloseweg/Hyacinthstraat);1
Biestsestraat 38-42;1
BONENBERG;1
Hoek S.W. Churchilllaan en Huis te Landelaan;1
Peppelensteeg;1
BOVEN MERWEDE;1
BLIJWERVE;1
Zijveld;1
Heiweg;1
BOSHUIZER BERGEN;1
Deelgebied 1: Bijleveld;1
WESTDIJKSTRAAT 5-7;1
Loil-Derde Uitbreiding-Tweede Fase (DU2);1
Rillaersebaan;1
"Kasteel Valkenburg; kasteelruine";1
WIJNALDUM-TJITSMA;2
Laat 119;1
KESSEL, TEN ZUIDEN VAN DE MAAS;1
KAKENBROEKEN;2
MANHUISSTRAAT;2
BRABANTSE LANDBOUW;1
Schildersweg;1
TRAAY, HEUVEL 8A;1
Broekpolder-Oud Haerlem;1
HOGESTRAAT/KIKVORSENTRAAT;1
HONSELAARS;3
VERDISTRAAT;1
Oude Diepje;1
BREEZAND ORANJEZON;1
VLEDDER;1
HAZENKAMP;3
WESTEINDE 16;1
MARKERMEER WARDER;1
MAANTJESLAND;1
MARSDIJK / VROEGERE RIJNBEDDING;1
KONINGSEIK;4
GELDERSWEERD;2
AMENDAAL;2
Heiduinen;2
Waterlinie Fort Vechten locatie 4 parkeerplaats;1
Limmer polder;1
REETHSE STRAAT;1
Oude Wand;1
RandstadRail Sation Blijdorp;2
SMOUTJESVLIET, DE HOOGT;1
PUNDERMAN;1
AUSTIBERG;4
VERVERSHOF;5
DE ZES;1
STRATUMS EIND 44;1
BROEKENWETERING;3
"St. Jacobstraat; voormalige Openbare School";1
KORENWEG;3
Rembrandtstraat 21C;1
POLDER DEN BEEMD;11
De Marren;1
Raadhuislaan 14;1
GEDEMPTE OUDE GRACHT 61(HOEK STOOFSTEEG);1
MULDERS VELDEN;1
KAVEL M91;1
Voormalig AMK-terrein M10339 / CMA37C-029: Strypse Dijk;1
MONSTER 2;1
Korbos;1
Schijndel;1
Manpadslaan;1
KONINGIN WILHELMINAWEG;2
"Voormalig AMK-terrein M9447: Oost-Abtspolder; Polderweg; Polderburg";1
Boot;4
KEIZERSHOFF;1
Korenweg 9;1
Rechtschotersmars;1
ZANDPUT VOORHOFPOLDER;1
NITTERSUM;1
HARTEHEEM;1
Natuurvriendelijke oevers Lange Aventuur, SBB-percelen en DLG;2
Vuursteenweg - S4;1
Bovensteweg 20;1
DE LANDER;1
OUDE WEURTSEWEG;1
OLDENZAALSESTRAAT 17;1
OOSTELIJK VAN BEMELERWEG;1
"MAAS ; DE LITHSE HAM";1
DE LANGE VOREN;1
RIEDIJKSHAVEN;1
Samuel Hirschstraat 2-4;1
TRADEPORT WEST-HEIERHOEVE;1
Lockershof;2
Wasbeeklaan 31,ten noordoosten van NS station Sassenheim;1
BURGWEG;9
Finkumervaart;2
VAN HAAFTENPOLDER;1
"Abstweg; Kavel E59";1
MARKT 40;1
KLEINE LAAR;1
RAMPWEG;1
RAIFFEISSENBANK;1
Pennegoorpad;1
Hoge steenweg 25 / Achter de Tolbrug 26-28;1
ZUIDKERKELAAN II;1
Dierensteinweg;1
De Kater;1
DRUISDIJK;1
DIEVER-WEST;1
ST WERENFRIEDSKERK;1
HOF VAN MALLEM;1
Markermeer Wijdenes 1;1
Dalenk 21;1
RUINER AA;1
COORD. ADM. PLAATSING !;1
HAARTVELD;1
DE ZEIS / WICKENBURGH;1
"Linge Hamsche Bouwing; Kerk-Avezaath 2";1
OUDE BOGAARD;1
ZUIDELIJK VAN BERGHOF;1
HOVERVELD;2
WIJNALDUM ZES;1
HOOGHALEN-N;1
Weiersebrug;1
Mariaplein;1
HOEVE ALDEN BOUW;1
HUNNESCHANS;11
NET VOOR DE HAKKESTEEGT;1
BROUWERSMOLENWEG;1
ROODE BEEK;4
HUIS ONSTEIN;1
Fietspad Damseweg;1
Calina;1
KLAVERBLADSE KOLK;1
EMSLAND;1
Dorpsweg;4
PAALAKKER;3
De Kroon12 en 14;1
Gemert;1
DE WESTE;1
GRENSSLOOT MIDDELBUURT/DE ZUIDERT (LOKATIE 11);1
BAHNEHEIDEWEG;2
LEUBEEK;1
"MUNNIKENHOF; MUNNIKHOF";1
ASSELSCHE VELD;3
KLINKMOLENBRUG-NOORD;1
HOOGE HOF;1
de Burgvallen;1
"VINDPLAATS N; STAKENBERGWEG";1
BRIKWEG, KAVEL AZ89;1
DE KOOG;5
D13 A;1
HOLTERWEG 37 - ATALANTA;1
Haven 18;1
DE KLIK;2
NEDEREINDSEWEG;20
AALKEET BUITEN 53;2
KNIPHORSTBOS-ZUID/TUM.I;1
"Utrechtseweg/Den Hoet ; De Hoed";1
VOORMALIG KASTEEL PURMERSTEIN;1
Het Kerklaantje;1
DUBBROEK;3
GEMEENTEKANTOOR;1
Broekhuijssen;2
JANSKERK;1
Polder Over-Ouland;1
SCHOONOUWENSE WEG 8;1
BOVENKERKSE WEG 24;1
BELVEDERE (SITE A);1
'T SCHIP;1
Langelaar 31 (T);1
"HOFLAND; HET HOF";1
DUINWEG (VINDPLAATS 4);1
Busbaan N229;1
"HEUVELSTRAAT ; MOLENACKER";1
KROONSFELDERWEG;2
NIEUW WULVEN;1
De Slagte 8;1
LIEVENDAAL;4
DIETEREN;1
HET LANGE HOOFD;1
Castricumpolder;2
Baljuwstraat;1
ZETTEN-WEST;1
GASPLEIN;1
DE MULLINK;1
LEESTENSE BROEK;1
TONGELREEP;2
NOORDER OLINGERPOLDER;1
RIJKSWEG 6;1
"Schuureik; Huyser Gewanden; Groenenweg";1
HEZINGERVELD HOOIDIJK;1
BINNENVELD-WEST;1
HOOFDSTRAAT;11
DE HORCK;1
01.011 Dr. kuyperkade (zuidvliet II);1
"KRUISSCHOT ; GEENEIND; VEERKAMPEN";1
WIJHESE VEER;1
MIDDELVELD;1
Camping Craneburcht kavel R77;1
Kwekerij;1
KUINDERBOS, KAVEL L44;1
BILGAERD;1
BYESERVELD;1
PEKEL AA;2
"WATERSTEEG ; TESSTRAAT";1
OBBINKMARK;1
Graaf Engelbertstraat;1
Haaren - Esch, Witvensedijk;1
VRAKELBERGERWEG;3
CHINEES RESTAURANT;1
STRIJPSCHE DIJK;1
HERTING;5
SPORTLAAN;2
Noordzeekust Wijk aan Zee 1;1
MARTENSWEI;1
Villa Blanda/ Lenteleven II;1
VOORMALIG KASTEEL MAALSTEDE;1
"Palenweg; Kavel E155";1
ZUIDWIJK;1
HASKER VEENPOLDER;1
GROOTE ZAND;1
SLOEHAVEN;1
Geulgracht;1
BURCHTTERREIN;2
Beneluxlaan;1
Bergerden;1
De Weeren;1
DARPERWEIDEN-HET LOK;1
Schermerweg 68-86;1
NABIJ HENKEPUT;1
VRIESVOORT;6
Ruimel 3;1
DORPSSTRAAT-POSTKANTOOR;1
Echterbosch Zuid;3
Eisenhowerhof;1
Huurne vindplaats 5;1
't hoge veld;1
Veerse Poort;2
KASTEEL WIJNANDSRADE;1
kloosterbosch RD;1
Landgoed Heilaar;1
AVENZAATHSESTEEG;2
natuurcompensatie Scharnegoutum;1
MOLENESCH;2
Kadijken;2
Loohof, Linge;1
Groote Markt 16;1
VIERLINGSBEEK. BROEK;2
MEERBOOMWEG;1
Rijnbeekstraat 4 - 8;1
TAFELBERGHEIDE;2
Duijsterstraat;3
VALERIUSSCHOOL;1
NIEUWE KOOLWEG;1
"ROPJESKUIL ; UITBREIDING MCA";1
SCHAAPSDIJKWEG TUMULUS B;1
Bollen 1;1
HUNEBED INFORMATIECENTRUM;1
Muurhuizen 179;1
VELD BIJ OOSTERVOORT 3;1
De Kleine Laar;1
Maer- of Korendijk;2
TARPANWEG, KAVEL H60;1
Rotonde N225;1
STOEKVELD;1
"BLOKHOEVE ; 'T BLOK";1
voetbalterrein ( nieuw );1
WITVROUWENBURG (=ALTERNATIEVE LOC.);1
01.099 Havenstraat De zeeuw/De Jong;1
Markermeer Marken;1
G NR. 153 KAD.SECTIE ARNHEM;1
Kavel E25;3
LINDENHOUT;1
Limbrichterveld;1
Rotonde Kluis;1
BEKKERWEG 21;1
PLASPOELPOLDER (DE BULT);2
WAALSE WEG 7;1
17.49 AALKEET-BINNENPOLDER;1
Achterpark;1
Julianastraat 10;1
Laan van Blotinge;1
De Slokkert;1
Verkensstraatje;1
BEUSICHEMSEWEG, LEEDIJK, PARK;1
DE HOGE WEIDE;2
DE KLEINE LINDENHOUT;1
Kiviter Hei;3
Kalverhemsheugt;1
SITE R;1
LOONERDIEP-KRUISING WEG LOON-BALLOO;1
ADDERING-POMSTATION;1
JAN DRAAIERSGAT;2
LINDERES;3
Zwaagdijk 75;1
VORSTENBOSCH;1
ST. JOSEPH HOEVE;1
SPOLDER;1
Kavel O43;1
ERMELOSE HEIDE, grafheuvel IX;1
Blauwesteenweg;1
Oranjezon Sprink;2
"BLAUWE KAMP; LINGEMEER";1
MOLENSTRAAT 38;1
GRUTSTRAAT;4
HOOGCASTERENSEWEG;1
Kruising Houtribweg / Bronsweg, Deelgebied I;1
Genneperveld;1
Zuna's Hooilanden;1
Wijngaarden en Ruijbroek;1
VARKENSDRIJVER;2
KOEWEG/BALLOERWEG;1
GLIPPERDREEF, DE LA SALLE COMPLEX;1
"Nijensleeker Veld; De Eese";2
DIJKSTRAAT 30;3
Corridor 9;1
Laan der Verenigde Naties;2
"ENGELANDERHOLT ; BRUGGELEN";1
SOLWERDERSTRAAT;1
WILDEKAMP;2
PAVERSKAMP;3
WELLERZANDWEG, KAVEL K62;1
BERKVENNEN;4
Kapelstraat 10;1
Goesseweg;1
Broekpolder vindplaats 1;1
Hooisteeg;2
PAVEIJEN;1
BERKELAAR;9
WESTMAAS-WESTDIJK 1;2
Maasvlakte II, 4;1
SPIJKER;2
KAVEL L77;1
PEURUMSEWEG;1
"GEMENESTEEG ; GEMEENT";1
Klein Zundert;1
FORT VENUSDAM;1
QUARLES VAN UFFORDLAAN 3;1
"De Stompert; Soesterhoogt, Voormalig AMK-terrein";1
DE BOSKAMP-OOST;2
Vlaslaan;1
MAASPOORT I;1
VISVIJVER;2
05.009 Broekpolderweg (Kooiwoning boringen);1
DE GANGELT;1
WESTERKLIEF;6
GROENTJE BLOEMENDALE;1
JOHANNES POSTWEG, KAVEL J74;2
De Voorhof;9
AALKEET BINNENPOLDER 15;1
Keizersdijk;1
KERKENHOF;4
"Voorsterweg; Kavel N14-15";1
HONIGMANNSTRAAT;1
De Hem;1
GRIETE;1
DE HOGE WOERD (=BOERDERIJ IN WESTERAAM);1
WOLTERWESTERHUSSTRAAT 15;1
BINNENDIJK;2
Bossestraat 56;1
Voormalig AMK-terrein M10429: Polder Over-Slingeland II;1
Hogezoom;1
Kerkakker;3
VOSHOEK;2
BUURTSCHAP BEEK;1
Parkeerterrein Willemstraat;1
TURKEYE;2
oostromsdijkje;1
Heezerweg 64;1
16.38 AALKEET BUITENPOLDER;1
Melanen;1
WELVLIET;1
HATTEMSCHE VELD;1
Sint Petruskerk (Oude Kerkstraat);2
Rijksweg 1A;1
HOFSTRAAT NAAST NR 48;1
KLEIN SONSBEEK;4
VALTHER BOSCH;1
OP HET KRUESKE;1
BOVENHEININGSWEIKE/JANNE WEI;2
DE BEIJERT EN 'T RIET WEST;1
Hogeweg;6
Kasteel Ossenbroek;1
Wijnterperschar;1
Vinkenwegzone;2
"BROUWERIJ DE ZWAAN ; VRIJTHOF";1
Sloehaven;1
LINDEHOEVE-OOST;1
Kol. van Rooijenweg, voormalig AMK terrein;1
TUSSEN OLDE STAPHORST EN DINGSTEDE;1
DE WEIJVER;5
Het Klooster;4
EEKHOF;1
OUD EMMELOORDERWEG, KAVEL J126;1
Hoek Zuiderdreef - Oosterweg;1
Schoollaan;1
Zaaipad;2
Looimolen;1
WINSELING;1
"Ketelweg; Kavel N10-11";1
De Grauwe Beer;1
Kasteel Nijenrode;1
herenstraat 16;1
Kloosterplantsoen;1
06.146 Dirk de Derdelaan Milieueiland;1
DE LIENDEN;1
UILESTRAAT;1
BISSCHOPHAMESTRAAT;1
Oude Stee;1
TERREIN VAN BURGEMEESTER VAN BERN;1
"'t Hofke; Tongelre";1
't Oude Veerpad;2
VLUCHTHEUVEL;1
UILKERSTEEG;1
WELMEENENDHEID II;1
"KLEVERLAAN 9 ; HUIS TER KLEEF";2
VLIEGTUIGWEG, KAVEL J106;1
ROOMBURGER POLDER-BESJESLAAN;1
Hoofdstraat 25;1
de Heiligeweg;1
L ABTWOUDSCHE POLDER 11;1
VOORM.RESTAURANT PAYS BAS;1
"LAAGT; EMMIKHOVEN";1
DREWELIK;3
Sec. L;1
Tramdijk Oost;1
Isselt de Birkt;1
SPIJKDORP;5
Dishoekseweg;1
Boslandweg-Oost;1
STADSFENNE;4
"DE PLATLUIS; voormalig AMK-terrein";1
PAS VAN RILLAND;1
DORPPOLDER 05;1
Vlas en Graan;1
De Loet;1
KLAASSTEENWEG-ZUID;1
HET ZAND;4
DE KAAP;9
Schepersweg;2
PARKSTRAAT 24;1
"Onderduikerspad; Kavel C35";1
BADWEG;2
ERVE LINDEBOOM;2
"VEENENDAALSESTRAATWEG ; ZWIJNSBERGEN";1
PLEEGSTERWEIDE/DOORNBROEK;1
DEN GROTE ELS;1
Kasteel Ossendrecht;1
MEYERSHOF;1
KAMPEREILAND ERF 57;1
DE HILLE;1
Seeligsingel;1
16.43 AALKEET BUITENPOLDER;1
BLANKENBURGERSTRAAT;1
POLDER DE LUTS;1
Binderseind - Waardstraat;2
INDUSTRIETERREIN;9
BLERICKSE HEIDE;5
BENNEVELDERVELD-NOORD;2
RK KERK ROSSUM;1
Lofar Locatie 4.3;1
LOCHTERVELD;1
aaldonkschebeek;1
"Urkerweg; Kavel D93";1
ZORGCENTRUM MALDERBURCH;1
OUDE KLEEFSEBAAN;1
EIJGELSHOVENERWEG;1
Achter de St. Antoniuskapel;6
CHIJNSGOED;1
Nieuwstraat 34-36;1
HOTEL DE KROON;1
Camminghastate;1
RAADHUISSTRAAT 9;1
NOORDHIJKERZAND;2
"MEERWEG; KLEINMEERZWIN";2
Eelke Miendertswei;1
"Loobosch; Erve 't Boschloo";1
Rijksweg 35/36, locatie 5;1
"Geuldal; Broekhem; Koningswinkel";1
"Pannenkoekenhuis; Celtic Field (gem. Utrechtse Heuvelrug)";1
D7 - SCHIPBORG;1
Vlasmarkt;2
DE WORF/GALILEEN;1
BEEKSESTRAAT 107;1
Vennenweg;1
Lagedijk;3
Nabij kruising Vuursteenweg en Vuursteendwarstocht, Deelgebied VII;1
"Hannie Schaftweg; Kavel J88";1
Achterdijk, Voormalig AMK-terrein 11499;1
DUIVENOORDSE POLDER;1
Groot Jaerla;1
Jongemastate;2
"VOORBEEMD ; GOORLOOP";1
"LEIDING HOOGOVENS ; NOORDBROEKPOLDER";1
"GROOT GINKEL; ZUID GINKEL";1
NOORDER LEKDIJK;6
D8-BOSCH VAN KNIPHORST;1
WISCHMEI;1
Cocody;1
ZUIDZIJDE BLESKENSGRAAF;2
MIDDELBUREN;1
LULEMA;1
Putveestraat;1
LUTTERWEG NOORD;1
Holzkuil AAO;1
Kasteel Cronenburg;1
ESPELERRINGWEG, KAVEL C111;2
"Veerseweg; Kanaalweg WZ";2
Oosterend (Cor Bremerstraar);1
Hofteweg;1
N.H.KERK (VAN DE H.GERMANUS);1
ZOUTEVEENSE POLDER 11;1
"RIJKSWEG A28 ; LEUSDERHEIDE";1
BANDWEG-HAANTJEBAK;1
DE SCHUYTGRAAF;1
DE WRANGE;2
Ressensestraat, De Woerdt;1
STAPHORSTER ESCH;1
locatie 14;1
GRIFTDIJK;2
Middenspanningsroute;1
WIJNKELDER;1
Wijchense Meer 3;1
HET MEDEMBLIKKER TOLHUIS;2
BREEDEWEG;1
Oosterweg 7;1
Karel lotsyweg zwembad Aquapulca;1
01.071 Westhavenkade 45;1
Tuin van Langereis 5;1
SPOORLAAN;1
D43 - SCHIMMERESCH;1
PEPER;1
Gendijk;1
BARLAQUESE WEG;1
HOEKSCHE KUILEN;1
GROTESTRAAT 126-128/NUTRICIA;1
Voorstraat 59;2
KASTEELRUINE TER HORST;1
VENEWEG, KAVEL F4/F5;1
DIERGAARDE;9
MEDEMERTOL;1
ST. SANCTI MAURITII;1
Oude Waalsdorperweg Hubertustunnel;1
Burgemeester Galleestraat 67-71;1
De Gilden;1
HOENDERVELD;1
HOLY;4
Suffolkweg;1
N. van het hunebed op het Drouwenerveld;2
DE JOUWER B - DE BULT;2
BIJ KASTEELRUINE SCHAESBERG;1
Kavel E171 Ramsweg;1
KLEIN PARADIJS / KAAPBERGWEG;1
WINSCHOTEN;4
De Duivenpol;1
MUNNIKHOFSESTRAAT 21;4
KOEDIJK;3
OSSENBROEK 2;1
Leegeweg 36;1
BEKENDIJK;1
Academiestraat 3;1
Midstraat 91-93;1
Voormalig AMK-terrein M10716 / CMA64F-008: Preekhilpolder;1
OUD DEN HOORN;2
Kamp 82;1
REUSEL;2
FOSWERD;1
ZAADLANDJE;2
Kastanjelaan 6;2
RBP 021;1
REIJERSCAMP;1
VENLO;1
"Voormalig monument M10483/CMA38D-022: Polder Streefkerk; Broekwetering";1
DONKERBROEK;12
KNARSENSWEERING;1
WESENTHORSTLAAN;1
ERASMUSWEG;5
De Hemmen 3;15
Weltevrede;1
20.33 KRALINGERPOLDER;1
Bloesemgaerde, deelgebied 1;1
"16.76 AALKEET BUITENPOLDER;SURFOEVER";1
Valkogerdijk;1
HOLTESCH;11
Rithsestraat 140;1
Windas;2
"MAASDIJK; ORANJE BOLWERK";1
HILLIG MEER;1
OUD-NAARDEN;2
BEUSICHEMSE VELD;1
BROEKENWEERING;9
HOOGE HUYS;1
DEN HOORN 2;1
HOTEL SEELT;1
MAASHOF/SPORTPARK;1
LANGS DROSTENDIEP;1
STADSPOORT;1
06.020 Madoerastraat;1
STIKKENWEG;1
OUDE KOEMARKT-MARTINIPLEIN;1
Overkamp;1
Suikerbergseweg 2;1
LEGGELDER ESCH;1
ESSERHEEM;1
HAVEZATE DE KAMP;1
Valkestraat;1
EENDENKOOI;11
ENGELANDERWEG;1
Zeeburgerdijk;1
Schoondorpse Weg;1
VOORMALIG KASTEEL NIEUWENDOORN;1
Helstraat;1
VARIK;2
Bouwlingplein;1
Leuken-Noord;1
EILAND;1
Op de Kis;1
AMBTMANSTR.-VLEESSTR.-CAECILIAKAPEL;1
N48 Ontsluiting Oost;1
CASPARGAUW;1
Vlootbeek;2
TOLLEBEKERWEG, KAVEL H38;1
Nuversdijk;1
holswijk;1
AHR 37;1
SLEPELDAMME;1
MOLENPOLDER;3
Voormalig AMK-terrein M13551 / CMA29A-A03: Molendijk;1
HUIS OOSTERHOUT;2
N272/dr. Verbeecklaan;1
BIJ SCHIPBORGSCHE DIEP;1
HOPWEG, KAVEL L67/L68;1
Fnidsen 60 en 66;1
Houtlaan 1 en 21;1
"Wisentweg; Kavel K64";1
Bedaf;2
NASSAUPLEIN 5;1
D5B;1
PRICKENIS;1
DE KAMP;33
PLAN ZUID;2
"Boerderij ""De Kapel"" - Kapelburg 296";1
Stappegoor;1
NOORDZEE NCP BLOK M6;1
Voormalig AMK-terrein M13256 / CMA38G-A10;1
KAVEL M90;1
HENGELO;12
GELEENDERVELD;4
ZEEWEG-HOGE ZEEWEG;1
BOSWACHTERIJ ODOORN-OOST;1
KRUISSTRAAT 23;1
Vesselkampen;2
KORTBOSSEN ZUID 1;1
WARMENBOSCH;1
DE KOOI;8
Kasteel Elzendonck;1
UULENBOSCH;1
Oude Rijsbergsebaan;1
Heerbaan 168-170;1
TICHELRIJT;3
DE HAAR;11
JULIANASTRAAT-OUDE RIJNOEVER;1
ZUIDERPOLDER, VINDPLAATS 32;1
Voormalig AMK-terrein M13251 / CMA38G-A07;1
Celtic Field Elst-Amerongen/ Elsterstraatweg;1
Misterstraat 9;1
ERVE VOORHORST;1
DEN HOEDWEG;9
WARTUMERKLAP;1
OOTMARSUMSESTRAAT;1
Vierakkersestraatweg 15a;1
NABIJ BUURT EPSE;1
Doesburger Enk;1
"04.22 LAGE ABTSWOUDSE POLDER; A.-BOS";1
EVERARDUSWEG;3
Kwartelenmarkt;1
KERKPLEIN (BOUWPUT MIJMAN);1
"Noorderhaaks 10; Sophia Albertina";1
SCHEEPERSSTRAAT (HOEK COLENSOSTRAAT);1
COORD.ADM.GEPLAATST !;1
SCHORERWEG;1
OL KERKHOF;5
Kwelsloot;1
SNEEKERMEER;1
VERBRANDE ERVEN;3
HOOFDSTRAAT 108;1
ZEGLIS 251;1
"Steemertseweg; Steemarksweg";1
Emmaus;1
"KASTEEL MAKKEN; DE MAKKEN";1
KAMPERZAND;2
Melkvaaller;1
VOSSEN VELD;1
LEMSELER MATEN;1
Wishoek;1
"Elandweg; Kavel H107";1
Imstenraderweg;3
AMERDIEP-NOORD;1
DRIE KRONEN;9
HOORNAAR;3
HELLEGAT;1
NATERSE DIJK;1
Rietweg;1
BUINERVEEN;1
Koninginneweg 44;1
FBK park Starterswoningen;1
Montferlandselaan;1
URKERWEG, KAVEL H102;1
SLUIS 4;1
KEMPERKOUL;1
RIELOOP;6
1.ZUIDELIJK V/D EWINKEL;1
NOORDZEE NCP BLOK M12 (M11);1
OMBUUR/OVERBUUR;2
nieuwe rijksweg;1
Stikkenweg;1
USSELERVEEN WSCH;1
VEENSTRAWIJK-WEST;1
WESTWIJK-ARY KOPLAAN;1
Boven-Tjonger bij Jardinga a;1
Plangebied De Poort;1
Thorn;3
"20.38 KRALINGERPOLDER;COLDENHOVELAAN";1
HUIZE DEN BERG;1
Ssportveld te Kilder;1
Oosterweg 179;2
De run;1
Groene Mal 1;1
RAAIJEN;1
02.021 Oosthavenkade 24-26;1
MIDDELBURG KRUITMOLENLAAN;1
WAAIJENBERGSTRAAT;1
MARTINUS;4
HOORNSE VELD;2
Leidsche Schouw;1
"HUNESCHANS; GRAFHEUVEL D";1
16.88 AALKEET BUITENPOLDER;1
Kattendijk;1
Opperstraat;3
VOORMALIG KASTEEL GAGELBOSCH;2
't Soerlant IV;3
DRIE DORPEN POLDER;1
DE DRIE PROVINCIEN;1
Oude Beer polder kade;1
BEJAARDENCENTRUM REGGEDAL;1
AKKERMOLENWEG;5
STATIONSWEG;4
Recreatieplas Zeumeren;1
Plakstraat 5a;2
Rozengracht 7;1
"Roggebotweg; Kavel N47-II";1
Bernhoven;1
DUIVECATE;1
WINTERDIJK 24;1
JACHTSLOT 'T OUDE LOO;1
Bindersind;1
Kattenberg;1
WATERBERG;1
Kasteel Schonauwen;3
MARCELLINUS EN PETRUS;1
AAGTEKERKE GESCHIEREWEG HAZENBERG;1
Horsterweg 9B;3
ERP;1
KAPPELLEWEG;1
ACHTSE HEIDE;1
De Batterijen;1
Houtbeek;1
HUIS MALBURG;3
Plangebied de Riet;2
Dwarsweg;3
16.52 AALKEET BUITENPOLDER;1
OOTMARSUM;10
DE GELENBERG;4
OUDE WEG;5
M.VAN HEEMSKERCKSTR./KARSHOFFSTRAAT;1
02.013 Hoflaan (klooster);1
JANSSTRAAT 48-50 (BADMINTONHAL WOLTERS);1
Amstelstraat 24-32 / iT;1
Rolder Diep;1
KOOTWIJK 3;1
VAN NISPENSTRAAT;1
Boschdijktunnel;1
Dorpsstraat 17/17a te Ruurlo;1
eckart;1
BUURSER ES/ALSTEEDSE WEG;1
Bedrijvenpark A7 Noord;1
D43A-SCHIMMERES;1
BUITENPOLDER;2
DE LOHOF;2
Berg en Dalseweg 86;1
ANTONIUSLAAN-KLOOSTER MARIA REGINA;1
Koenderstraat;1
ERVE EPPINK;1
ZWILBROEKERVEEN;1
VOORDAM-HOEK ZIJDAM;1
Noordbarger es IV;1
Cultureel Centrum;2
Oostdijk;2
N.H. kerk;1
OHE;2
AKKERKE DRIES;1
NEDERPOLDERSEWEG;3
ESPELERWEG, KAVEL G88;1
Rijksweg A2 vindplaats 11;1
NOORDZEE NCP BLOK L7;1
GROTE STRAAT;4
DIJKSTERVAART;1
NABIJ DE GOUDSBERG;1
BEVERWEERD;1
AALTENSE POORT;1
Langbroekseweg;1
"PUTTERBOSCH; HEUVELLAAN; DRIEWEGENWE";1
FORT ST.NICOLAAS;1
Cuneralaan;1
DONATUS;2
Grote Loonstraat 2;1
ORANJEOORD;1
DEN DEKT;2
Vathorst;1
GARDERENSE VELD;1
"RIJNSTRAAT; WEVERSTRAAT";1
Westwal en Vlietskant;1
Oostering;4
"VIJFSPRONGSWEG ; HOGE VALKSE DIJK";1
JULES VAN HASSELTWEG;1
De Volgerlanden;1
Heilooer bos;2
Waalbanddijk-akkerland;1
NABIJ MARIAHOEVE;1
PANORAMAHOEVE;3
Westrik;4
Broekweg @;1
LIENDEN (VINDPLAATS 15);1
TOLAKKERWEG;1
TER HUNNEPE;1
GROTE MARKT/OUDE EBBINGESTRAAT;1
URKERVAART, KAVEL H104;1
"POLDER MIJZEN ; GOUW";1
KONINGSBERGEN, TUURDIJK;1
De Keen;2
Herweg (perceel 9);1
DEN EZEL;1
Galdersche Heide, vindplaats 2;1
NIEUWSTRAAT 24;1
Rivier de Maas;1
Clasinastraat-Schuttershof;1
Dieze;1
Campanulastraat;1
"Kleiweg; Kavel O79";1
04.043 Dillenburgsingel;1
"DUSSEN; DUSSENSE BAAN";1
ECHELPOEL;3
FLAMINGOSTRAAT EN OMGEVING;3
Plangebied 't Ven.;1
Smeestraat;1
De Vrolijke Jager;1
BOS EN HAZENEST;1
DEKEN MULDERSTRAAT;1
DE HEETPLAGGE;2
KRUISPUNT KORTWEWEG-DUINRAND;1
Akkerweg;2
Bartelaar 3;1
ZIJTWINDE;1
HAARMAATSDIJK;1
INDIJK;2
Plangebied Hoogbroek;1
"Galgwanderveen; Landgoed Terborgh; Eext";1
Van Gendthallen;1
ZIJDERVELDSELAAN 24;1
RAADHUISHOF;1
DE HOORN / LEIDSCHE SCHOUW;1
WALSTRAAT;5
KOM VAN AAIWEG/ESSENLAAN (LIMES);1
BOERDERIJ DE KIP;2
VOORMALIGE BOERDERIJ MADESTEIN;1
Thaliaplein;1
Cathrijnestraat;1
HOENDERKAMP;3
Herstraat (perceel 17);1
Stuwcomplex;2
Tielsestraat;1
Gutte Coven;4
Medel 2 - Hazekamp;1
Enkwal Bruggelen (locatie 2);1
Vlijker Eijkenweg, Businesspark Maastricht Aachen Airport-Oost;2
BODENCLAU;1
Rommerdalaan;1
Kalkestraat 32;1
LEMELE;4
MOLENVEENWEG;1
NOORDEREIND;1
Waterberging Drachterveld;1
VEL;2
Stuijvenburchstraat 25;1
"BOESHEI; OP HET MAALBROEK";2
Tuinboulevard;1
ROND VENNEKE;1
Bollenveld direct ten zuiden van de ijsbaan;1
De Sijsselt;1
Van Ambestraat 10;1
NEDERRIJN, TOEVOERKANAAL;1
PARKLAAN;1
ZUIVELFABRIEK;8
NORGERVAART 08;1
De Grauwaart;1
PUTTER BOSCH;2
DE SMIDSE NOORD-OOST;1
RENDERKLIPPEN;3
AMERDIEP-BOESKOLLEN;1
THAMISWERF;1
De Meene, Anerweerdweg;1
HOLLENDE WAGENWEG;2
Triniteit;1
De Meeuwse Acker;2
OOSTERENG;8
Lepelstraat;3
Graafseweg;2
Gildekamp;1
STERRENBOSJE;1
BUURTSCHAP ONDERSTAL;1
Willem II Singel 2b;1
KORTE MOLENSTRAAT;1
IN DE IJSSEL ACHTER ACHTERSLOOT 84;1
Donkvaart;1
ELZENBURG;1
"Sint Antoniebreestraat; Nieuwe Hoogstraat";1
Hofstraat 15;1
SPARRENLAAN;4
WEIDE QUATAERT;1
Vicariestraat;1
RUNDE VEEN;3
BROEDERSHOF;5
Diekerweg 6 te Rekken;1
Zevenbergschen Hoek;1
DOORT;4
Lange Bellingstraat;3
PANNENHUIS;1
BRAKELS ENG;1
HASELTERBROEK;3
De Groote Heeze 16 & 20;1
"OPSTAL ; TER SMISSEN";1
GRAAFSCHE RAAM;7
HOGE WEG - KLOSSENSTRAAT;1
VERKEERSWEG A6, KAVEL J97;2
HYDEPARK;2
"UTRECHTSEWEG 92; ABN";1
Vizier-terrein;2
HITSBERG, HETSBERG;1
KASTEELSOELEN;1
POLDER MIJZEN, DE GOUW, DRIE MORGEN;1
GEYSTERSE BOSSEN;1
Kerkeindseweg/Bakelseweg;1
Wtenweerde;1
LOONERDIEP;1
DOETINCHEM-WIJNBERGEN;1
Oude Piershilse weg;1
HOUTENSEWEG, OUD WULVEN, JONGERIUS;1
Baarschot;6
Kil van Hurwenen;1
Distelakker;1
Readtsjerk;1
MARKKANAAL;1
GENIEDIJK;1
Ruitersmolenweg (naast nummer 39);1
SPAARNWOUDERSTRAAT 74;1
Hogewaldstraat 3;1
Zuidoosthoek;2
"Frankenweg; Zandweg";1
Dr. Poellstraat 2;1
HALBRUG;1
NIEUWPOORTSLAAN;1
NABIJ DE WAAL;1
HUINERVELD;8
BEVINGSTEEG;1
De Roos;1
Heechsan;1
"MAASDIJK; KASTEEL BOLWERK";1
Oosterholt;1
De Asterd;1
Daalkampen II;2
VELD;3
Voormalig AMK-terrein: Gommelburg;1
Rotonde Rijksstraatweg;1
Limes;1
Nauernasche Vaartdijk;1
Het Kraaienbos;1
POPE-FABRIEK;1
OLMINKHOF;1
Prof. Tulpplein;1
SCHALKWIJK NH KERK;1
Geitweg-Sparrebosweg;1
Snouck Hurgronjeweg/ Bos Veere Deelgebied C;2
Mostheuvel;2
BETHANIE;1
TEXEL PAAL 26, 1;1
"HOLLEBALGWEG ; DE WOESTE HOOGTE";1
HILVERSHOF;2
ZUIDKANT NO. 24;1
ZUIDEINDE 64A;1
BAAST;1
Glacis en Natte Horizon;1
DORPSSTRAAT 566;1
Sportveld;1
'T Klooster Wijtwerd;1
TJALLERWALLEWEG;1
JACHTHUISBRUG;1
AALKEET BUITEN 49;1
Ecologische Verbindingszone;1
de Arme Kinderen;2
KAVEL L72;1
Boschkens, Bakertand;1
"DAMMERSCHEIDT; PARKSTRAAT";1
ROOSWIJK;3
SPILVEN;1
Steenovens;2
CASTRICUMMER POLDER (VINDPLAATS 13);1
HORENSWEG;1
DE ROUWENBOCHT;1
MUNNIKESKAMP II;1
Kakelstraat;1
MEERVEN-VAARSEHOEF;1
"Bremlaan ; Verlengde Oude Veenendaalseweg";1
NIJLAND;2
NABIJ LUTTERMOLENVELD;7
RHEE;7
VIJFSPRONG;21
Ariensstraat brandweerkazerne;1
Kasteel Eerde;2
Bochtdijk, voormalig AMK-terrein;1
Armhoekseweg;1
DE ZUIDWESTER;8
EVZ Oploosche Molenbeek;1
FIRDGUM ZES;1
Halfmijl;2
Dennenbrug II;1
Klingelbeekseweg/Hoogstedelaan;1
Abconvense Weg, Bakertand-Oost;1
"Staakberg; Noordgeest";1
"ELSPEETERBOSCH; GORTELSE WEG";2
WAARDE;1
LOOIERBROEK;3
PEPELSBERG;5
KLOOSTER BOSCH;1
Laar 60;1
ECHTERBROEK;13
hunebed Drouwenerveld;4
ZONNELAND;2
EFTELING;2
WAARDHUIZEN;1
PISTOOLBAAN NOORDERHEIDE;1
H.-H. KERK;1
WIJNALDUM-OOST;1
HEIMENBERG;22
SPEKKENWEG;1
NAGELERWEG, KAVEL J90;2
LOBITH;1
Zuidwesterringweg, Nagele;2
Toren van Bourgondie;3
OUDE BEEK;1
VALTHERBOSCH;10
MEESTERSWEIJK-ZUID;1
"ROLANDSECK ; DUNOLAAN";1
Sint Jansstraat;1
Hefbrugweg, De Vaart;1
TEXEL  OPDUIN;1
Haarrijnse Plas, Themaet;1
Braninkkamp;3
M51;1
KORTBOSSEN OOST;1
KORTE HOLK;2
Kerksteeg 6;1
Kierkamperweg;2
"GRENSKERK; HUGTERBROEK";1
EETHEN;1
"Voormalig AMK-terrein M10469: Polder Den Hoek; Opperduit; Hoekse Weg";1
"Blokzijlerweg; Kavel S83";1
Middelrotsche Weg;1
Broek Noord;1
05.016 Watersportweg 32;1
LANGHIETKAMP;1
ST.-WALRICK-TUMULUS 2 EN 3;1
buitencamp;1
HEIHOEK;1
Den Hoekweg 4;1
OLYMPIAPARK;1
VIERAKKER;1
VAMWEG;1
DOORNIK;2
Stein Winkelcentrum;1
Brink;2
Ruigenhoeksche Polder;4
VEENEKAMP;1
KUINDERWEG, KAVEL M25;1
D1-STEENBERGEN/SCHAAPSDRIFT 1;1
Dorpsstraat 39;3
LAAGHALERVEEN/TRIBUNE TT-BAAN LOC.I;1
Odulphuskerk;1
PROVINCIEHUIS;1
Het Gegraaf;1
Engelsch Broek;1
OTTERBERG;5
16.65 AALKEET BUITENPOLDER;1
Voorstraat 16;1
OOST;39
BALOERAN BOEI NCP BLOK Q11;1
DE BURGWAL;4
Haard Bemden;1
"DOLDERSTRAAT ; KLEIKAMPLAAN";1
Looiwinkel;2
ZUIDWESTERRINGWEG, KAVEL H51/H52;1
WIKKERINKWEG;1
Millse Weg 1;1
WEST VLISTERDIJK 8;1
Heerlenseweg 42;1
visschebelt;1
NABIJ KERKWEG;1
NOORDZEE HINDER 1 NCP BLOK S3 jaarboek2;1
ZUIDHAFFEL;8
BURGGRAAF;3
KASTEEL ROSENDAEL;1
WIJNWEG;2
Hugo de Grootstraat 41, Hunerberg;1
Schaapstreek;1
ZEEWEG (TER HOOGTE VAN DE WATERTOREN);1
Ulicootsche Heide;3
KERKENAKKERS III;1
Lutterveltplein;1
VROENDAAL;1
KRANGSTRAAT;1
MEELSTRAAT;2
MAASVLAKTE SLUFTER 5;1
Raadhuisstraat 3;1
Groot Olmen;2
BROEKHOEK;9
Bleekerstraat;1
KORTE KOEK;1
De Drie Berken;2
HONDEGEMSAMBACHT;1
SCHOKKERRINGWEG, KAVEL P43;3
KOUSTEENSEDIJK;1
St. Josefschool;1
Drinkwatertransportleiding langs Berkel;1
BALLOERVELD-ZUID;1
PERC THEUNISSEN LEROPPERVELD;2
Binnendams 3;1
Genouwen;1
"ZWARTE WATER ; DR. DE QUAYWEG";1
BROERDIJK;1
HUNEBORG;3
MAASHOTEL;1
RIJNESTEIN;2
Over de spoorlijn;1
POLDER NEDEREIND [ VINDPLAATS 11 ];1
Weidland;1
VUILE VEN;1
kemppestraat;6
"LAARWEG; HOOGE AKKERS";1
NOORD VAN VOGELPOEL;1
"Pyramide; Smokkelweg";1
Klompenwaard;1
TUNNEL ONDER SPOOR;1
Celsiusstraat 25, naast 21;1
Bragven;1
MEENE;2
'T VEENTJE;1
THESINGE;1
Gatweg;1
Kerk Oudshoorn;1
CHAAM;1
"KERNHEMSE WEG; INST. ZUIVELONDERZOEK";1
GROTEHUIS;1
Ferwoude;1
"KOERHEUVEL ; JODENBERG";1
ELSMORS;1
HARSKAMPSCHE ZAND;5
Aardenburg;1
Boseind 10;1
WILDERT-PANNENHOEF;3
"TRIBUNE; BRANDDEELING";1
BROEKSWEG/LEUSENERVELD;1
Akkerstraat;4
TEGENOVER VOLHARDING;1
HUNNENWEG;1
Lingedijk;5
Molenbuurt;2
LAAGHALERVEEN;1
SPAARNE 15 (ACHTERTUIN);1
MARIA ROEPAAN;1
Van Boekerenweg;1
CERES;2
WOLFSLAAR;1
GILDEWEG;1
Buitenhoutsedreef-Koppeldreef;1
DE PAS;14
"ROODE VAART;STORTPLAATS;FORT NOORDAM";1
OVEREIND 2, voormalig AMK-terrein;1
BERGHOTEL;1
de Strubben;1
"JULIANAPLEIN (?); BEEKSTRAAT; SCHINVELD II";1
BUDEL II;2
Kellenstraat;1
N255;4
KLOOSTERSTRAAT;13
Grietmanswijk;1
Ballooer Es, Weg Balloo-Loon;1
WILLIBRORDUSLAAN;1
GROENDAALSTEEG;2
16.55 AALKEET BUITENPOLDER;1
ERVE TEESINK;1
VEN;1
DE HOLTMEER;1
Ruiten Aa;1
Koningsweg;5
Kattebroek IV;1
Houtense Wetering Terrein 24;1
SCHOOFBANDWEG;1
de Haaf;1
"Arntzstraat; Potterstraat";1
HALTERSTRAAT 11;1
OUDE KAPELSTRAAT;2
aardgastransportleidingtrace Scheemda-Ommen;1
G NR.154 KAD.ARNHEM;1
DINGSPELBERG;2
Vijverpartijen Maerten van Heemskerckstraat/Karshoffstraat;1
HUUB VAN DOORNEWEG 42;1
Van Dalestraat/Geweldigerstraat,Van Dalestraat/1 Novemberstraat;1
Hoensel;1
IMBOSWEG 7;1
Lawickse Allee;1
"VOSSENHOL; DRIEERWEG; MORIELJELAAN";1
ANTONIUSVELD;1
NIJLANDSE WEG-NOORD;5
RIETLANDENSTRAAT;1
HOLTERHOF;1
Malburgseveerweg;1
HOGE WOERD - KOENESTEEG;1
"Schansweg; Kromme Weg";1
"VOORMALIG HOTEL ""DE RUSTENDE JAGER""";1
GARDERENSCHE VELD;8
ZEVENHUIZEN;22
DE BEUG;1
ROZENDIJK;2
POLDER HET GROOTSLAG;9
MEIBERG;2
Biesheuvel;4
BEIMERWAARD;1
"Roggebotbos; Kavel  N44";1
Blake Beemd;1
Gijbelandsedijk 7;1
FORTRAPA;1
ST. JORISSTRAAT-CASTELLUMSTRAAT;1
Dorpsstraat 4;1
Kanaalzone;1
Boschkens Bakertand, deelgebied 3;1
NIEUWLANDSRIJD;1
VOORMALIG HUIS POPPENDAMME;1
Dokterskuul;1
Bloemenheuvel;1
De Liesen;1
UILENBURG;4
BIETENKUIL;2
Kruising Hoogte - Haaimeet;1
De Eikberg;2
Bij het Jagershuis;1
"HUNNENWEG ; GROOT BOESCHOTEN";1
MELKMARKT 41;1
Hoogveld;13
Kruiskampweg;1
HEILTJESHUCHT;1
Sint-Christoffelkathedraal;3
SIBBERGRUBBE;2
HOOGE WIJST;1
Kavel Z36;1
GOYSE DORP;5
Rector Driessenweg;1
HOUTAKKER;2
Colmont-Ponderosa;1
"Voormalig AMK terrein; Polder het Grootland";1
BRONNEGER/VUILSTORT;1
Egelweg;1
DRIELSCHE VEER;1
KIELSTERACHTERWEG;3
Voulwammes I;1
kasteel Vlierden;1
LANGEVEEN;5
NICOLAASKERKHOF;1
SCHUTTERWEG;4
AALKEET BUITEN 072;1
"HARSKAMPSCHE ZAND; NOORD KEMPFLESCH";1
HOLTERBERG;5
HOLLESTEEG;2
KRICHELBERGSWEG;1
WERVERSHOEK;1
Oostkade 14;1
Plangebied Lauwerecht;1
KEERDERBOSCH;1
Hammen 4;1
OOSTERHOUT-REETH;1
Grachtstraat;1
WINTERDIJK 32;1
TUSSENLANEN 11;1
Angterperlaan 2;1
Eikelkampen;1
Lange Weg, Andeweg;1
HET LAAG;2
aalsum;1
Meerheide;2
Rolduckerstraat;1
HET BOSJE;3
SNOERTS;1
DRAAIBRUGSE WEG;1
WOEZIKSE ZAND;1
"Brede Straat; Pelsche Straat; voormalig stadhuis";1
Merenveld;2
ESPELERVAART, KAVEL C126;1
Napoleonsbaan;2
DEURZERBRUG;4
Uitbreiding Mozeskerk, Noordstraat 4;1
Windmolenpark Hattemerbroek;1
Hof van Blom;1
"TONGELREEP ; BIESVEN";1
ST. LAURENTIUSKERK;1
Spinolaschans;1
BIESHEINING;1
KONIJNENWEG;1
De Padkamp;1
PEPERKOEKWEG;1
Fietspad N225;4
Stationsstraat;7
HUIZE 'T KLOOSTER A/D WUURDSELAAN;1
DE ZURE MAAT;1
Woerd en Oude Hof;1
Zoutestraat 2-2a;2
Wierselaan en Gildenborglaan;1
"HEIVELDSEWEG; SCHONDIJKSEBRUG";1
TERREIN STAPPERS;1
SOLBERG;20
DE LAAR-EENDENKOOI;1
ROODHARSTERLAAN;1
De Brem;4
Van Oudheusdenstraat;1
Lange Weg;6
GRAAFDIJK-OOST 34;1
DE HOVE;1
BLOEMENDAALSTRAAT (KOENEN);1
Kerkstraat 60;1
HEELDERPEEL PANHEEL;1
Bogardstraat 28;1
Tiel-Centrum;1
Stevenskerk;2
PANORAMAWEG;2
WEERDINGE;4
Kerkeakkers;1
Holterhoek;3
Schuytgraaf vindplaats 7;1
Waterpark Tusschenweg;1
"Noordermeerdijk; Kavel A12";1
07.088 Zuidbuurt 26/28;1
Keizerstraat 11-13;2
Pleintje Kaak;1
GEESTMERAMBACHT-VRONERMEER;1
"Heimenberg ; Grebbeberg";1
Heugde;1
Hoogmadeseweg;1
Vinkenbroeksche Weihoek;1
Binnenland;1
"voormalig Slachthuisterrein; Niersweg";1
Windmolenpark Zuidlob;2
BEUKENHORST;1
Lange Hille;1
PESCHWEIDE;6
Houkepoort;1
STEENEN KAMER;14
BEEKSE HEI;1
Herenstraat 4;1
Noordbarger es III;1
Brinkmaten;1
IJSSELHAM;2
AMBACHT POORTUGAAL;3
DE HOGE TUSSENRIJTEN;1
SINT REMIGIUSSTRAAT;1
PROV WEG T16 3;1
SANDRASTEEG;1
RENESSE-NOORD;1
SPORTPARK BURG. VAN DER HOEVE;1
Haansweg;1
POLDER NEDEREND [ VINDPLAATS 4 ];1
VEERHUIS;2
"MEERWEG; PERC.RENTENAARS";1
"DRUL; OP DEN DRUL";1
WANSUMSE HEIDE;1
UTRECHTSE STR.WEG 29;1
DE UBDEN;1
de Burgvallen, de Schipborg;1
VISSENBERG II;1
NH KERK ETTEN;1
HOUTSBERG;10
Laag-Heukelom;2
Buurtweg 43a;1
MIDDELBURG COMMISSARISWONING;1
Reimerswaal;1
"Binnenveld; Egelskampen";1
"Hogebierenweg; Hooglandsepolder";1
EELEN;1
't Vestje;1
MORINNESTEEG;2
Terp de Zuidert op Schokland;1
"Biddingweg; Kavel K1";1
Hazelbergsestraat;1
KLEIN REEVEN;1
GLANE ERVE ZWAFERINK;1
Zuideres;1
TERR.BEGR.PEPER-, GRAVEN- WISSELSTR.;1
Hessengracht;1
Wilhelminalaan;4
LEVEROY;1
Polder Papendrecht;1
De Bonckelaer;1
Waijensedijk;1
DE TWEE AKKERS VAN KLAAS MIJN;1
Zwarte Water 01;1
KASTEEL EINRADE;1
OP DE HEES;4
BALJUWLAAN;1
KIENVEEN;3
Nieuw Schoonebeek;1
BEESDSCHE VELD;1
Achthoven kapel;1
Fenneweg;4
OCHTEN-DORP ZUIDELIJK DEEL;1
05.019 Maassluis Zuidbuurt 33;1
"Voormalig AMK-terrein M10463 / CMA38C-051: Polder Grote Nes; Grote Nes";1
STEENWIJKERWOLD;2
BEERSER HAARWEG;1
Kerkstraat 41a;1
Watermolen;1
WEHL;4
Nieuwe Vuylcop;1
PAARDELANDSDRIFT-OOST;1
HORSTEN;2
Ockenburg;1
's Heeren Loo;1
Kasteel Binckhorst;1
HUNENBULTEN;1
Plangebied Haven Fase 3b;1
RIETGREB, ZUIDKANT;1
BREDE LAAN;1
Hoge der Aa 3 en 4;1
"Polder Heining; Lange reep; voormalig AMK-terrein";1
16.36 AALKEET BUITENPOLDER;1
OSSENBOCHT;1
DORPSSTRAAT 58;1
VESTING;1
WAALKADE-STEENSTRAAT;1
Roskam;2
ZWEMBAD, SPORTVELD;1
Vredenhof;1
ARENTSBURGLAAN/FONTEYNENBURGLAAN;1
WEERDESTEYN;1
De Oude Hoef, Hoogland;1
Kaaistraat 52 en 54;1
Houtrust;2
TANGE;2
De Kreken Fase II vpl F en G/H;1
WULVEN;1
Wayensedijk;1
PIONIERSWEG-WEST;1
6.NOORD V/D RODEVOORT;1
DE SPIEGEL;6
Sancta Maria;1
Boerderij Schothorst;1
Locatie I (Absdaalseweg/Stellestraat);1
HET HEUFKE IN DE LUTTEL INGH;1
Vierakkerstraat;1
11.18 DUIFPOLDER;1
"SOLBERG; HET SWEELTJE";2
MAANSCHOTEN;3
AALKEET BINNENPOLDER 08;1
'T WEER;3
STERKAKKERS;3
Oude Weer;1
Landweggetje ten zuiden van Passewaaijse Hogeweg;1
"Baarloseweg; Kavel R45";1
'T BRAMELT-HONDSROOS;1
BAAK;2
KRALINGERPLD 16;1
SINT-CATHARIJNEKLOOSTER;1
Raadhuisplein;2
Dorpsweide;2
Molenstraat 16;1
DE NIJBURG;1
HAARDIJK;1
Leusensteeg;1
BIJ HOLTBERG;1
17.AL-17.AM  AALKEET BINNENPOLDER;1
ZIJPE- EN HAZEPOLDER;1
NUMMER II STRAAT;1
PALENWEG, KAVEL E174/P66;1
GEMEENTEBOS;3
EMMERVELD-SLUISVIERWEG;6
Coendershof;1
Sint Antoniusmolen;1
Eder Hei;1
Distelakkerstraat;1
VOGELEZANG II;1
OVEREIND 4;1
Koude Horn;1
Begijnenstraat;1
LAND VAN KLEEF;1
Heihoekseweg3;1
HUSPE;1
Buizenfabriek;1
TULPSTRAAT/BENTINCKSTRAAT;1
BOSLAAN;2
Baarloo/Belfeld-West;1
Westerkerkweg;1
Strand,duinen;1
ESPELERPAD, KAVEL C58;1
KRAANVENSCHE AKKERS;1
NABIJ EPPENBEEK;1
Striksteeg 1-3;1
"DANIELSHOEVE, -DIJK; IN DE HAMEL";1
Kaart;1
BALINGERZAND-OOST;1
Lookwartier;2
WEERTER HEIDE;1
HONDELBOS;3
DE GOUW-DE WIJZEND;1
ZUIDWELLE;2
Utrechtse Weg;2
KESSEL;6
KROMMENHOEKEN;1
Carp-terrein;1
OUD EMMELOORDERWEG, KAVEL J116;1
De Akkers 3;1
Zuidbuurtseweg 50b;1
HEERLIJKHEID MARIENWAERDT;1
Vrouwenklooster;1
Oppevenerweg te Oirsbeek;1
JARDENS NIJSLAGEN;1
Vm. Marechausseekazerne;1
ASSELSCHE HEIDE;1
Kristalbad;1
Hoevelaken;1
Eersel;1
"ELSTERBERG ; DRIFTWEG";3
APOSTELHUIS;1
ZWARTE SLOOTEN;1
FEICKO CLOCKSTRAAT 97;1
Bastion II;1
OUDE TIELSEWEG;3
KRAAYENBERG;1
Zijdewind;1
LANTERDIJK;1
"DE VASEM ; DE HOGE VAREN";1
SCHOOLSTRAAT / Begraafplaats;1
Monnikenstraat 14;1
Viandenlaan 2-10;1
PLUIMERIJE;1
SMIDSDIJK 6A;1
RUIMSLOOT-NOORD;3
RIJNEVELT;1
BERGH;8
Dijklaan Zuid;2
NOORDZEE EUROGEUL 24 NCP BLOK R3;1
SCHOKLAND, MIDDELBUUURT;1
Spoorstraat;4
Terrein Vos;1
PINEIND;5
"TONGERENSEWEG ; 'T HULL";2
Bestseweg;1
BROUWERSTRAAT;1
Polder Willeskop, Vaders Wens;1
TERBORG;3
GORTELSEVELD;2
Westronde ong.;1
Kloosterweg 8;1
KROMME LANDEN-ACHTERSTE DIEP;1
WESTERSTRAAT-POSTKANTOOR;1
Meinerswijk;1
VLISSINGEN 1;1
ZUIDPLASPOLDER;1
TURFKADE;1
DALWAGEN NOORD;1
GROOTE LANDEN;3
Wallen Oost;1
VEENVELD;1
KERK VAN DE HEILIGE NICOLAAS;1
HEIDEHIEM NOORD-TRAFOSTATION;1
Rucphenseweg;1
BERKENHUT;1
BOUWPUT SMIDSTRAAT;1
Zesstedenweg 227;1
Vlasstraat;1
KRAAIJENBERGSE PLASSEN;13
SCHOUW;2
Mosselweg locatie Waterpartijen;1
BOOMGAARDWEKKEN 4;1
"BEEKSE WEG; (HUIS TEN HALVE)";1
GUNHOEKWEG;1
Biervliet Hugevlietstraat, Boterzandestraat, Weststraat;1
Han Stijkelplein;1
Schoonenburgseweg;1
Plangebied Waalkrib 895.180;1
"WIJKCENTRUM AGORA; FONTIJNENBURGLAAN; FORUM HADRIANI";1
Hoogeveenlaan;1
Leeuwerik II;1
OXERSTEEG-WEST;1
BEMMELSCHE WAARD;1
BERGSLOOT;1
KLOOSTERBERG;5
BORGWEG;3
"O.L.V. Berg; Mariaberg";1
NIJVERHEIDSWEG 36;1
JAGERSLUST;1
KNOKKEL;1
BRAAMTSEVELD;2
MELKFABRIEK AURORA;1
BIKBERGERBOS;1
De Enk Zuid;1
DALKAMPEN;1
Echteld, Eeksehof;1
Poppelse Lei;1
"CRANENDONCK; KRANENDONK";2
KREEL;2
KERKJE HEESBEEN;3
HET BEESELSBROEK;1
DE RIETKAMPEN, PROF. GERBRANDYPARK / PROF. OUDPARK;1
"VELSERBROEK ; BROEKERWERF";1
BERG SION;1
KLAASSTEEN;7
DOETINCHEM;8
De Boomgaard;1
Zwilske;1
Eemdijk-Oost;1
BRUMMEBERG;7
SINT JANSKERKHOF;1
Oranjesingel;1
REITSMA-HEERD;1
WIELINGEN 05;1
A2;7
De Zegge 1;1
RK KERKHOF-OOST;1
ACHTERSTE ZANDDUINEN;1
Het Laar - Hofdreef en Bredaseweg;1
GROTE PEEL;1
De Doort;1
Nieuwstraat;13
BOVENKERKSE WEG 80;1
Hulst Bagijnestraat 21-29;1
Dorpstraat 44;1
Delwijnsestraat 50;1
TEN N.W. VAN HET BOSHUIS;1
HOEFDIJK;1
Basisschool De Achtbaan;1
MICHAELSKERK/NH KERK;1
Zelhemse Enk / Provinciale weg vindplaats 1;1
Trierveld;2
DIACONESSENZIEKENHUIS;1
STENHORSTEN;1
Uithofslaan;5
Voorste Schaapsdijk;1
HEIOORD;13
Voormalig AMK-terrein M13235;1
Nunspeterweg 116-120;1
N.H.KERK (KERKRUINE);1
WEG VAN ONGENADE, KAVEL G35;2
HEI;2
HEUVEL;1
LOONERDIEP-WEG LOON-BALLOO;1
Zuidblok;3
ZEYERVELD;1
Koggeweg;1
Boomkwekerij Rendering;1
Gen. Smutslaan;1
"Hondweg; Kavel O2";1
BALGZAND (HOOFDGEUL);6
BARFDE;1
LOOWAARD;18
OMGEVING HUNEBORG;1
VECHTEN;20
LEEUWERIK;2
Kloosterveen 2;1
PLAN WEST;4
02.026 Boterstraat 8 (boring);1
BOSHUIZERKADE;1
Sint-Agatha, klooster der Kruisheren;1
ERMELOSE HEIDE, grafheuvel XIVa;1
NIEUWEWEG WEST;1
Kerkverreweide en Omgeving Perzikstraat;1
groene kerkje;1
BOSLUST;5
Stationsweg 16-17;1
De Tienden II - David Koddelaan;1
HELLERWEG;2
BEDAFSE HEIDE;4
Groense Bos;1
"TIENDWEG; DIENSVELDEN";1
Hof van Wahlwiller (Leijenhof);1
PICARTWEG-ZUID;1
AAN DEN BERG;2
HULLENDIJK-OOST;1
VAN HEEMSTRAWEG;4
KOENESTEEG;1
OUDE GRAAF;2
WESTERVELD;12
"HAPSE WEG ; ZEVENHUTTEN";1
HONDSDIJKSE POLDER;4
JENSEMAHEERT;1
Liaslaan;1
LIMMERPOLDER;3
Baarn, Oost;1
RECHTE HEIDE;1
Harderwijkerweg/Boerhavelaan/Laag Soeren;1
BENEDEN DELWIJNEN ZUID;1
HEEMSKERKER NOORDBROEKPOLDER (VINDPLAATS 5);1
POELWEG;4
OOSTER 2 NCP BLOK S6;1
Kasteel van Geertruidenberg;1
PRINS BERNHARD STRAAT;1
DE HOF;5
Knodsenburg;1
KLEVERLAAN 9 (HUIS TER KLEEF);1
OOLDER HUISJE;2
Hupsel, voormalig AMK-terrein;1
BURCHTWEG;1
01.074 Jac. v. Dijk/Jac. v.d. Windtstraat;1
MUSSEL/KOPSTUKKEN;1
HOF VAN ALDERWIJK;1
KLINKENBERG;8
EMELANGEN 2;1
WIEBIEGENHOF;1
KLAPHEKSTRAAT;3
KALISPEEL;1
A2, traject Urmond-Geleen;1
Grasbroek;5
WOERDJE AAN DE OOIGRAAF;1
'S-GRAVENDIJKSEWEG;2
BIDDINGERWEG, KAVEL M60;1
Poorthofsweg 14;1
VREDENOORD;1
Nieuwland, ten zuiden van Nieuwlandseweg;1
"Bijselseweg; Kavel Z73";1
BATHINGE;1
"Rijkszeehaven; Nieuwe Haven";1
ZWARTEMEERWEG, KAVEL T117;1
Kapelstraat 3;1
ACHTERSTE VEEN 1;1
Hilligmeer;1
DE BARKEL;1
Kobus;1
MOLENBEEK-VINDPLAATS A;1
kieldrechtse molenstraat;1
WOESTE BERGWEG 2 EPE;1
Boerderij de Muizenwinkel;1
Berikstraat;3
DIEKENDAAL;16
Noordzee NCP Blok S2 2;1
LEGGELO 39;1
KEES BUURSLAAN;1
TUURDIJK/NACHTDIJK;1
TOL;1
De Honig;6
NOORDERWUPPEN;1
Barnflair;1
ZIELHORSTERLAAN;1
Polder Purmurland, voormalig AMK-terrein;1
AMSTENROOD;1
Hoogspanningsleiding Boxtel-Oirschot;1
Houthemerberg;1
Gouwsluisseweg 52-58;2
Hondegemsweg;1
HAARMAATSDIJK-OOST;1
KERKVELD EN ACHTER RK.KERK;1
POLDER OVER-SLINGELAND;2
HARTEL WEST;7
Zoutelandseweg;1
Slagenweg en N34;1
DE VEENEN;4
Houten Dijk;1
DE FLEERDE;1
Oude Garshoekse Wetering - Lageweg;1
DE WILDEREN;1
OUD EN NIEUW WATERINGVELDSCHE POLDER;1
04.016 Jan ligthartstraat (Jan ligthartschool);1
SPRIELDER BOSCH;1
Achterstraat 22;1
Oost-Abtspolder;6
TUINTJES EITERSESTEEG;1
MOOK EN MIDDELAAR;2
Mariaveld;3
BAKKERS WERF;1
STAMERWEG, voormalig AMK-terrein;1
ST. ISIDORUS;1
Appellaan 2;1
HET HOF VELD II;1
ABSDALE;1
LINGE;11
OUD BODEGRAVEN;1
EPE;1
BOTERMARKT 6 - 10 (TUCHTHUISSTRAAT 3);1
Karnheuvelsestraat;5
WINSSENSDE VELD;1
MAASNIELDERBROEK;1
LIEROP;1
BEEKZIJDEWEG;1
BASTION ORANJE;1
HSL inpassingszone 9A;1
DUBBELE POORT;3
"Provinciale weg; de Blijsmoel";1
Van Heemstraweg;2
BURCHTWEG-VOORM.DUITSE HUIS;1
SCHOTERWEG (KRUISING MET DE KLEVERLAAN);1
PUNTBEEK;1
Veere Oudestraat;1
De Hooivork;1
TERREIN STREEKZIEKENHUIS;1
DERTIENHUIZEN;1
Herderweg;1
ANNERTOL HEUVEL /II/;1
Kalteren;1
tegen over Hotel Juliana;1
Kerkstraat 10;1
EIKELENBOSCH;1
Steynhof;1
ZEUMEREN;1
Oude dijk;1
Steenstraat 14;1
EIERMARKT;1
Hondelveen, de N34;1
Pennendijk 30;1
Plangebied Veilingterrein;1
DE HOGERT;1
ENZEBROEKERWEG;1
Sportpark Heiligerlee;1
Wieken Vinkenhoef - perceel 275;1
Kasteel Het Hof;1
LANGE BEGIJNESTRAAT 13 (CONCERTGEBOUW);2
16.84 AALKEET BUITENPOLDER;1
Peellandstraat;3
"Schoolstraat; Gruttinkpad";1
NIEUWEKERKSCHE KREEK;1
HET HEUF I;1
TEN ZUIDEN VAN DE HEERBAAN;1
ZANDZOOM 29;1
STADSDAM;2
DE WIERDE;2
BANSTRAAT;1
BRUCHTERVELD;3
KREIJL;1
PAARDESTEEG;1
AALKEET BINNENPOLDER 26;1
MATSLOOT NOORD 08;1
MICHOLE;1
GROOT-SEMINARIE;1
Molenvaart/N274;1
ST MICHAELSKERK;2
"Urkerweg; Kavel H61";1
ERVE T SCHELVER;1
Aardenburg-Noord;2
HUURNER VELD;2
AMELAND PAAL 5/6;1
Het Braakven;1
VEILING;4
Pastoor van der Marckstraat;1
SCHIETBAANBOSJE;1
KLEINE OVERSTRAAT 57/ LA ROSE;1
LOMBOKLAAN;2
Zuiderveld-West;1
Wolddijk 72;2
Oude Huys, Trambrugweg;1
POLSTRAAT 18;1
MAAS;112
DE TRENT;1
Noordzee NCP Blok N7 2;1
Reigerstraat;1
Amerongsche Berg;3
GEISELBERG;3
BERGHEIDE;17
AARTSBERG;1
Groote Molenbeek;11
Brootacker;1
"GENNE; GLINTHUISWEG";1
Ganzenkamp;1
NOORDZEE NCP BLOK P18;4
KAMPERDWARSWEG;1
Nabij Westeinde 73;1
Doekegat Reede;1
Lutterveldsestraat/Achterstraat;1
ERVE KOLTHOF;1
MORTIEREPOLDER;1
VIJZELKAMPEN-DUINSTER WEG;1
De Hooge Werf, Kreupele Weg;1
Ossenbroek 1;1
PLEIN 10-TUIN NH KERK;1
Broekgraaf;2
KORTE HOOGSTRAAT;1
Haven Zuid;1
Hoonteweg 1;1
EGELDONCK;1
NOORDBARGER BOS-NOORD;1
VAARTBROEKSEWEG/VAARTBROEK;1
Menno van Coehoorn veld;1
07.084 Maassluissedijk Vergulde hand west 7;1
BIJ JONGMASTATE;1
Poort;1
"DE HOEF ; DUKESVOORT ; KLEINE BEERZE";1
HOUTENSEWEG/ACHTERDIJK;1
DE TUMULI-NOORD;1
ZANDHOVE;1
Het Vosselt;1
"Voormalig AMK-terrein ODB45946: Wageningse Laan; Remmersteinsche Bosch";1
TUURDIJK, NACHTDIJK;1
ST SERVATIUS;1
NIEUWE WEG;3
OVERTIERINGHE;1
HEZINGERVELD;3
HUIS RIJSSELT;1
Raayen;3
STROEERKOOGWEG;1
VAN HELOMAWEG;3
"Drontermeerdijk; Kavel P104-II";2
HET GEBROKEN SLOT;2
LEEUWENDAMME;1
STEVENSWEI;1
LINDEBOOM;2
Kerkpad;1
Houtmarkt 67-71;2
LUXEMBURGERLAAN;1
Molenveld/ Kempweg;1
WARANDA;2
GRAETHEIDE;25
Ooster-kemkensbergweg;2
VAN DER HUCHTBOSCH;1
RECHTERENSEVELD;1
BOUSTIKJE;1
WIJTTENBACHWEG;1
Parijsch;7
VOGELTJESLAND 7;1
Gemeentewerf;1
Kerkbuurt 89;1
PAAL 8;1
Heeswijk-Ewinkel 3;1
Medelsestraat-Oost 13-15, vindplaats R2 en R3;1
KOEDOOD;1
"Wisentweg; Kavel J68-II";1
Cuijk-Vianen;1
De Pal, Binnenweg, Enkweg, Achterweg;1
Brabantse Poort;1
OUD-ROCKANJE;1
DUINVLIET;1
DE HOKEL;1
WESTERHAVEN-ACHTEROM;1
Zandbergseweg;1
Koekoeksweg;12
BIESVELD;1
"Elsterberg ; Middenlaan";1
BOERDERIJ T SWYNSERHUS;1
DEN HOFDIJK;1
BROUNTSMOESWEG;1
WAGENWEG;1
Spikkerweg;1
ENGELSEBERG, ZUILENSTEINSCHE BOS;2
Maastricht- Aachen Airport;1
OOSTERSTEYN;1
ACHTER ST. PIETER;1
Medel 2 - Stapelseweg;2
AMSTERDAMSE LAAN;1
ENGWEG;7
ANTWERPSE POORT;1
HEUMENSEWEG;4
Voormalig AMK-terrein M12909: Noordzijde 19, 20;1
De Maarnsche Berg;1
Woldmeenthe Rand;1
JACHTHAVEN-VOORM. HUIS LOKHORST;1
VOGELENZANG, STEENFABRIEK;3
STORTSEDIJK;1
Geerstraat;1
BERGERHEIDE;7
POLDER BLOMMENDAAL;1
De Rijkskamp;2
Kapittelstraat;2
HIJKERVELD TUM. 43;1
HARSELO;1
Lindehoflaan;1
LANGEHORST;1
DE HAM;1
WINDESHEIM, HET OUDE KLOOSTER;1
DE RIJSEN;2
Veghelse Hoek;1
GROTE KERKSTRAAT;4
Haren-Groenstraat;1
OUD-LEUSEN;1
LAAGHALER GROENLAND;2
GANZENOORD;1
Oosteres;1
ACHTERHOLTE;1
Peelheide;1
KONINGSEIK 2;1
NIJVERHEIDSWEG 36 (FIRMA VOMETIC);1
Texelstroom 10;1
ERVE DUIVELSHOF;5
HOOGEBURGT;1
ACHTERLOO CUNET RW;1
Hamminkweg;1
Heumensche Bos/ Blakenberg;1
HOOGHALEN HALERZAND;1
VRIJTHOF WSCH;1
DE VLASAKKERS;3
AKKER BIJ HET OOYE;1
CASTRICUMMER POLDER (VINDPLAATS 12);1
KILLESTEIN;1
EMMELOORDERWEG, KAVEL P14;1
VOSKUIL;2
Oude Stadhuis;2
Klein Trierveld - Vindplaats 46-47;1
WIERUMERSCHOUWSTERWEG;1
RENOVA;1
MAASNIELDERWEG;6
PEURSEMSEWEG 125;1
Scharnegoutum Rondweg;1
KLOOSTER FELDWERD;1
DE KAZERNE;1
Eexterweg;2
Vossenaard;1
HEIVELDSEWEG;1
SLIEDRECHT;1
ROUWERSGOED;1
Whereplantsoen;1
VERLENGDE DRIFTWEG;1
"Hopweg; Kavel K28";1
EEFSELERWEG;1
Hertoghof;1
"Wijtsma; Haornestreek hoek Skilleane";1
vogelshofweg;1
HOGENBERG;3
Canneveltstraat;1
ZUILENWEG;1
Kruisdonk;1
Boomkensdiep 2;1
Overbrug;1
EVERSTEIN;2
KAVEL G10 EN/OF G11;1
OUDE DINXPERLOSCHEWEG;1
Grote Houtstraat 93 achter;1
Beugelsplein;1
HOUTMARKT 54;1
Oosterzijdeweg;1
RUINE VAN BREDERODE;3
"POLDER DEN BEEMD; BEEMDWEG";1
Damcentrum locatie Montel;1
N332 - Rossweg/Ampsenseweg;1
POLDER NEDEREIND [ VINDPLAATS 14 ];1
DE JONCKHEERELAAN 103;1
TULDERHOEF;1
HUIS TE PEIZE;2
De haven;1
BURG. ROYERPLEIN/HOOGSTRAAT;1
"Kalverstraat 58; RK kerk De Papegaai";1
MIDDENSTRAAT 13;1
HAZENDONK;2
Willem Loreweg 30;1
DE WILDKAMP;1
GULBERGSVEN;1
NABIJ GR HEEZE;1
Malzwin 2;1
NOORDZEE NCP BLOK N1;1
ZOMERSTRAAT;1
Havelterberg;1
Markt 40;1
Dieterenbosch;1
NECTARWEIDE;1
Keetenstraat;1
LUCASWOLDE;1
GEUZENDYK;1
02.032 Willem Beukelszoonstraat 75;1
Cunerakerk, Zuidoostzijde;1
Laarsche Velden-Noord;1
SCHOKKERRINGWEG, KAVEL J128;1
Lieselse Peel;3
Harensche Bosch, Bremerweg, Veldstreek;1
ACHTERLANDSE DIJK;6
ROODHEKKENPAS;5
VERGARDE II;1
LOOHORST;1
OOIJERHOEK (SITE M);1
WESTERLANDEN;19
Leidseweg - J.P. Coenstraat;1
Polderweg 120;1
Wendel-Zuid;1
KETELMEERWEG, KAVEL E108;1
Baarschot Baarschotsestraat;1
Voormalig AMK-terrein M13591 / CMA27H-A01: Broekland;1
HAERTELSTEINSE VELD;3
WAHLWILLER;2
Sevenumseweg;3
Hoekgraaf;1
HOF VAN DER HOUTE;2
MARKIEZEN/HEERENVEEN;1
DE LOMMERBERGEN;1
EESE;4
Biertsedijk 3;1
Hendriksloot/ Nespolder;1
NIJSTADAKKERS, URNENVELD;1
VOORSTER ALLEE/KERKEPAD;1
BREEDSTRAAT-SCHOUTENSTRAAT;1
LANGS BOERDIJK;1
BEUMELERENG;1
Kwintelooyen, Sparreboomsche Berg;1
Zutphenseweg 71;1
Balkwoud;3
INDUSTRIETERREIN WESTENHOLTE;1
WICHENBURGH;1
KASTEEL VAN ARKEL;1
DE AALST;2
Maartendijkseweg;1
YPESTEIN WEGTRACEE;1
terwinselerweg;1
NOORDRAND VOLKSPARK;1
Oostwal;7
HUIS A1;1
MEIDOORNSTRAAT;1
Munselse Hoeve 30;1
NOORDDUIN;2
VUGHT;2
06.158 surfpad mostert knollen;1
IJzendoorn west;1
17.38 AALKEET-BINNENPOLDER;1
"EDERHEIDE ; KOEWEG";1
ODIJKSEWEG;3
Kerkstraat 6;1
GIBSONSTRAAT, NOORDENBERGTOREN;1
Oud-Reemsterhei;1
Carillonplein;1
EELDERWOLDER POLDER;2
GROOT ECKWERD;1
De Zegge, Leemstraat 23;1
POSTELSE WEIER;1
"Roggebotweg; Kavel N47-I";1
KESSELSCHE WAARDEN;6
Vindplaats 7;1
Westelijk plateau Zouwdal;1
OVEREIND 7;1
westkant van de dorpsterp;1
BEMELERVELD;1
MARENSCHE WAARDEN;11
GOYERDIJK 3;1
AMELBERGA OF SALVATORPLEIN;1
Marssum-Dorp;1
LEEMHORN 2;1
Wijk;1
Frans Halsplantsoen;1
Breestraat 76-80/Mandenmakerssteeg 8-12;1
DELDENSE BROEK;2
De Groene Driehoek, vindplaats 2;1
NOORDERESCH;10
Cortenoeverseweg 105;1
"Polder Zuidzijde; Ambachtstraat";1
KERK VAN DE H.LAMBERTUS;1
Zoeksedijk (VV Schijf);1
RECREATIEGEBIED;4
"Station Vleuten; Prins Hendrikweg";1
OVERHUIZEN;1
HOGEWEG 33;1
Galderseweg, perceel 1475;1
Oranjepolder Papenlaan-West;2
Ungabuurtsterweg;1
LANGE VEERSTRAAT 27 - 29;1
Sportvelden fase 3;1
Taaijerweg;1
Neerakker 'De Hof';1
SLOTVEEN, A28/E35;1
KRUITHUIS;1
KRAPOEL;1
VLIEGTUIGWEG, KAVEL O28;2
Fietstunnellocatie N9 ad Damweg te Schoorldam;2
VOGELTJESLAND 4;1
KEUTENBERG II;1
DE HOF 11;1
HALVE BEEMSTER;1
OIRSCHOT V;1
DE HARDER;1
07.052 Arij Koplaan;1
Clavecimbellaan;1
RIOOLTRACE NIEUWSTAD GROENLO;1
De Kemphaan;1
Schaarsenhof;1
Kulturhus te Oene;1
Parkstraat;3
Vrachelen 4;2
Utrechtseweg;4
VELUWE ZUID;1
Hoge Rokken;1
Hugo de Grootstraat;2
KLETTERSTRAAT 14;1
Rooye Veld;1
Beekmanstraat;2
Slagenweg;1
De Malburg;1
MAASWIELDERWEG 13 ROERMOND;1
Schelpweg;2
VAIII;1
"Voormalig AMK-terrein M10377: Polder Heenvliet; Groene Kruisweg";1
Rijsbergsebaan;1
Spijkenisse Parkeergarage Vredehofplein;1
Waterakkers;1
KIJLSTUKKEN;1
ZWEMBAD HET VLEER;1
PALENBERGERWEG;1
DE ZETEL;1
BUCKHORST;1
WEGCUNET T18 T.O. VAN RANDDIJK;1
VAARDEBUREN;1
"HEESWIJKSE KAMPEN; DE NIELT";1
PELINCKBOS-WEST;1
STAD DELDEN;1
Sersooskerkseweg 14;1
PIETJES/DIRK KOOYEN;1
WAMBACH;1
Hengstheuvel;3
Slibdepot;1
NOORD-REGIOCENTRUM;1
Drie Tolhekken 6, De Horn;1
Dubbelmondepark;1
Monsterseweg 113A;1
RIJSENBURGSELAAN;1
BURCHTWEG, KAVEL M20/M21;1
Ter Hooge;1
Kleiwerd;1
ONGENA;7
The Kettle;1
Klein Emiclaer;2
BEUNINGER VELD;1
Heerdstraat 4;3
DIJKVAK I;1
Noordzee Petroleumbol 1 NCP Blok S5 jaarboek2;1
"HUINERVELD; BATO'S ERF";1
KASTEEL OPHEMERT;1
Made-De Ligne;1
HAANWEG;1
GEERLINGS HOFSTEDE;1
SPIERINGERVELD;2
BLANKERTSEWEG;3
"Deelgebied 7: ""Tussen Veenkade en Gagelweg""";1
WITTE POEL;1
Eijgelshoven;1
WISSEKERKSEWEG;1
Ommen-Oost;1
Voormalig AMK-terrein: Park 't Loo;1
Groot Nibbeland;1
WICKENBURGH;1
Geerestein, Waalseweg t.o. nr. 85;1
SCHOTERWEG. KAVEL K62;1
ROVERTSE BERGEN;1
Coenegracht straat;1
HOFAKKER;3
WESTERHEIDE;6
"DE WOERD; ZONNVELDSLAAN";1
Aan de Roermonderweg;1
4E KAMP BOVEN DE WETERING;2
TJAMSWEER;1
HUTTENSE KUIL;1
Streekweg, naast Rabobank;1
Ramspol;1
BOTERBLOEM;1
BERKENALLEE;3
NOORDKERK;1
Baanakkers;1
KLEINE SLUIS;1
WERNHOUT;2
AKERSLOTERBRUG (VINDPLAATS 21);1
Kasteelruine Nijenbeek;1
DE HOOGENBERG;1
PARMENTIERSLAND;2
Maasplein, Waterkwartier, Ulpia Noviomagus;1
MIDDACHTEN;2
ZIENDIJK;1
Sectie 5B De Weed, Wierdijk;1
KASTELEN AKKERS;1
HOOFDSTRAAT 49;2
Dapperweg 4-6;1
Van Uvenweg;1
DIJKSTRAAT 29;1
Doetinchemseweg;3
DE MOUWE;1
HALVENDIJK;1
Groothees 9;1
Petersburg;2
SCHOOLBERG;1
Lage Mierde;1
ORANJESTRAAT;11
WEG VAN ILLIKHOVEN NAAR ROOSTEREN;2
ZUIDELIJK VAN STOKHEM;2
Vijlenerbosch;1
01.106 Markt 63 (boringen zuidzijde);1
BULDERWEG;1
Kamphoeve;1
DE HEINING;1
Wilms' Boo;1
Bij het vliegveld;1
PROMENADE;2
Casteren;1
HEKKUMERWEG;2
BLIEKEBOS;1
400 m. ten N.O. van park Lunsbergen;1
"TURFWEG; MEERVELD; SOLSEWEG";1
WOERD AAN DE KONINGSSTRAAT;1
Klein Sonsbeek;1
"Heereind; Karstraat";1
HAARLER VELD;2
HUIS TE VREELAND;1
MAANDER ZAND;1
GOLDBAARGEN 1;1
KASTEEL VAN EINDHOVEN-RAVENSDONCK;1
LINDELAUF;1
Voormalig AMK-terrein M10415 / CMA37G-046: Zuidbuurtseweg;1
DORPSSTRAAT 54;1
Agropark 2;1
"Zuidlangeweg; voormalig AMK-terrein";1
16.102 AALKEET BUITENPOLDER;1
STAAKWEG;1
KRANENBURGSESTRAAT;1
Rijksweg zuid;1
STEILE BANK;1
Wijk aan Zee 2;1
ENDEPOEL;1
Schandelose Broek;1
Rheezer kampen;1
Victor Zuid;1
HOOGE LOO;3
BOESKOLLEN/AMERDIEPJE;1
KAAPBERGWEG;12
BROEKSEDIJK;30
Parallelweg/'t Straatje;1
VERDRONKEN POLDERTJE I;1
VOORWETERING;64
KROMMELAAN;10
HOFPASSAGE;1
Der Boede/Jacoba van Beijerenweg;1
DIEDEN - DORP;1
HINKELENOORD;1
ST.NICOLAASHOOG;1
OOSTERLAND;8
Hanzelijn, Oude Land;2
VAN COOTHWEG;1
KLOOSTERVEEN;1
"SPEULDERBOSCH; KATTENBERG";1
Het spijk 2a;1
KLEIN HANSSUM;1
HEIBERGWEG;1
"Voormalig AMK-terrein: De Piek; ten ZW van de Ganzenhoek";1
MADEWEG;2
EERSTE POELLAAN - RINGSLOOT;1
"ZANDPOLDER ; GROOTE KEETEN";1
ESTERVELDLAAN;1
VERDRONKEN DORP BOMMENEDE;1
WIJK 12;1
"Keldonkse Weg; Larense Bergen";2
BERKUMMERBROEK;1
"Domineesweg 28; Kavel E23";1
HOMBERG;4
AMERDIEP OOST-BAARVELDWEG;1
GROTE SWORMINK;1
RIETBERGWEG;1
VALTHE;12
ELSWOUTLAAN;1
SITE G;1
WESTERBORKERSTROOM-ZUID;1
POLDER DE HAAR, NEERDUISTERWETERING;1
Westterrein;1
WEDDE;5
Opvangbuffer Loosteeg;1
Bij de Molen;1
SCHIETBAANWEG;1
Raadhuisstraat & Onderstraat;1
HET VELD;5
WOONPLAATS STEENFABRIEK;1
CRUQUIUS II;1
GRAFHORST;1
"Schoterpad; Kavel K53";1
"Palenweg; Kavel E157";1
Deelgebied 5: Leenderhof;1
HUIS VERWOLDE/JONKER EMILELAAN;1
BAHR;1
Etersheim;1
E3 Strand;1
SITE H;1
SPITSBROUCK;2
"Oud-Ehrenstein; Ehrensteyn";1
VISSERHOEK;1
"Brink; Assenstraat";1
ECKART 1;1
OSSEWEG;1
KAPELIERPUT;2
TRAJANUSPLEIN;3
SEISPARK;1
POLDER DE HOOGE WEERE;1
Pastorie;1
ANREPERDIEP-OOST;3
KLOOSTER CLAERENBERCH;1
ZEEDIJK TEN WESTEN VAN NAUERNA;1
Aan de Eikenstruik;1
LANDSCHAPSELEMENT N;1
Voormalig AMK-terrein M13236;1
De West;1
GEESTBRUGWEG;1
"Hopweg; Kavel M133-I";1
PUNT VAN REIDE;1
HANKENBERG;2
KASTEELTERREIN HUIS TE RIVIERE;1
BURCHTSTRAAT;4
PYRAMIDE;1
Laagraven;3
LOONSE HOEK;2
Maarssen Oostwaard;1
KAVEL J77/J78;1
LICHTENVOORDE;1
AETSVELD;1
PLANKEN WAMBUISWEG;2
BEUKENLAAN;3
Bossestraat;1
DE MERSKEN;1
Lodijksche Gat;1
KWEKERIJ WELGELEGEN;1
GROOT BAEL;1
Langstraat, kapelstraat, voormalig AMK-terrein;1
RING;2
HUPSELSE ES;1
"KROONWERK COEHOORN; MAAS";1
BLEIJENBEEK;4
SLOT ZAEMSLACH;1
LAGE BARAKKEN;1
Vlietwijk;1
KIKKERTSVEEN-NIJLANDER ESCH;3
MAASTRICHTERWEG;4
DE BALIJE;3
DUIFPOLDER 08;1
ERVE GROOT GIFFEL;1
09.002 Van Beethovensingel 35;1
Herweg (perceel 05);1
ERVE BEERNINK;4
Laan op Zuid;1
Spijkse Kweldijk;1
Wissekerke;1
Lange pad;1
DRIE MORGEN;7
DOMPLEIN;4
Laat 205;1
RINGELPOEL;1
Boekhorststraat 77-83;1
ZANDVANG;2
HARLES;1
GOYERDIJK 2;1
HUIS TE WIEL;1
GANZENMARKT / STADHUIS;1
D 12 - KAMPAKKERS;1
DRIEHOEK WEGEN EN DE DOORSLAG;1
Bodenterrein;1
POELPOLDER;2
HET PISSUM;3
Klein Zwitserland;2
P.J. Jongstraat 13;1
BATEN;1
Breedenweg;1
"OUDE ASSELSE WEG; HOOG BUURLOSE WEG";6
WESTERHEIDE WEST;2
Schoolstraat 4;1
"SPRIELDERBOSCH; PRINSENBERG";1
Galderse Meren;1
TEN NOORDEN VAN ERICHEMSEWEG;1
Hartreize;1
"Kamperveen; Hogeweg";1
06.006 Jacoba van Beijerenlaan 17;1
HOLST;16
Langstraat 97-99;1
"KAST.V.STEVENSWEERT; SINGELSTRAAT W.";1
Poelenburgplantsoen;1
LOCATIE DORPSTRAAT/VEENKADE;17
ANNERTOL HEUVEL /III/;1
Plangebied Haarzicht;1
HOOGE HEES;2
POLDER WESTERKOGGE;1
NIEUWE SLAG;1
BORGERSWOLD;1
Voldijk;1
De Horde;1
Erve Reube / Geerdinkenk;1
RANDWIJK - DORP;1
Lange Bunders en Slangenwijk;1
WESSINGHUIZEN;5
BADHUISSTRAAT;2
Van Boetzelaerlaan 3;1
GRUYTERSMA STINS;1
VELD BIJ OOSTERVOORT 1;1
Vogelsven;5
WAAIENSTEINKOLK;1
WILHELMINA HOEVE;1
KATJE;3
WEVERSTRAAT;3
HEURINGVEEN-WEST;2
WESTEINDE VLIETWEER;1
OUDE VEER-HOEVE DE WAARD;2
CASTRICUMMERPOLDER;2
ERVE JONKMAN;1
SPOORPAD;1
VOORMALIG HUIS SCHOONBROEK;1
St. Josephstraat;1
Eikenlaan;1
OUDE WACHT 2;1
Mesdaglaan- Franshalslaan;1
STOKT;1
KROM 'T 9;1
kavel G41 en G42;1
DE ALMANAKSLAAN;2
GOOISE WEG, KAVEL NZ103;1
STATION HOFPLEIN;1
Beverwaard Tramremise;3
SLINGERPAD;1
OFFINGAWIERSTERVAART;1
OUDE LOZERLAAN;1
G1-NOORDLAARDER ES-ZUIDLAARDER WEG;1
Polder Valburg;1
DE BEK;1
"Galgenberg; voormalig AMK-terrein";2
Noorderelsweg;1
Deelgbied de Druppels;1
Wageningsestraat;3
Stokweg;5
Bierumermaar en Groote Heekte;1
Drentse Mondenweg;1
Voormalig AMK-terrein M9470 / CMA37E-079: Overgauwse Weg;1
Den Breejen;2
RIEZEWEG;1
BEUNINGERHOF;9
MELKSTRAATJE;2
Voorsterveld @;1
VASSERWEG 39;1
Krayenhofflaan 32a;1
Amerdiep;12
Hoge Giessen;2
OUDHOF/BREKKEN;1
GEIJSTERENDER HEIDE;1
"BOESCHOTEN ; LAGE BOESCHOTERWEG";2
OISTERWIJK;1
Jan Wierengaweg;1
Elsterberg/Galgenberg, Voormalig AMK-terrein;1
BOVENBLOK;11
Paardenmarkt 1;2
Maas Koninginnebrug jaarboek1;1
ZWARTEBERG;16
VALTHERBOS;4
DIJK;7
Rietbeemd;1
As-Kanaaleiland/Niels Stensencollege;1
WIEKEN;1
ZELSTWEG;2
ERVE BEKKINK;1
Rijsbruggerweg, Rietsloot;1
B6;1
HEUVELINGENSLOOT;1
OEKEN;1
VITRITETERREIN;1
Clarissenklooster;1
Passewaay;1
Hunebed op de es van Eext, Kerk van Eext;1
TERWINSELEN;2
Achterstraat;3
Keltenwoud;1
STATIONSPLEIN (BOUWPUT);1
"Westermeerdijk; Kavel D2";1
"ASSELSE STRAAT ; SPORTPARK ORDERBOS";4
Vaarweg Eemshaven Noordzee;1
MAANDERBUURTWEG;3
VELDZICHT;8
veld achter Gereformeerd kerkje aan Doctor Nuijenstraat;1
Het Slotje;1
KERKE LAITJE;1
01.051 Korte Hoogstraat;1
HUNEBED G5;1
Tuinstraat;2
Hoogewaard 5;1
BOOLTINK;1
LEEMHORN 7;1
Derde Walstraat;2
"POLDER ZUIDLAND; DWARSWEG";1
PRINSENHOF 1 (RAADSZAAL);1
VOORMALIG ST.ANTONIUSKLOOSTER;1
Oastkern;1
St. Jozefschool;2
DE DRIESPRONG;1
Heilaarstraat;2
De Borchert;2
EIMERSWEG;2
Leiding De Tibben;1
BOSCHHUIZER BERGEN;1
Irispark;1
Koetenisseweg;2
KULVERHEIDE;2
Archeologische zone 8, Oostvlietpolder;1
't slot;1
Marrumerweg;1
Provincialeweg 11;1
KASTEEL SOUBURCH;1
POLDER TRIEMEN;1
WEG LAAGHALERVEEN-TT CIRCUIT;1
OUDE BROEK;2
GALGWANDENVEEN III;1
PRINS HENDRIKWEG, DE DONKER STEEG;1
RIJSWIJK;1
Slotje ter Aalst;1
"LAGE VELD ; GROOT ZEILMEER";1
21.30 DORPPOLDER;1
HOGENKAMP;3
POMPSTATION-OOST;1
NH LAURENTIUSKERK;1
BORCHGRAVEN;1
Malderburchtstraat, Circusterrein;1
NOORDWESTHOEK KASTEELTUINEN AMERONGEN;1
MENSINGHE;2
TURFHEI;51
EIJSERHOF;1
Brunssummerstraat 23;1
ZWARTEKAMP;2
VOORM. HOTEL LUBBIE;1
ONZE LIEVE VROUWESTEEG 6;1
Medel-Rotonde;2
Sportpark Strijland;1
Harmelen Parallelstructuur;1
MEERSSENERHEIDE;1
De rustende Jager;1
DE GOORKENS;1
FORT DEN HAAK;1
Overveerpolder;2
Geertesteeg;1
Kerkplein kabeltrace;1
Hartreize II fase 3;1
"HOTEL KISSELS; NEERSTRAAT";1
REIGELSBROEK;1
Grote Dorshees;1
Zuidwending Caverne A7;1
Putstraat;6
KATTENBERG;7
Kennemerstraatweg 20 Shellpomp;1
WILHELMINAPARK;3
AL3Z6-Groene Kadeweg;1
Teisterbandstraat;2
Oude Zwethpad, Hoekpolder - Sion;1
"Locatie 8 ""'t Hofke/Raayen""";1
Valkenburgstraat;1
LANGE HEIDE;2
Terrein Nedac-Sorbo;1
VOORSTRAAT;7
Ekkersrijt 4086;1
KERSENBOOGERD;1
"HERNEN ; DE LOFFERT I";1
"Kasteel Stroobol; d'oude Stroetbolle";1
Zaarderkamp;2
BREDE STRAAT;6
RUSTENBURG;3
HOFJE VAN VAN AERDEN;1
Berghum;1
LOO ESCH;1
Fogelsanghstate;1
De Kuil;1
KLING/RODE BEEK;2
Postelsche Weijer;1
DE REUVER;1
Kasteel De Brouwmeer;1
Perceel 507, Kijlsterweg;1
Hofmeiersblok;1
N34, hunebedden bij Drouwen;1
ISEWEG;1
FRANCKENHOF;2
Vrouwebosch / De Rollen;1
Neerpolderseweg;1
Gertrudisoord;1
MEGENSCHE HAM;2
DE BURGGRACHT;2
STEENSTRAAT BIJ GEUSELTERBROEK;1
Venkelstraat / St. Catharijnehof;1
KAALHEIDE - KRICHELBERG;3
Ulikerschans;1
Drouwenerveld;2
VERDRONKEN LAND VAN ZUID-BEVELAND;3
Vlieland Westerveld 3;1
Nedereindseweg/Ringkade;1
DE LANGE GOOREN;3
KASTEEL DUURSTEDE;5
KOEWIJZEND;1
LEEMHORN 4;1
NOORDHOEVE;1
KAPPERT;22
Hout;1
MAARSSERBRUG;1
BIJ DE RIETHORST;1
KERKWEG (VOORHEEN MOLENWEG);1
"Emelissedijk; Oostende";2
DE PAAL;3
KRAGGENBURGERWEG, KAVEL T62;1
Middelweg;9
LARENSE BERGEN;1
"OVEREIND 1; voormalig AMK-terrein";1
KERKPOLDER-GOLFTERREIN-SITE 3.01;1
KERKEINDSCHE HEIDE;1
TIEKEVEEN;1
"Berg en Dalweg; Voormailg AMK-terrein";3
MIDDELAKKERS;1
Veldweg (ong.) te Hedel;1
Kortestraat;1
Trichterpadje;1
wijk 2 63;1
Brand;1
BRAAMBERG-KOOTWIJK SITE 7;1
BEST;1
STIPPELBERG;1
HET RAKENS;1
"MESTBRUG ; AA; KETELWIEL";1
Vroedschapsstraat;1
Weusteweg;1
SCHEPERSHUT;1
"HIEN ; DE WUURDJES";1
DE WOERDT;8
RIJSBRUGGERWETERING;2
LUITEKAMP;5
De Vorst;1
Dorpsstraat 7;1
Blessebrug;1
BOVENEINS ZZ.23;1
Meinersweg;3
ZUURSCHE LANDEN;2
MIDWOLDA;3
SECTIE M;1
WEGSE WATERING;1
MENNENWEG-OOST;1
UITKAMP 1;1
RANDWEG-NOORD;1
EREBEGRAAFPLAATS;2
Waldwei;1
BULLENWOID;7
KOOTWIJKSCHE VELD;13
Twiska;1
Medisch Kwartier;2
De Borkeld;3
POLDER BLOEMENDAAL;2
Poasen;1
"WIJDVELDHOF; WITVELDWEG";1
STINS TE VOORST;1
dorpsterp;4
GORSBEEK;1
Het Vagevuur;2
NOORDZEE EUROGEUL 13 NCP BLOK R3;1
SLEENERZAND;1
Arnhemsestraat;1
KLINKMOLENBRUG-WEST;1
Doesburgerheide/Barteweg;1
GASTHUISVEST - KAMPERVEST;1
Trekweg;1
EMMENOMGEVING;1
OMLOOP TUSSEN RIJKSWEG EN HOGEWEG;1
KORTFOORT;1
WAALDAM;2
Erphoevenweg;7
VELD BIJ OOSTERVOORT 2;1
"DWARSGRAAFWEG; LUTTIKHUIZEN";1
DAMMERSCHEIDT;1
't Ruige Hoekje;1
Herenstraat 52-54;1
BLAUW-BLAUW;1
NORMERDIJK;1
D6A;1
HOUTSESTRAAT;1
KETELWEG, KAVEL N26/N27;1
KAPELLE POLLE;2
D40-VALTHERBOS;2
landgoed 'de Tangh', Oranjerie;1
HUNEBED G3;1
"11.22 DUIFPOLDER; DUIFWETERING";1
HURWENENSCHE UITERWAARDEN;2
MONNIKENHOF;2
Martinetsingel;1
Kavel F21;1
TEN WESTEN VAN KLEIN ZIELHORST;1
NORGERVAART 10;1
SPOORWEG / TONGERLOSEWEG;2
Nieuwe Offemweg;1
Vresselse Akkers;2
Lutkenieuwstraat (Het Tehuis);1
grootvenweg;1
Plangebied Plein 38-40;1
BERKENHORST;1
Kaldenbroek;1
16.30 AALKEET BUITENPOLDER;1
Voorstreven;1
2e Kruisweg, Plaetsewerf;1
MISSIEHUIS;1
MAASVLAKTE EUROPAHAVEN 1;1
Brouwerijstraat;2
GASFABRIEK;5
MIDDENWEG-ZUID;1
LIEFTINK;2
ARKERWEG;4
(GROENE WEG);1
WINTELRE VEN;2
Elst, pannenkoekenhuis, grafheuvel (gem. Utrechtse Heuvelrug);2
"Straelseweg; Wieland";1
Achterbos 24;2
LAGE GIESSEN;5
LANDELAAN 20;1
KAMPHUIZEN;1
KRUISDONK;1
MEDEMBLIK 2;1
BOERDERIJ ONGENA;1
REGULIERENSTRAAT;1
DINTHER;2
BENEDENSTAD;1
Domplein 5;1
Theerestraat 105;2
Van Heeckerenseweg;1
LEIJKANT;1
NOORDERLAAN;4
Wedder- en Hoorndermeden;1
DELFTSE JAAGPAD/VLIETPOORT;1
KEUTELBERG;1
Dorpsterp Wommels;1
Stroeerkoogweg;1
DE IERTE;1
GROENWEG/BROEKWEG;1
GENENBERG;3
Turfstraat;1
De Nettelhorst;1
ROSSINGWAL;3
HSL inpassingszone 10B;1
OUDE KRAAIJERTPOLDER;1
TOUWSLAGERSBAAN;2
HET KERKHOF;2
ZUIDVEENSEDIJK-ZUID;1
Hoek-locatie 4;1
OPIJNEN;6
Emaus, Molenzicht en Voorstraat;1
EMMEN;15
VEELERSCHEIDING;1
STEIN;2
ZUNA HOOILANDEN;1
RODENRIJS;2
schans;2
De Kastieltsjes 2;1
Proostenhuis;1
HEIHOF;3
Solingerhof;1
ZUIDER POLDER;1
A2-PAUSBAAN-SITE GELDROP 3-1;1
rand dorpsterp;1
Koningsstraat;1
WIJNARDENWEG;6
BOSHOVEN;2
Borgercompagnie -Zuidwest;1
"Sengerswei; Gemeentehuis";1
BENSCHOPPER POORT,VM. NICOLAASSCHOOL;1
ZUILENSTEINSE BOSCH;1
Oud-Stavenisse;1
HORNIXVELDWEG;1
Binderseind - Zuideinde;1
klein hersel;1
HERENWEG 1;1
KLEIWEG, KAVEL O38;1
Houtgraven;1
LOO AAN DE BREDESTEEG;1
HUIS MENSINCK OF BEVERVOORDE;1
Hart voor Maasbree;1
"HEINISDIJK; HENNESTDIJK";1
Zalzerskampweg;2
DE GRUBBE / BANHOLTERGRUBBE;1
SONDERWIJKSE KAMPEN;3
VEENRUSTWEG;1
VEERSE VEN;2
JANSBINNENSINGEL;1
BURCHTBOS, KAVEL L58;1
01.122 paterstraat 3 kloosterkerk (AAP);1
De Marke;1
Vogelshof;2
Pannenhoef;1
HUIS ARNICHEM;1
DELWIJNEN;1
Strubben;3
Roggelseweg;1
Scharenburg;2
Ketsegengske - Wevershuisjes;1
VILTSE GRAAF;2
"Middelsgraaf; Het Root";3
GROLLERHOLT;1
2DE TIEFLAARSTRAAT;1
KAVEL B227;1
Soesterpolders;1
DE HEEST;1
HOOIWEG;8
stadswegske;1
WIJKSE STEEG;1
HOGESTRAAT;1
SMEEPOORTSTRAAT;1
TREKWEG;6
DORPSSTRAAT GRINDWEG;1
HET HEITJE;1
"Haverlanden; Binnenveld";1
Elmpterweg;1
PEELSE HEIDE;2
KAMPEREILAND;1
HEMELBEEK;1
Charlotteoord;1
"Kamerlingh Onnes laboratorium ; Steenschuur";1
Olipantspad;2
Vliedberg 35;1
CATHALIJNE;1
Dorpsstraat 75-77;1
DROUWENER ES;1
Keizershoek;1
wijk 4-46;1
Heierhof;1
Gaasstraat;1
RIJPERWEG-WIJZENDWEG;1
DE HAANDRIK;3
BOSCHDIJKTUNNEL;1
Zesstedenweg;2
KASTEEL HEESWIJK;3
Simonsplein;1
OP DEN BUIS;1
KASTEEL SPRAELAND, SPRAELANT;1
ZANDMEERSBOSJE-I(SM)-PELINCKWEG;3
Covikseweg;2
Waterweg;1
HEIDE-ROERSTREEK;1
HOGE BOEKEL;1
Stoutenburgerlaan;1
WRAKKENWEG, RUTTENSE WEG, KAVEL B36;1
KRUISPUNT BIJ R.K. KERK;1
OUD EMMELOORDERWEG, KAVELS P13/P14;1
DE TANGH, voormalig AMK-terrein;1
Oegstgeesterkanaal (zuidkant);1
DE BLAUWE KAMER;1
DE KERKENHOF;2
SEEKENDAALWEG;1
VISSERSDIJK WIEDESTEIGER;1
"LITH-DORP; HEREN ENG";1
"TIELEBEEK; DE DIEPEN";4
DORPPOLDER 07;1
Raadhuistraat;1
BURGZAND NOORD 13;1
DE SCHOUDERMANTEL;6
"Stadswal ; Walstraat";1
BOLWATERSTRAAT/MGR. NOLENSPLEIN;1
Kerkstraat, Nicolaaskerk;1
Lopikerweg Oost 89;1
Dorpsstraat 731;1
Boscheind;1
Vels;1
ZWARTVEN;2
GOUDIEVENBOOM;2
WAARDPOLDER;14
BOSCH- EN GASTHUISPOLDER;1
POEL DE;1
KLAARKAMP;2
GROENE WIERDE;1
DROSTENWEG;1
N.H.-KERK;2
Kerkstraat 16 en 18;1
SLOOT NAAST RIJKSWEG;1
KAVEL D465;1
Noordzee IJgeul NCP Blok P11 2;1
OEBLE-OM-WEI;2
ONNA;1
Leugemorsweg;1
Laan van Maarschalkerweerd en Weg tot de Wetenschap;1
DOEPPELBERG;1
"Oudebosweg; Kavel O29";1
WILSUM;3
Winkelcentrum Midas;1
Brederodelaan;1
HOUWENBERG;2
DR. A.E. REMOUCHAMPSSTRAAT;1
"Prof. Brandsmaweg; Kavel E87";1
IRENESTRAAT;4
URKERVAART, KAVEL H102;1
De Heikant 10a;1
Roijendijk (De Hoeven);1
Cleijn Duin;1
NOORD-DEURNINGE;1
BRUANE;2
Dorpsweg 51;1
Polder Vuylcop, Schalkwijkse Wetering. Kaaidijk, Voormalig AMK-terrein;1
MAURITSFORT;1
"13.01 BROEKPOLDER; BOONERVLIET; GOLF";1
VOORMALIGE LINIE VAN DEN HOUT;1
VEERWEG WEST;1
Hoofdstraat 110;1
STEVENSHOFJESPOLDER;3
BUITENWEG;2
Papiermolen de IJver;1
EMELANGEN;2
LINNE-MORTEL;1
VOORTHUIZERWEG;1
PARK ARENTSBURGH-HOEKENBURGH;1
KELPENDER HEIDE;3
Sarsven;4
Velseweg 2;1
OP DE KEMPEN;1
DE ERF;1
Leemkolk, Sprokkelenburg, Voormalig AMK-terrein 12139;1
Milaanstraat;1
GROOTE DIEP-IJSBAAN;1
VERDRIET;1
POLDER ACHTHOVEN / RUIGEKADE;1
ACHTER HET BAKHUYS;1
BARGER-OOSTERVELDNOORDELIJK;1
Akker,Haanwijk-Venstraat;1
MIDDELZAND;2
locatie 3;1
Poeldijk;1
BELT;1
werftseweg vierde bergboezem;1
Klein Koemeer;1
RAMSWEG, KAVEL P69;1
"BOESCHOTEN; LAGE BOESCHOTERWEG";1
C.H. LETSCHERTWEG;1
LEY;1
Bolwerk Holland;1
VAASSEN;1
EKSTERNEST;1
KANAALHOEVE;1
"VEERKAMPEN ; TORENSTRAAT";2
OBBENKOTTERMEIEN;1
Kamperhoekweg;1
Romeins Marskamp;1
Kavel D93;1
ERVE HILHORST;1
HAZENDYCK;1
WINTERDIJK 16;1
KAVEL R11;1
Bronkweg;1
"Toren van Bourgondie; Het Klein Pasfort";1
COORD.ADM.PLAATSING !;1
KNIJPSTUKKEN;6
"Eenselaar; beekdal Goorloop";1
MEPPELERDIEP;4
MAARHEZERHUTTENDIJK;1
STERFLATS;1
DE HEUVELKAMP (ONDER BRUCHEM);1
Eiteren, Kapel;1
"Stemcomplex; Kasteel van Breda";1
SLIMME WETERING;1
Arumerweg;1
"Schollevaarweg; Kavel M41";1
VRIESE WEG;1
Ballooerveld, Smalbroeken;1
D.E.L.M.;2
ELLESTRAAT;1
Uilker, voormalig AMK-terrein;1
GOUWEVEERPOLDER;1
Kniphoek, Archeologieparkje;1
Uiterwaarden;2
MAARTENSHOF GROTESTRAAT;1
BERGEIJK;1
Voormalig AMK-terrein M12901: Oosteind 38, 40;1
LITSVOORT;3
DORPSPLEIN;2
DE EEKTE, KELVINSTRAAT;1
WAALSE WEG 2;1
RBP 020;1
MUNNIKKENPOLDER;2
ZUIDERZEE, URK;1
Oude Schans;1
KOOTWIJKSE VELD;4
nuon locatie;1
Oostering- Hoogeveenseweg;1
BLEKERSERF;2
PANNERDEN;2
GROENMARKT;2
SPEULDERBOS;1
KLENKERWEG-NOORD;1
Singel 81;1
Sportpark Zuilen;2
Prins Mauritslaan;1
HET MUSELAND;1
(JAAG)OPPERSVELD;1
EILAND VAN MAURIK;4
SCHADEWIJK/DE VOORST;1
BRUINE HOOPSWEG;1
DE ORDEL;1
ANNADAALDERWEG;8
DORPSTRAAT;10
Damplein 26;1
Plangebied Marathonweg;3
LOZERLAAN;8
HUIS BOEKESTEIN 05;1
RHEEZE;5
De Grieten;1
Binderseind;3
SCHARENHULSE DIJK-WEST;1
OUDE WEIDEN NOORD;1
"SPRIELDERBOSCH ; SOLSCHE GAT";3
DAARLERVEEN;2
Bosweg - rioolbegeleiding;1
BALLOER ESCH-WEST;2
De Hartelhoeve;2
HAAGWEG;1
Valkenbosch kade;1
San Francesco;1
ENKHOUT;1
KOOIBERG;1
BEMELEN;1
DREMPT;4
KLEINE ESCH;3
Oude Koningstraat;1
BUURKERK;1
Vlietlaan;1
BBL-gronden Boven Slinge;1
"RUSTHOEVE; KNEESWEG/ NOORDWESTERDIJK";1
LANGS DE GROENEWEG 17;1
DAASDONK;2
Lupinenstraat;1
Fluezen 1;1
Barbestein;1
HET LOO;7
Kerkbuurt 22;1
KOEMADEN;1
01.114 Havenstraat (bodemsanering);1
De Werf;5
WINTERDIJK 22;1
MOLENBUURT;11
KLEEFSE HOEK;1
Achterom 42-44;1
DE BEEMD;4
WEZEWEG;1
HULSHOLSTER ZAND;1
AMELTERBOSCH-ZUID;1
Oude Waalsdorperweg 63, Nieuwbouw fysisch laboratorium TNO;1
De Zuidpolder;1
MUITERT , TERREIN FIRMA G. NOOR;1
Vliegende Vennen Noord-Oost;1
DE WAARD;1
Koolhoven-West;1
Dalmeden;1
sportveld WSV '30;1
Wielewaal;1
SCHAAR VAN OUDEN DOEL;1
LANGE BEIJERD;1
Harmenjansweg 21;1
SWIER-KICKENWEG;1
HOOGWOUD (VINDPLAATS 38);1
HOGE EINDERWEG;6
Kloosterweg;4
Voorstraat/ Boterstraat;1
"Aarlesche Heide; Oirschotse Heide";1
"Boslandweg ; Laarsenberg";1
"Voormalig AMK-terrein: Polder het Westmaas-Nieuwland; Berkenstee";1
GEUL VAN DE BANJAARD 1 NCP BLOK S5;1
SCHOPKKERRINGWEG, KAVEL P23;1
VINCENTSTRAAT 54 E.O.;1
Maaseikerweg 177;1
't Pleintje;1
Bergwei 3;1
Achterbergstraat;1
GEENERHOF;1
DE OPSLAG;2
"HEIVELDSEWEG; DE VILT";2
ODIJKERWEG;2
WILLEM II STRAAT;1
BELVEDERE (SITE E);1
KLOOSTERBOS;1
GRAVENMOER;3
MEIDOORNLAAN-DE ESCH;1
DE OLDE PLAK;1
DE BIEUW;5
ST. JANSTRAAT 8;1
BRUNSSUMERHEIDE;1
OOST VLISTERDIJK 13;1
LANGE KAMP;2
PAPENDRECHT;1
HEES;4
Huis Zuylen;1
KERKHOF ST.PETRUS BANDEN;1
ELSEVIER;4
Liduinaterrein;1
UNIKENKERKHOF;1
Obricht;1
Wilde Veen;1
WORSTSLOOT;1
LAGEWEG;4
06.167 Broekpolderpad Scouting;1
GYMNASIUM I.C. PATERS O.F.M.;1
DE RIEZE IV;1
ZOOMWEG;1
"ROODE BEEK; VLOEDGRAAF";1
RAVENSBOSCH;3
HOLENBERGSEWEG;3
"Vliegtuiweg; Kavel O28";1
Vijfhorderd-In-Beoosten-Eedepolder;1
groot welsden;3
"DE TERP; KIKKERT'S TERP";1
VERFAILLEWEG;1
CAT0-VAART;1
GASTHUISKAPEL;1
Campanulastraat 6;1
DE WILDERT;2
't Armeshof;1
DE WAARBEEK;1
PRINSENDIJK;3
Molenkampsweg;1
HOOGSTRAAT III ('T SANT);1
TEXEL PAAL 17;1
"Bergweg ; Mimosalaan";1
OOSTERHESSELSEWEG 6;1
Oude Broekdijk;1
NIEUWEWEG 6;1
SALINGSBOUWING;2
BREEDSTRAAT 38 (OF 28 ?);1
Hoofschestraat;2
GEEST;2
DRIEL NOORDOOST VAN KERK;1
IMSTENRADE KREMATORIUM;1
Aalsterhut;4
deelgebied 4 hoeker beemden;1
BEIUMERWEG 1;1
GASTEREN;1
De Wal te Archen;1
LIEMERIGE WEI;1
ROSVELD;1
De Wildeman, vindplaats A t/m E;1
"Zuiderringweg; Kavel Q40";1
BUURTSE BERG, voormalig AMK-terrein;3
De Wijngaert III/ Tempelierstraat;1
LAGE WEI;1
LOONAKKERS;1
HET RUIGE LAND;1
Mannezeesche Watergang;1
STOMMEERKADE;1
NABIJ DONKSHOF;3
VINKELSESTRAAT;1
Bernhardweg;1
KESSELEIK;5
Oosterland;1
01.085 Kuiperstraat 29;1
IJsselmeer Urk 1;1
HOGE HOEVE;1
GROOT HOF;2
HUIS 'T HULZE;1
Schakenbos;1
omgeving Connexxionterrein;1
ROSANDER POLDER;1
ST. BONIFACIUSSCHOOL;1
Aurora;1
Het Goor;2
DUINENBURG;1
Plangebied 5Z5, Almere Hout, locatie Gronddepot;1
"Den Bosch; voormalig AMK-terrein";1
"DROSTEWEG; NIEUWE PRINSENWEG";2
Baarlosestraar 273;1
NOORDZEE NCP BLOK Q2 01;1
NABIJ MEKKELHORST;1
Doctor Hubernoodtstraat 69-75;1
MUSSELSBROEK;1
Walplein 10;1
"DE HORST; HORSTERWEG";1
Kerkeindsche Heide;1
GGZ-terreing, Willibrordstichting;1
't Steenwerk;1
Berg en dalseweg 369;1
HEYTHUYZERBEEK;1
Latijnse School, Kerkplein;1
HERTOG ALBRECHTSTRAAT;1
PLANTSOENSTRAAT;1
COORD. ADM.PLAATSING;1
ASSERSTRAAT 48A;1
LOCHEM-CENTRUM;1
LAARSENBERG;2
"Nauwe Laan; Wjde Laan";1
WOGNUMMERWEID;1
LYCKLEMABOSCH;1
Molenstraat 30;1
Op Seesem;1
PAARDENVAALS;1
PRIKKENOORD;1
Anneburen;1
Ooster-Kemkensbergweg;1
ZUIDEINDE J.J. ALLANSTRAAT;1
SCHEURRAK T24 I;1
WESTWOUD;2
LIJNBAAN;1
sportpark Harga, deelgebied 1;1
DIEPE LENG;1
Wehl Zuid;1
Zuidlaan (Monnet-Nes/Landweg);1
"Voormalig AMK-terrein M10421: Aalkeet-Binnenpolder; Maassluisse Dijk";1
Biezendwarsstraat;1
Berghout;1
ALST;1
MEERLOSCHE HEIDE;18
Kazernekwartier;1
HOOGE TIEFLAAR;7
01.107 Waalstraat 59;1
KLEIN WIERUM;1
KLEEBERG MI;1
Golfbaan de Brakel;1
Kaapse Bosschen voormalig AMK-terrein;1
PESSE;4
RADEWIJKERWEG;1
DE HOOGE WEIDE;1
STUKJES 2;1
NOTARISHUIS;1
VIADUCT DALWAGEN-ZUID;1
KERK;71
KEMKEBOSWEG;4
LANGS DE LEMIGE WEG;1
"Rothenbacherweg; Etsberg";1
NIEUWSTEEG;1
KASTEEL WOERDEN;1
Vlietweg 8;1
Visstraat;1
Gebroek;22
EIKELKAMP;17
Achterom;1
WAALLANDDIJK;1
MOLENPLEIN-RIJKS HBS;1
HOUTRAKPOLDER;1
Fort Pannerden 1;1
GRENSKANTOOR WOLFHAAG;1
Faldenserwei;1
HEUVELAKKERSE PAD;2
Amicitia;4
Susterderbroek;4
Sterrewacht, Zegersteeg, Paterstraatje;1
Oostvoornse Meer 5;1
EVERBEST (SCHOONDONKSE WEG);1
plangebied De Draai;1
Hofwegen 40;1
UITKAMP 2;1
OMG.VALTHERBRUG;3
GREVENBERGSWEG-WEST;1
DIEPENBROEK;3
PRIEMSTRAAT;2
NP23-I;1
OUD-OOTMARSUM;1
DE HOORN;1
VLASAKKERS;13
Prinses Irenestraat 4;1
"KASTEEL BORGHAREN;";1
KITSKENSBERG;4
HUIS KEPPELS;2
MAARLAND-ZUIDZIJDE 39;1
INPASSINGSZONE 8,9,10;2
kruiwerk;1
CONVENTSTRAAT;1
"Hoge Tussenrijten; Lallenberg";1
BEEKSMATEN;3
ZUID HOOFDDIJK;1
DE HOOGT;2
EPEN;2
Hezenesch;1
TEISTERBAN;1
OASE;1
Grevenbicht;1
AA OF DE WEERIJS;1
DE LEEMSLAGEN;1
ROSAKKER;3
Apostelhuis;6
Noordschans;1
"HET LAAR ; HET VAGEVUUR";1
Serviam;1
OUD-ROCKANJE, JUPITERLAAN;1
De Rik;2
"Karekietweg; Kavel U105";1
"DE LANKERD; DE LANTERD";2
NOTSEL;3
Marnixplein 16;1
KOELMOEST;3
"GANSOYEN; BERGSCHE MAAS";1
KLEIN AMERICA;20
Huttensweg;1
Kralingse Zoom;1
OOSTKANTSCHOKLAND KAVEL P34;1
"HOENDERLOSE WEG ; CAESAREA";1
KASTEEL RIJCKHOLT;1
DEN DAM;1
Ganzepoortstraat;1
KAMPSTRAAT;1
"natuurgebied 'Ingendael""";1
Voormalig AMK-terrein M12926: Westeind;1
Azewijk, Brummelhof;1
BAKENBOS;3
RAAMSTEEG 3 - 9;1
Landgoed Staverden;1
Doelwijk;1
"Gemaaltocht; Kavel A59";1
DONETUS;1
KNIPHOEK DE;1
AMBTSWAARD;1
Perceel ten westen van Westermelksloot;2
"Halse Barrier; Essche Stroom";2
MONTFERLAND;1
"Polder Henswoude; Prikwei";2
MUSSELKANAAL;1
WIJSTER AKKER;1
SCHAAPSTREEK-NOORD;1
VAN DEINSESTRAAT;1
"Drietorensweg; Kavel O41";1
D39-ZUIDWEST;1
OOSTERWOLDE;95
DE STEEG;4
OUDE CAMPSPOLDER;3
HOUTHEMERSHUISJE;1
ten westen van Dorpsstraat 308;1
BLEYDESTEIN;1
Epemastate;1
"Lemsterweg; Kavel A90";1
FOGELSANGHSTATE;1
VELSEN;2
DE HELMER;1
Merelweg 24;1
HETEREN-DIJK;1
KEIZER KARELPLEIN;1
De Bedriegertjes;1
DE POSSE;1
roeventerschans;1
VOORMALIG KASTEEL DUKENBURG;1
Kerkbuurt 10 (voorheen: Dorpsweg B 53);1
De Krouwel;1
Meersenerweg;3
"Noordelijk Benedeneind; Jacobabrug; voormalig AMK-terrein";1
POLDERSCHE BLOK;5
Ruijgelaansepolder (vliegveld);3
DEN BURG NH;1
WEG ASSEN-ROLDE ZUID;1
OUDE MIEDE;2
NOBELSTRAAT (RENOVATIE ABN ZIJLSTRAAT);1
NOORDZEE BROUWERSHAVENSE GAT 4 NCP BLOK S06;1
SCHANSTERWEG;1
SOLLEWEG;1
De Geestakkers;1
TRAAY, HEUVEL 2;1
"Voormalig AMK-terrein: Marktveld; Randweg Marine Vliegkamp; Achterweg";1
Het Rond/Slotlaan, 1e en 2e Dorpsstraat, Kersbergenplein/-laan, H. van;1
EIBERGSE WEG;1
IJsselmonde Groeibriljant;1
BARLAGE;1
Winkelcentrum;1
Kapel-Avezaath / Kapel Avezaath;1
"Urkerweg; Kavel D92";1
ZWIGGELTERVELD;2
Allee;1
Agropark II;1
EMMA;3
DE ZILK;4
BENZINE STATION BOP DE BOER;1
Oosterstraat 13-15;1
STRAATVEN;1
Brughofweg;1
HOF TER BRAKE;1
HOEVE ST. JOSEF;1
WAGENBROEK;1
HANZELIJN OUDE LAND;2
Helvoirtsche Broek;2
PADBROEK-KIEVITENVELD;2
Hervormde Kerk, De Meent;1
Boksven;1
DE BULT;6
KATTENHORST DE;1
KIKVAARTSBOSCH;2
"Meeuwenweg; Kavel E48";1
"Marknesserweg; Kavel N30-31";1
GROOTE KERKLAAN;1
herontwikkeling locatie aan de Leidse vaart;2
Dominicaner kerk;1
DOOLLANDSE AKKERS;1
DRIETORENSWEG, KAVEL Q18/Q32;1
ZUIVELPLEIN 22;1
Hoge Kanaalweg;2
DRENTSCHE HOOFDVAART-NOORD;1
ZEEWEG;1
OUD VLOOSWIJK;1
Koningsweg 27 te Garderen;1
ROLDE;3
HOOGE LAND;1
LAVIJBOS;1
"POLDER MIJZEN ; LEET";1
KLOVENIERSBURGWAL 77;1
Vindplaats 4, deelgebied 11;1
FRONTROTSKAMP;1
KOUDENBERGSTRAAT;1
DE DRIE PLASSEN;2
COORD.ADM.PL.126/446:KOM V.BENSCHOP;1
"Zuidwesterringweg; Kavel H49";1
Schinnen;1
Begijnhofwal;1
Kasteel Rijsenburg;1
HAZENWATER;1
Schettens;1
"HOEK OUDE ZWOLSEWEG; STAKENBERGWEG";1
Hoekelum (locatie 9);1
OUDE HEI;1
Muurhuizen nr.185-187;1
Daalderveld;1
SINT-PETRUSKERK;1
KAMPERSHOEK-KLEIN LEUKEN;2
VOORM. FORT ST. ANDRIES;1
Piekbufferbassin Notel;1
MOLENHOEK - OOST;1
MOLLELAND;2
POLDER HEENVLIET;3
st. Jansberg;1
De Molle Weide;1
RIJPERWEG-WANSLOOT;1
WINESTEIN;1
"Meerkoetenweg; Kavel D31";1
HEM;2
Pastoor Castelijnsstraat;1
westergouwe;2
Juckemaleane 2;1
WESTERHEEM;1
KMA;1
Gebroekerstraat, Peutenweg, Groenstraat, Gildelaan;1
Bouwlocatie Enkweg/ Kruisweg;1
OMGEVING WITTESTRAAT;1
"Klein-Mariekerke; voormalig AMK-terrein";2
HEIRWEG 4;1
WEIJENBERG;1
heikantsebaan;1
"Tarweweg; Pompekliniek";1
DREEF;3
ANDELSCHE HOEK;1
MELATENWEG;1
KLINKERS;1
Drogendijk-Stuiverstraat;1
"GROOT DORREGEEST; DIELOFSMEERPOLDER";1
"LAARWEG ; PLATANENWEG";1
ZUIDER KADIJK;1
Soenda;1
Kavel L60 Hopweg;1
"HET LEEN; UPPELSE HOEK";1
Haagsittard;1
Golsteinseweg 6;1
BONAVENTURA-KERK;1
Borchmolendijk;2
HOLTINGE;29
Ceintuurbaan / Middelweg;1
Hugo de Vriesstraat II;1
Torenstraat;4
Holeweg;1
EUROPOORT MAASVLAKTE;1
KRALOO;1
A12;2
ZENDERVELDERVELD;1
MR BERNINKSTRAAT 6;1
KAROLINGERSWEG;1
GIETHMEN;2
Hoge Boeschoterweg;2
VERLOSSERSKERK;1
"KAPELBERG; LANGEWEG; SPIEPOLDER";1
Verlengde Hofdreef;1
Golfcentrum De Batouwe;1
ROLDERVELD;1
Oude Weg;1
Breestraat;1
POTHOOFD;1
VRIESCHELOER VENNEN;1
BOSLUST-NOORD;1
KASTEEL PALMESTEYN;1
BREMENSEWEG;2
VRIJSTRAAT 50,CATTENBERG;1
Steverinkstraat;1
TONCKENSBOS 09;1
KATWIJK BINNEN BIJ DE KERK;1
Brunssummerheide;2
Trilandis voormalig Domeinen terrein;1
ERVE NAVIS;1
NIJLANDSVELD 3;2
Einsteinstraat;2
heiberg;1
Zandvoortseweg;4
Achterstraat 11;1
JULIANA ZIEKENHUIS;1
WILLEMSPOLDER;2
"KAPROENSTRAAT; WITMAKERSTRAAT";1
ZUIDVEEN;2
T SUNTEN;1
Jacob van Ruisdaelstraat;1
Radboudweg;1
LAARSTRAAT 7;1
WEIDEVENNE;18
MARELESCH;9
"Centrum; Kerkplein; Plein 2";1
AAM;9
NIEUW HOF;1
GRASHUT;1
ZUIDERMIDDENWEG, KAVEL H18;3
Gommerij;1
Plangebied Waldijk;1
Heiberg;1
De Velden;4
HOOG WERVELD;1
HOGE DOELEN;1
MULKENSHOEVE;1
Hongerkampseweg;2
HOGE MAASDIJK 11, 13, 15;1
Lentelinksweg;1
WATERSCHAPSHUIS;1
Edeseweg;1
Lemseler Es;2
EDE-WEST/N224;1
"Voormalig AMK-terrein M10374: Polder Veckhoek; Dammenweg";1
Pioenrozentuin;1
GROOT MIDDELVELD;5
Boekhorstweg;1
Polder Oukoop;1
VOORBURG;2
"KONIJNENKOLKEN; KORTE STRUIKEN";1
BAKENBERG;2
Rodenborchweg.;1
HAMBAKENWEG;9
AMERIKALAAN;1
HAM;4
GROOTEWALLERWEG;1
Poort van Noord;2
Krompatte / Oude Deldenseweg;1
KOUSTEENSEDIJK-HUIS VAN BEWARING;1
UTRECHTSE BAAN;7
Breestraat 20;2
BUSCH;1
HAZELBERGSESTRAAT;1
Vierdeimpt;2
In de Looikamp;4
De Lindenhof;2
Sweikhuizen;2
Schuitweg 19/21;1
HULSTERHOF;2
Wulperhorst;1
HUNEBED D 28;1
01.078 Westnieuwland;1
Voormalig AMK-terrein M12898: Oosteind;1
Diessen;2
SLUIS;5
Zuidweg 35;1
Molenbergsteeg;1
NIJMEGEN E.O.;1
LAAN 1914;1
KASTEEL BLANKENA;1
Polderzicht;1
"Kraggenburgerweg; Kavel T35";1
Wakkerendijk 60;1
Plangebied Arbeidstraat/Groeneweg;1
CANNENBURGERWEG;1
Broederenkerkhof;1
Noordzee Ankergebied 3B;1
Engeland;3
DE STOOF;2
VELDSTRAAT;10
hoek Rietdijk / Willemanswe;1
WEST VLISTERDIJK 11;1
Merellaan te Leende;1
TRAPAKKERS;1
BIJ KASTEEL WATERLOO;1
WOLFSHOEKSE HEIDE;1
LANGS ACHTERSTE DIEP;1
Oud-Beijerlandse kreek/Rijksweg A-29;1
ANENBOSCH HOOG SOEREN;1
OUDE ZWOLSE WEG;1
NESDIJK;2
Sengerswei/ Gemeentehuis;1
Chaamseweg;1
Groenewoud;5
09.001 Maassluis Plevierstraat;1
GROOTE VOORST;1
Bergstraat;5
DE OUDE WEIDEN;1
Kolkakkerweg;3
AKERSLOTERBRUG (VINDPLAATS 19);1
"HET HOF; (DE HUISWERF)";1
DIJKWEL;1
Turkaa;2
THIJMSE BERG;1
"SMALSTRAAT ; BIEZENSTRAAT";1
ERNAHOF;1
Lemkes;1
KOOLSTEEG 3 (ACHTERTERR. BURGWAL 29-35);1
STRATUMSEIND - STADSWAL;1
VOORBURCHT KASTEEL AMERONGEN;1
SLEENER STROOMPJE;1
DE BRUIN;2
MOLENVELD;5
RODE WIER;1
NOORD OTTERLO;1
WEVENAKKERS;3
Hofweg, Spui en Kneuterdijk;1
Westenakkers-Veldweg, voormalig AMK-terrein;1
Rensselaerweg 2;1
GROENSTRAAT;10
NIEUW ACHT;1
kavel G36;1
VRIES;3
Bestemmingsplan Zuid;1
VIJVERWEG;1
ELTINK;1
LANGESTRAAT 113 - 117;1
DE HUISPLAAT;1
ZUREPASWEIDEN;1
Sterrenwachtlaan;1
BEJ. TEHUIS AVONDRUST;2
Korte Waarder 60;1
KLAASKINDERKERKE SLOT BRIJDORPE;1
Lange Deimpt;1
PRAEMONSTRATENZER ABDIJ BERNE;1
It Fliet;2
Rottumerweg 17;1
EPSE-WATERDIJK;1
HUISKERMATE;1
ZUIDZIJDE;15
Halvemaanweg 3;1
"spooronderdoorgang Santpoort-Driehuis; Duin- en Kruiderbergweg";1
WELLERONDOM;1
"Voormalig AMK-terrein M10489: Polder Wijngaarden; Provinciale Weg";1
Boomweg;1
ARNESTEIN;1
"SPRIELDERBOSCH; KOEBERGJE";1
WEIZICHT;1
N34-OOST;1
HUMEBULTEN;1
DE VIERHOEK;2
ATTEVELD;2
WEST VLISTERDIJK 46;1
TUIMELSTEENSTRAAT;1
NIEUW RANDE;1
Oliemolenwal 81 / Hof van Arkel;1
OUD RAEFELDAM;1
ACHTER ESCH;1
WILGAKKER/AKKER/KLOOT;1
HEERSTRAAT;10
NIEUWENHOF;5
WAARDER, KROMME KAMP;1
De Koning;3
Ballooerweg, Loonerdiep;1
OOSTERVEDL;1
AKKERS VAN BOL;2
Fietspad Electraweg;3
De Nieuwe Munt;2
Oude Trambaan;1
BIJ HET OUDE VEERHUIS;1
DE PLAASTER;1
ANDRINGASTRAAT;1
HUISDAALSESTRAAT;2
Turfhei;5
WISCH;2
KRAIJELHEIDE;6
Middachtenlaan;1
AALKEET BUITEN 037;1
Weelweg;1
Medel Bredesteeg;1
Maasland, Kerkstraat, Peelland;1
TER EEM;1
"UNITASGEBOUW; KERKSTRAAT / DORPSSTR.";1
NIEUWE ERVEN;2
OOST VLISTERDIJK 38A;1
Kroezelaan;1
HET BLOK;1
'T SMAL;3
Rijksweg 2;1
DONKERE SPAARNE 40/42;1
DE BURG;2
RUSCHEVLIET;1
LAANENDERWEG 28;1
NIJEVELT;1
ROEPAANSTRAAT';1
HORZAK;4
DE mendert;1
RBP 030;1
METTRAY;1
Rockanje Swinshoek;1
Begraafplaats Knottenbeltlaan;1
"Haarderslag; Veldhoekerlanden";1
Bovenste Eind;1
"Vrouwenhuisjesweg; Gemeentewerf";1
N290-Klingestraat;1
Oude Kleefsebaan 103;1
3E KAMP ACHTER KOEBOCHT;1
POLDER OVERWATER;1
Gesticht Heibloem;1
BERKENLAAN (HOEK ESSENLAAN);1
WEG ZWEELOO-DE KLENCKE;1
Park Voorn Duiven;1
HARREPIES;1
GROOTSLAGWEG;2
STEENENBAAK;1
TARWE 7;1
Bachlaan/Julianaweg;1
Dorpsstraat 50, uitbreiding gereformeerde kerk;1
ROOS EN BEEK;1
HOLKERSTRAAT/BRINK;1
Doelenstraat/St.Jorisstraat;1
KEIENWEG;3
ACHTERAMBACHTSEWEG 35;1
"ASSELSCHE BOS ; TRIBUNE";1
NH-KERK;14
Stadion Wageningse Berg;1
"BURCHT; KEVERBERG";2
KRASPOLDER;1
Erve 't Walle;1
PURMEREND-WEST 18;1
Wierde Marsum;1
HEUMESE WEG;1
Voormalig AMK terrein Polder Schellinkhout;1
Abtstraat, Lenculenhof;1
Steehof;2
Ettemastraat 15;1
plangebied de staart, Bergveste/Voorveste;1
Van Hoornestraat;1
WIJKERWOLDWEG;1
FLEDDERS 6;1
LANGBROEKSEWEG;2
BURENSE DIJK;2
Damsterdiep;1
'T ZINKSKE;1
Spinhuissteeg;1
OOSTERHESSELEN;2
Zandhoekweg;1
olieveld Schoonebeek;2
Slegersstraat;2
HOARNESTREEK I;1
Rozendaal;7
"LAMBERTUSKERK; NACHTEGAALLN; KERKSTR";1
Reigelsbroek;21
Selfhelpweg;1
ERVE POORTBOER;1
WILDERVANKSTERDALLEN;1
"Hertenrugweg; Kavel O103";1
KALVERHEMSHEUGT;3
HET BROEK;28
DRIELANDENPUNT;1
POSTWEG;6
HOORNSE BRUG;2
D43-SCHIMMERES;3
KRUISSTRAAT 45;1
Kamperbuitenpoort;1
DE HEG;1
Noordzijde 66;1
BEELAERTSSTRAAT;2
ROESTENBERG;2
ZETTENSCHE VELD-WEST;1
VOORMALIGE ONZE-LIEVE- VROUWEKERK;1
OUDE TOL - ZUIDWEST;1
De Hoogstraat;3
De Bulk;4
Rulselaan;2
Peppelhof;1
PARMETIERSLAND;3
KANAAL ALMELO-HAANDRIK;1
NABIJ PLECHELMUSKERK;1
Stadhuisplein;1
Bangert 61;1
WAALSLUIS;1
Havenlaan Oost;1
ANLO;1
DE WACHTBOER;4
Molenwegje;3
KESSELSE WAARD;1
ZUURBERG;2
Kapelkerk;1
Branderhorststraat;1
Kasteel Ammersoyen;1
Horsten;1
Thijcollege;1
Doove Balg 2;1
Zwaarveld;2
Kenn. singel Singelgarage;1
Aanloop Molengat 4;1
ST. SERVAASKLOOSTER 8;1
KERKLAAN;2
STEENWEG;1
Harskamperengweg;1
RAASCHE MAAT;1
Buorren 8;1
"Majoor Landzaatweg ; Grebbeweg";1
JANSSTRAAT 38 - 42 (JANSKERK - ARCHIEF);1
Herenweg 82;1
Kessel-EIk (Smets);1
Lange Goren;1
HET GROOTSLAG;5
Eemstraat;5
"ESDONK ; HET MORTELKE";1
GOORVEN;2
DORPENWEG / BEATRIXSTRAAT;1
SCHANSWEG, KAVEL L56;2
Espesche Hoeve/Commandeurshoeve;1
Koffiemolen;1
CENTRUM;12
BEEMDSESTRAAT;2
"DE PAS ;  PASSEROT III ( PASSEROT I";1
Lorenzschool, Van Vollenhovenkade 19;1
BRABERS;9
OUDIJK;1
Edisonweg;1
TEEFFELEN;6
DE WEUSTEN;1
De Gouw;1
TERVATENSEWEG;1
"SCHELDELAAN; BORGVLIETSE KREEK";1
"KERKDIJK; KOPPELDIJK/NULANDSE STRAAT";1
ACHTERSTE LANDEN;2
Voormalig AMK-terrein M13623 / CMA28D-A18: Mokkelengoor;1
DELWIJNSE KADE;1
PUITSE DIJK;1
VIERHOUTERBOSCH;4
Vierde Bergboezem;1
RECREATIEOORD BINNENMAAS;1
GOORLOOP;9
Sondelergaast;2
Stoekveld;1
putstraat;1
GROOTE NOORDWOLDER POLDER;2
SCHAPENPOEL;1
BRANDTOREN;4
KERKSTR 55  DE HEI;1
BURGZAND NOORD 5;1
SCHANS;7
Achterdijk (terrein Van Moorsel);1
'T RIET;1
De Schiphorst;2
Loveren;2
BEATRIXLAAN;9
SCHIETBAAN;5
PLANTAGE;1
VOSDAL;1
Buitendijk;1
KEVERBERG;1
OOST VAN BEMELEN;1
Weemstraat;1
OP DE BURG;1
"ROLANDSECK ; HOLLE WEG";2
Bavelse Lei/Wolfslaar;1
Admiraalsplein;1
KLEINE DOMMEL;5
"Golfbaan; Valkenbergweg";1
BIJ KOOI 1;1
POLDERWEG KW 83;1
DE HUTHOF;1
"HET TORENTJE; GROOT POELGEEST";1
PARK HUIS TE WARMOND;2
BENNEVELDERESCH-WEST;1
Umhoek;1
01.034 Markt 2;1
RIJKS KRANKZINNIGENGESTICHT;2
gasleidingtrace nabij Langezwaag;1
ODOORNEVELD;1
Wolfswinkel;1
Schammer;1
Valkenburgerstraat  VAL2;1
ANNA'S HOEVE;1
POLDER VRIESLAND;1
LAUDERMARKE;2
"STAKENBERGWEG; HOOIWEG";1
SASKESLOOT;3
Kavel P88;3
Bergvliet;1
Bolckpad;1
KAVEL D23;2
Kuivezand;1
Spoorlaan;2
IJsselmeer Stavoren 2;1
SPEKSTRAAT;1
Langestraat 73-77;1
GOOIMEERDIJK, KAVEL FZ33;1
Proveniershuis (Rijstraat- Wagenstraat);1
GROTE SIEP;1
Teeffelensche Wetering;1
Ankergebied 4 West wrak 1;1
Recreatiepark Drakenrijk;6
De Traan III;1
VMVK Valkenburg;1
LANGS BEILERVAART;2
SCHAAPVOLTE;1
DE MOTTENKUIL;1
MIDDELIE 3A;1
ERVE SONDEREN;1
BAGGERGAT;2
DE EIKENHOF;4
Boechorst;1
MESSCHENVELD, POLHOOGTEN;4
Doolhof 9;1
Oling- NW;1
HET DORP;1
17.45 AALKEET-BINNENPOLDER;1
WAALDIJK;2
VENRAYSE VELD;3
IJZEREN VELD;2
DE WARANDE (ZWEMBAD);1
Motel 't Groentje;1
HAVEZATHE OOSTERBROEK;1
KLEINE SCHEER;1
KLEIN ZIELHORST;1
03.026 Van Hogendorplaan;1
ENGELSESTRAAT;1
ULINGSHEIDE;2
Kerklaan 27-29;1
ZWARTAKKERS;1
EGMONDERSTRAATWEG;1
Maisakker langs de Graaf Floris v weg;1
SOUBURGH;1
HOOGVELD VINDPLAATS 4;1
MOLENVELDEN;1
CENTRUM/BRINK;1
RAMSDIJK, KAVEL E171/E172;1
Rotonde;1
Knooppunt Ekkersrijt;2
Hoitebuorren;1
Sneek A7 vindplaats 3;1
ALMELO;2
GRATHEMERWEG;1
Heerkampweg;1
VELDSTRAAT/MOLENSTRAAT;2
Klein Westerwijksestraat 18 en 20;1
"Esdonk; voormalig AMK-terrein";1
BURG VAN WOENSEL DREEF;1
D45;1
"BEGRAAFPLAATS; KORTE MATEN";1
Binia;1
OUDE BARNEVELDERWEG;2
"Polder Blokhoven, Overeind; voormalig AMK-terrein";1
locatie 12;1
REUBENBERG;3
Heukelom, Afferden;1
NOORDSE VELD 3;1
Hunzedal;1
Snelweg;1
WILDE VEEN;1
"Langeviele; Achterstraat; Markt";1
BRANDWEERKAZERNE;1
Hunebedden D19/D20;1
"Kaboutersberg; voormalig AMK-terrein";1
Noordzee Bruine Bank 8 NCP Blok P11;1
KLOOSTERLAAN;2
weg Broeksittard;1
ZUIDWESTERRINGWEG, KAVEL H45/H46;1
BOERENVEENSCHE PLASSEN;1
"Centrum; Koppoellaan; voormalig AMK-terrein";1
OOIEVAARSNEST;1
HUIS HET MAKKINK;1
MUNNIKENSTEEG;4
Bleulandweg/Ridder van Catsweg;1
"KLOOSTER AGNETENDAAL; SCHEPELWEIJEN";1
PAPEGATSLOOT;1
WIRDSTERTERP;1
DE KLEF;1
Plein;5
Veerseweg;2
BOSWACHTERIJ SMILDE/BEUZEVEEN;1
Vlotlaan;2
Zuiddijk, zuidelijke dijksloot;1
Land van de zes molens;1
FOCHTELERWEG;1
NORG;1
Evertshuis;2
PLAAT DE;1
Bedrijventerrein Ittervoort;2
Rijnstraat;1
TSJEINTGUM;1
RAMSDIJK, KAVEL E116;2
Altaarweideweg;1
HOOGCASTEREN;5
"Haagse Bogerd; Bergakker";1
HUIZE ANDELST;1
Herstraat (perceel 03);1
Molenweg 7;1
Elands;1
DIJKLICHAAM MERWEDEDIJK;1
Strandweg;2
Berkwerterleane 2;1
ALDENHAAG;5
KONINGSPADE (VINDPLAATS 39);1
KASTEEL DEVELSTEIN;1
AA, BIJ KASTEEL HEESWIJK;3
PEKELBOERG;1
"GEMERTSE DIJK ; COXSE BAAN";1
Houthemerhuisje;1
Eltenseweg 14 te Beek;1
De Hout, Hout nr. 11 (in oude huisnummering);1
Tradeparc Westland Mars;1
Sint Joris;1
OVERVOORDE;1
VOORHOUT;4
KWEKERIJ LEMKES - RIJKSWEG 11;1
Marsdijk;6
HET GROOTE LAAR;1
Oosterpoort;3
ONDERDUIKERSPAD, KAVEL C43/C44;1
Recreatieverdeelweg;1
Voormalig AMK-terrein M12902: Oosteind 37;1
VERSENDAAL;1
GENOUWENHOF;3
St Josephstraat;1
ABTSWOUDSE POLDER-SITE 4.23;1
FIETSPAD KNEGSEL-ZANDOERLE;1
KOPSEWEG;2
Korte Verspronckweg 7-9;1
DUINHOEVE 6;1
"Grotevaartweg; Kavel C3";1
GROOTEBROEK;1
NOLDERVELD;1
WADENOIJEN;2
Looieind;1
SINT-JACOBSPLAATS;2
LANGE WOID, EERSTE LANG;13
Parijssche Weg;1
RINGOVEN;3
Mattelierstraat;1
PAPENVELD;1
FLERINGEN;4
BROEKSTRAAT/STEEGSTRAAT;1
Rijksweg 57, vindplaats 3 Fruitberg;1
HAKEWEG;1
HUIS GEYSTEREN;1
Akerboom/Maaldrift II;1
GASTERSCHE DIEP-OOST;7
Kampenkensweg;1
AALANDEN;1
NONNENSTR;1
Kelbergen;1
TUSSEN HOTTINGAWIER EN TIMERTSMA;1
NOORD-STROE;1
"OUDE INSCHOT 3; HOPPA 3";1
"KERKSTRAAT; JONGENSSCHOOL";1
OOSTHAVENDIJK;1
Elsterberg;1
Hunnenweg 19;1
MEEUWEN;1
ZOMERDIJK BIJ RIOOLWATERINZUIVERING;1
KAPELLAAN;2
TOLBROEKEN;1
ERVE TER MORSCHE;1
BROEKWEG;4
SCHOOLSTRAAT TORENSTRAAT;2
ZUIDBERG BIJ DAARLE;1
Cor Gordijnsingel;2
IN DE WAGENBROEKEN;1
Kampse Straat 2;1
"Kuinderburcht 2; Kavel R77";1
WESTERING;6
HOF TE DIEREN;1
Oude Watertoren (Torenstraat);1
"Zuiderheide; Zeven Bergjes";1
SINT KRUIS;2
Sanering Vecht (Noord-Holland / Utrecht);1
HAMMERDIJK;2
Julianapark;1
Laan van Athlone;1
GRENSKANTOREN;1
Amstenrood -  nabij II;1
Zandvang;1
"Nulderpad; Kavel P33";1
KRAAI'S ES;1
GOOSSEN BUNDER;1
KAPITTEL;4
DE BUNDERS;1
KLAAS ENGELBRECHTSPOLDER;2
HEMELHOEK;1
Soester Eng;2
ZINDERAKKER;1
KRAAIJENEST;1
Amsterdamseweg;1
KOSTVERLOREN POLDER;1
01.055 Kuiperstraat;1
Ravelijn Groningen;1
WEVERSVELD;4
KRALINGERPLD 15;1
ARKERVAART;1
KERKHEUVEL;1
KRUITTOREN;1
ZETTENSE PAD;2
Parkeerplaats Huize de Kamp;1
SCHARREBROEK;1
WEITEMANSLANDEN;1
Wijnstraat 153 Huis Roodenburch;1
Elzenhof;2
BOSSTRAAT / BERKENHOF;1
Lichtenvoorde Flierbeek Fase II;1
HOGEWEIDE;1
Lieve Vrouwe Kerkhof 19;1
NIEUWE GROENMARKT 20;1
WESTELIJK KASTEEL HILLENNEEDT;1
WIPPOLDER;1
SOLLEVELD;1
Woldstraat 68;1
Kapstok;18
WEST PUTTERBOSCH;1
Middelwatering-West / Rozenburcht;1
Borne;1
STRAND SLUFTER-NOORD;1
bedrijventerrein Heeswijk-Dinther Retsel;1
Akker ter hoogte van Westfrisiaweg;1
WITTEVEEN/GELVEEN-TUMULUS I;1
NOORDWEG;3
St. Franciscusschool;1
Bergweg-Noord;1
'T VELNER;1
HANEN;8
HARENSE BROEK;2
Heilige Geeststraat;1
BAKKERSTRAAT 12;1
Kerklaan/Dalwagenseweg/Acacialaan;1
BOERDERIJ HIDDINK;1
"Voormalig AMK-terrein M10461: Polder Krimpen aan de Lek; Sluisvliet";1
RIDDERSTRAAT 5;1
SCHOONEBEEKZUIDWEST;1
DORPSSTRAAT 45;2
Voormalig AMK-terrein M6581/CMA37H-002: Polder Groote- en Kleine Lindt;1
Voormalig AMK-terrein M12906: Noordzijde 8;1
ACHTER WESTEINDE NRS 30-40;1
DE DISSELHOF;1
Oosthoeksedijk/ Dromkreek;1
DE VOORST;4
HAESSELDERVELD WEST;1
Warthuizerstraat;1
"POLDER NEDER OUDLAND; EITERSE STEEG";4
Nobelweg;2
NOORDDIIJK;1
KOOTWIJKERZAND;26
DE MAATEN;2
De bosjes;1
Hanzelijn Nieuwe land;1
Horsland;1
SINT-JANSKERKHOF;1
GINKELSE HEIDE-ZUID-GINKEL;1
Kasteel Heemstede;1
HONDSTRAAT 17;1
LANGERAK;2
Hof van Sint Pieter;1
AALKEET BINNENPOLDER 07;1
Lommerbergen;1
Voormalig AMK-terrein M12921: Peperstraat 44;1
KERK VD H. LAMBERTUS  *);1
Weeshuisplein / Papengas;1
BREEDBROEKEN I;1
FREDERIK VAN DE PALTSHOF;6
Koekjesbedrijf Verduyn;1
Oude Toren;2
BREMERWEG;1
"Kasteel Zegenwerp; Zegenworp";1
Stichtsekant, 1-R;4
BROEDERENPLEIN;2
Hanengewei;2
CANNENBURGHERWEG;1
Vorstengraf;1
Beekveld naast nr. 35;1
ADDERBROEK 1;1
BROUWERSMOEREN / DE MOEREN;1
"Molenbroek; Sportpark";1
OMGEVING KRUDELENDIJK;1
COUDORPE;4
Oost Veluwe, Hoofdstraat, Voormalig AMK-terrein;1
16.90 AALKEET BUITENPOLDER;1
HET KLEINE ROS;1
IJssel Kampen 1;1
SINT-MAARTENSKERK;4
EYVELD;1
D33-VALTHERVELD NW;3
RABOBANK HERENSTRAAT;1
01.30 WOUDSE POLDER;2
Pastoor Vonckenstraat 77;1
genooyerbergen;1
Waarderpolder, locatie Noordkop;1
De Weed;5
ST. BAVO;3
De Kist;1
Scheermansvliet;1
Elderiksche wetering;1
GARAGE;1
VORMTWEG, KAVEL D116;1
Loostraat - Doormanstraat;1
Leerthouwerstraat;1
Uddelerweg/ Staverdenseweg;1
terp bij Wierum;2
AGNIETENBERG;2
Kasteel Spreeuwenburg;1
WOLFERENSCHE PIJP;1
Havenstraat 55-57;1
Havelt;2
Dr. Stassenstraat;1
Poeldijk Westhof;1
Wuustegraaf;1
EIGENBLOK-WEST;2
HOOGEWEG;1
WITSTRAAT, DE 10-18;1
Ontpolderingsgebied Noordwaard en locatie Almonde;1
MUSSEL AA;2
Steltsestraat;3
KREKELBERG;5
WIELINGEN 03;1
ELZEVIER;5
HET BINNEN;7
Bergweg;12
BURCHTLAAN/BRINKWEG/HUIS TE PEIZE;1
PLDR. MIJNSHEERENLAND VAN MOERKERKEN;1
Sportpark De Koepel;1
BOOR-vindplaats 17-136;1
DE DRIEBEEN;1
SCHAAPSSTREEK NOORD;1
Kluisstraat-Project Hermetage;1
WOUDRUSTLAAN-Z;1
Holtum Noord III;2
ST. ANTONIUSVELD;1
Burcht van Kuinre;1
CONCORDIASTRAAT;1
LOONSCHE DUINEN;3
ERVE ESSINK;1
Nuenens Broek;1
BEUNINGSHOF;1
ZONNEWIJNENSEWEG;1
KALTEREN;1
RANSDALERVELD;2
Achter de Konijnenberg manege;3
DELFTPLEIN;1
DE KAAP / DE HEJ;4
"HAPERTSCHE HEIDE ; DE KOLONIES";1
KAWEISE BRUG;1
VAN EWIJKSVAART-OUDE VEER;1
STEENDERT;1
Handelskwekerij Bosscheweg;1
GASTHUISSTRAAT 32 (STADSBIBL.II/DOELEN);1
ST. JANSHEERENHUIS;1
"LEENDERBOS ; STRIJPERPAD";1
HARSKAMPSE ZAND TERREIN F;1
KAVEL P33;1
Boskwei;1
KRAAYENHOLTSEWEG;1
RBP 019;1
Dorpsweg 119;1
Bolwaterstraat;1
ZWANENBURG;7
HOFSTRAAT;2
VOSSERESCH;2
Vosselaan 40;1
17.30 AALKEET BINNENPOLDER;1
"01.067 zomerstraat Zomerstraat ""3""";1
vindplaats 5;1
LEGMEERDIJK;1
Lieve Vrouwestraat 5;1
RAVENSTEIN;2
DEN BIVANCK;1
HOLLANDS DEL;2
De Hootkamp;1
"Zuidelijk benedeneind; benedeneind zuidzijde; voormalig AMK-terrein";3
Cuijksche Steeg;1
OOLDERVELD;2
KRAAYESTEIN;3
Taarloosche Diep;1
Lattropperstraat 43;1
CIOS;2
Voormalig AMK-terrein M2812 / CMA28D-A04: Bovenberg;1
Julianahof;1
"Voormalig AMK-terrein M10443: Dorpsweg; Bloklandse Paal";1
N58 Oostburg-Sluis;6
Vinkenpolder;1
WOONWAGEN WEST (WALENHOEK);1
HET BOSSTIK;1
MARSKE POLDER;1
ZIEJKENHUIS DE WEZENLANDEN;1
STRANDPAAL 28;1
Korte Assenstraat 11;1
01.073 Liesveld;1
DE GERSTKAMP;1
Nassaustraat;1
WESTMEEP II;1
SPORTPARK BURG. VAN DER HOEVEN;2
HEIHOEF;1
DRIEBERG;7
NIEUWEGEIN-GALECOP;1
Harry Weijershof;1
KANAAL BUINEN-SCHOONOORD  OOST;1
BRUMHOLD;4
"RENDIERKLIPPEN; KOEPELWEG";8
"Kasteel Rozengaard; Clutte-leen";1
"KLAARWATERBOSLAAN; SPORTPARK";1
GROOT BENDVELD;1
ESPELERWEG, KAVEL C130;1
LINGEN;3
DE IJZEREN BERG;1
Zuidpolder, locatie molen;1
Voormalig AMK-terrein M9414 / CMA37E-028: Klaas Engelbrechtspolder;1
ROODE WEESHUISSTRAAT;1
SCHEURRAK T24 IV;1
"HAMELENBURG ; GROTE MELM";1
Hert;1
Bieberg;1
EWIJKSE STEEG / HOGE WOERD;1
Bouwsteeg 17;1
HORSESTRAAT;1
TURFSINGEL 17 EN 27;1
PRINS HENDRIKHOEVE;2
LOETWEG;1
HSL-cluster1;1
Voulwames, Emmaus;1
SLOT SCHAGEN/TORENSTRAAT/SLOTPLEIN;1
GROOTE BOEL;1
Hondsberg;1
LORETOKAPEL;6
Diddens en Van Asten - fabrieksterrein;1
Annendaal;2
Schaapsloop;5
"DE WUERDE; WUURDSE STRAAT";1
Heidekampweg;6
De Dom;2
Harich-Noordoost;1
OUDE KERK;6
De Maire;2
GENNEGER BUITENLAND;1
Leidsche Rijn;1
TWELJE;1
WILHELMINABURG;1
"NEDEREINDSESTRAAT ; MAVO-SCHOOL";1
NYSINGHHUIS;3
TONGERENSEWEG;2
Herpen Wilgendaal;1
DOLDERSUMSEVELD;1
LANGESTRAAT/KERKSTRAAT;1
Lagewei-Vrouwenpolder;1
ERVE KLAASKATE;1
PAARDENVELD;1
LOOZERHEIDE / BOSHOVERHEIDE;1
MOSSESCHE ZAND;1
KLOOSTER TER APEL;1
HERVORMDE KERK;3
Deurneseweg;1
JANSHOF;2
HAITSEMA MULIERWEG 22;1
NED. HERV. KERK E.O.;1
HOLTINGERWEG;1
KAVEL O32;1
BOVENVELD;1
Mazenhofstraat 7 te Garderen;1
Schuttershofweg;1
Darthuizerweg, voormalig AMK terrein;1
"TERREIN DE WIT; OOSTERZIJWEG";1
Vathorst IX - benzinbak Calveense weg;1
HAERTELSTEINVELD;4
ST-WILLIBRORDUSBASILIEK;3
Vogelsvaderenweg;1
Koningin Wilhelminalaan;4
Herstraat (perceel 6);1
GIERSTRAAT 29;1
"PROTESTANTSE KERK; MAASJE";1
DE LATHMER;1
St.Agnetenweg;1
Rutsekoven;16
TER APELKANAAL;1
VOLDIJK 21;1
SPREUWELSE HEIDE;3
Rijksweg A27;1
RAAN II;1
Surfplas Boschkens-Bakertand;3
DEN HAM;10
"11.21 DUIFPOLDER; KWAKELWEG";2
SALVATORPLEIN;1
BOBELDIJK;24
Spittaalstraat 81;1
VEERSTER VELDHUIS;1
R.K. KERK VAN DE HEILIGE VITUS;1
Eeuwselseweg;1
DE WERF-VOORMALIGE ROMEINSE TEMPEL;2
Groot Luidum;1
Westdijk;4
KOLDERHOF;9
Vogelzankweg;1
DIAKENSMEER;2
SCHOUWBURGTERREIN;1
MAANDAG;1
Ringweg Oost;1
MAASPOORT;4
ZO VAN BOERDERIJ WIGLEDAM;1
"ABSHOVEN; KLOOSTER;";1
BELTSE BAAN;1
GROTE MARKT 2 (PANDHOF-DOMINIC.KLOOSTER);1
ATSMASTATE;1
LAMMERENBURG;1
Coxsebaan;1
Kraaienestweg/ Veerse Bos;1
DONKERE SPAARNE 50;1
Voormalig AMK-terrein M12922: Peperstraat 48;1
HET KRUIS;1
"HOEK VAN HOLLAND; OBJECT 1";1
DE RONDE;1
GROTESTEEG/WAGENSTRAAT/PAARDESTEEG;1
bolderweg;1
Westkapelseweg;6
Schoolstraat, Tuinbouwstraat en Kromme Elleboog;1
Bunschoterstraat 38;3
Brandwijk-Vuilendam;1
Kavel L28;1
Grintgat;1
NIEUWE WEEM);1
KOUTER;1
Hoogspanningskabel Hoogeveen-Wijster;6
Van Tolstraat;1
INDUSTRIETERREIN DE DRIE EIKEN;1
Bamfordweg;1
DE WAARDEN;2
Schuurkerk;1
HOOG SOERENSE VELD;1
Blauwe Torenstraat;1
STEENFABRIEK DE BRAKE;1
HEULWEG;3
KERKEIND 9;1
AKENSBUURTWEG;3
Koningstraat/Prins Hendrikstraat;1
Achterom1;1
GEESERSTROOM-WEST;1
Lintjesveld;2
Schijfweg-Noord en Ondersteweg.;1
DE HELLENBURG;1
Ferdinand Huycklaan;1
De Heiberg;1
Op de Heuvel;1
Waardstraat;1
"Hoekwantweg; Kavel U34";1
TILBURG;2
AASTRANG 1;1
"CLARISSENKLOOSTER; DEN ENG";1
MAARHEEZERHUTTENDIJK;6
Waal Stiftsche Uiterwaarden Ophemert 2 jaarboek1;1
Steegseweg;1
De Schipborg, De Burgvallen;1
"Gemaalweg; Kavel A23";1
D9-NOORDLOO;1
'T KLUMPKE;1
Duifhuis;1
BEMELERBERG;1
Roeven;1
D28-WEST;1
KRANENPOOL;1
SLAGKAMPWEG;1
ADMINISTRATIEVE PLAATSING;1
BEESEL;12
Uiterwaarden Lek;1
Groenwegh;1
HULKESTIJNSEBOS;1
GENOENHUIS-IJZEREN MAN;2
Diemerpolderweg/Buytenweg;1
"De Hazeldonk; Schoors";1
Herenstraat/Schelpenkade;1
Oudebaan;5
HOOG KEPPEL;2
Torenwal;1
Westenakkers;1
DOESBURGERBUURT;4
KORTE HOEVEN , KERKDIJK;1
"O.L.V.KAPEL/HERVORMDE KERK; VRIJTHOF";1
WINDVLEUGEL 43;1
Posweg 14a;1
GROEVENBEEK;4
TAARLOSE WEG;3
GELEENHOF;1
AALKEET BINNENPOLDER 25;1
VERLENGDE HOFWEG;3
SCHOTKAMP;9
Engelum- Oost;1
"Westerdreef; Kavel B13";1
SCHAAPSKUIL;18
grote kerk;1
AUSTERLITZ;2
BLEUMERWEG;1
OMGEVING OSHAARSEWEG;1
Hoek Bosweg-Bovenweg;1
ZANDVOORT 4;2
Lunterseweg;1
DEN HUL;3
KRONENBERG;1
Kasteelweg;5
HEIDEBAAN;1
Voormalig AMK-terrein M10690 / CMA37B-053: Nieuwe Vaart;1
DE SCHANDELOSCHE HEIDE;1
"Kelmonderveld; voormalig AMK-terrein";1
HAVEZATHE KEMENADE;1
BENEDEN DELWIJNEN NOORD;1
BURGEMEESTER JASLAAN;1
ACHTERDIJK, RIETSLOOT;2
Potterstraat 7;1
MARKTSTRAAT-SCHOOLSTRAAT;1
SUERMONDSWIJK-NOORD;7
KALKHOF;1
HEMMESKOOI;1
FUUS;5
VROUWENTOREN;1
KLEIN-AMERIKA;8
OTTO VAN GELREWEG;1
GRIJPSKERKE LOODKOTSEWEG;1
KAPPERSBOSCH;2
De Schipborg;1
Benedenkerkseweg 143 & 145;1
Filmhuis;1
kempisch bedrijventerrein;1
Haanwijk;2
ABENHOF;3
Reethsestraat 19 te Elst;1
Hoekgraaf/ Ganzekuil;1
ERVE BAAK;1
SINT LAURENS;1
TRIP HOEK SCHALKWIJKSE WETERING;1
ERVE WILDERINK;1
Stepekolk;6
RUINEKERK;4
CARRE KONINGSTRAAT;1
DALENK;4
RIJPICKERWAARD;2
BIJ HANSSENBERG;1
SOEMEER;1
Lanakerveld;2
LORBAAN;4
DE KLEINE KAMPEN;2
Marktplein;2
KASTEEL RODENBURG;1
Spechtlaan;1
Colligny;1
Weegbree;1
Zonnewijzer;3
OOSTERLAND 5;1
kloppeven;1
De Vloed;3
REGULIERSDAM/KALISVAART;1
Zuiderzeestraatweg 28 te Hattemerbroek;1
DE HULLEN;9
Middengebied/Adam van Nuttahof;1
ten westen van Pade en ten noorden van Hogeweg;1
Binnenvergt;1
HOEFSESTRAAT;1
BERNHARDLAAN;1
JULIANASTRAAT/ ST JORISSTRAAT;1
BLOEMENDELLEN;7
D6E;1
T WAAL TIPBLINKEN 1;1
WEZUPER ESCH-WEST;1
Oudeland;2
De Oude Schipbeek;1
De Laren 1M1 en 1M2;1
De Tibben - Engwierum;1
Zielhorst;1
Dodewaard Nachtegaallaan;1
HUIZE ALMELO;1
MOMMERIET;1
Hooghuis;1
SCHARENHULSE DIJK;1
Voorwoud;2
GEERT WILLIGENSPLEIN;1
LANGE BELLINGSTRAAT;2
MANDER ESCH;1
HEMMEN;1
WESTERHOLT;1
ROOMPOT;1
Molenstraat 14;1
ZUIDERVEENSTERWEG;1
"Geldelozepad; Ridderstraat";1
Natuurspeeltuin de Weijver;1
Polder Nieuwland;1
HOFSTEDE/ZORGWIJK;1
KOUTER KERKAKKERS;1
PRINS BERNARDSTRAAT;2
Kerkenpad;1
DE SCHIPBORG;1
Dorpsvaart;1
dijkerstraat;1
Bargemerk;1
VOORSTE OOSTERSCHE MATEN;1
ALPHENSEWEG;1
SCHONE GRUB;3
SCHOKLAND, KAVEL P22;1
UTRECHTSESTRAAT 57;1
MARKERMEER HOORNSCHE HOP 1;1
HONDEVELD;8
LONNEKER ES;1
De Priensenije;1
PERCEEL L 4;1
boschweg;1
STREKKADE;1
OSHAARSE WEG;1
Kerkstraat 3 en 5;2
BERNHARDSTRAAT PRINS;1
POLDER KAAG A/D ZAAN;1
OUDEMOLENSCHE DIEP-NR.3;1
Engelenkampstraat;1
GROTE WOERD;1
Valderveste;3
HERENWEG 242;1
"LOTWEG 12; WILLEMSHOEVE";1
Paleis Soestdijk;1
Veemarktstraat 62-64;1
"Noordelijk Benedeneind; Benedeneind Noordzijde; voormalig AMK-terrein";2
Landgoed Eelink;3
Waterkwartier, de Biezen, Mercuriusstraat;1
Veldsebosweg 4;1
oude vlissingseweg;1
VENLO/BOEKEND-GROOT BOLLER;1
DE HEIDE;1
Geeneind;2
Hoofdstraat/ Van den Endelaan;1
MOLENGRONDEN;1
DEURSEN;3
NADORST/HAARSPLIT;1
GRACHTSTRAAT;1
Gapingsche Wapengang;1
"Noorderdwarspad; Kavel C85";1
ERMELOSE HEIDE, grafheuvel XV;1
KERKBUURT 18;2
LUCHTHAVEN MAASTRICHT;1
Scheveningseweg 62-66;1
BRUGGELEN OF ENGELANDERHOLT;24
TOLSTRAAT;1
TEGELERIJE;2
MAAS CUIJK;1
"KASTEEL HATTERT; DE HATERT";1
Didam Loil;1
BELVAUERWEG;1
(TGW.)SPORTTERREIN;1
VEULENSE WATEREN;2
DE VALOUWE;2
OOSTERSCHE VELD;4
DEN BONSEN HOEK;1
Nijmegen-Oost, Groesbeekseweg;1
Goedereede strand 2;1
"Polder Henswoude; Oude Diep";1
Develweg;1
NOORDELIJK VAN INGBER;1
WATERSTRAAT 1982;1
Parkweg;5
FIVELHORN;1
LOOBEEK-ESAKKER;1
BURGEMEESTER STRAMANWEG;1
MERGELGROEVE KUNRADE;1
KOCKERSEN;15
SCHELKENSBERG;8
LANDSMANWEG;1
OUDE HOFSTEDE;11
Rondweg Koudekerke, vindplaats 10;1
HAMSCHE BOUWING;2
ZUIDELIJKE VASSER;3
WICKENBURGSEWEG;1
Schothorst Noord;1
KAPELSLOOT;1
KATHAGEN;1
OUD-MILLIGEN;1
THISSENHOF;1
BUINEN;2
De Akkerstraat 14;1
Haringweg 29;1
"POLDER PURMERLAND; SPIERINGSLOOT";2
HUIBERGSCHE WEG;1
Borgerhof;1
Noordbergum, Oostersingel;1
DE DRIEST;1
HOUTENS;2
Scharberg;1
SCHOENAKER NOORD;1
NOORD-WESTELIJK VAN BERGHOF;1
RAVENSWAARDEN;1
HOFSTEDE OUDE WIERS/ DE KERKWEG;1
"HET GREVELD; VAN MANENSPAD";1
HUIS PATERSWOLDE;1
NOORDERESCH-SCHAAPSKOOI;2
Ellemeet;1
Sloedam;1
RODEN-WEST;1
DE DRIE EIKEN (INDUSTRIETERREIN);1
Oude Maasstraat, villapercelen;1
Breestraat 23, Markthal;1
"Kavel R1; Kuinderweg";1
RADEWIJK;1
Dorpsstraat 38;2
BORGERSTRAAT;1
WIJCHEN HOOG;3
BRANDBERG;1
Westerse Weg;2
Poortugaal Manege;1
Kerkveld;1
Bergenden;1
locatie SCH1500;1
"APPELLAAN 1 ; TUIN. FAM. VRIEND";1
"GEMENE STEEG ; GEMEENT";1
"HAVERHOF; GANZENBROEK";2
Oudestraat 3 (terrein van Van de Tillaart);1
05.030 Broekpolderweg;1
Voorhaakdijk, voormalig monument 11993, 31D-011;1
ROTSEWEG;3
Remmerdense Eng;5
2385 Dalem, Waaldijk 18;1
Koudekerke;1
Ruinen-Oldenhave;1
MELKSTEEG 3;1
OERDIJK/IVIGE LEANE;4
Molenbeek;5
DORREGEEST;2
HAELENERBROEK;2
Nieuwland, zuidoosten van boerderij Sneul;1
'Project Nieuwe Natuur Hoede;1
SLIKVELD;1
STEENKAMPSBULTEN;1
ALLARDSOOG;1
Kerkdreef/Schoolstraat;1
Vrakker-west;1
Groenestraat 7;1
Dorpskern-3;1
WEG RIJCKHOLT - SCHOONE GRUB;1
"HUIS TE SPIJK; 'T SPIJK/SPYK";2
Reterink;1
RAAMVELD;1
Haps Woonzorgcentrum;1
TONCKENSBOS 05;1
DOMMELBRUG;1
Geseldonk Noord;1
Hamsestraat;2
WEESHUISKAZERNE;1
Woudseweg N223;1
Buffer 7;1
"WIJKENSTEIN; WIJKERSTEIN";1
KOERHEUVEL;15
Hamdijk;1
Voorste Heistraat 7;1
Amsterdamse en Stille Veerkade;1
Muggenlaan;1
Hackerom;1
MOORLAND;1
MERELSTRAAT 34;1
"Sint Michielstraat; Dr. Philipsstraat; Philipsfabriek";1
BAKKEVEENSTERDUINEN;1
SOEST;1
Katsbogte/ Tradepark T58Noord;1
Leferinkweg;1
STAKENBERGWEG;9
Noorderbastion;1
LEEBRUG;2
VOSSENEIND-OOST;1
Kampershoek-Noord;28
SPOORTUNNEL LIBRIJESTEEG-GROTE MARKT;1
DOBBE-GELLE;2
VOORMALIG KASTEEL NIEUWBURG;2
KLEIN VEERSTRAATJE;1
LOOHOEK;1
ROEGHOORN;2
Laag-Bolsward;1
Boegheim;2
WESTERBLOKKER 15;1
STEEGBERG;2
OUDE WETERING 39;1
klooster Regina Pacis;2
Doelstraat 31;1
Fortuna Stadion;1
MALLEM-LOO;1
Eemshaven;1
NIEUWSTAD-RABOBANK;1
06.166 van de Driftstraat;1
KOORNMARKT-HOFSTRAAT;1
ECHTER BROEK;1
De Oude Zoek (Moergat);2
DONKSE WEG;1
SEESINK;1
Beekstraat 30;1
"VERDR. LAND V.SAEFTINGE; KERKHOFGEUL";1
Skrok 5;1
kerkplein;3
Middelblok;1
JOODSE BEGRAAFPLAATS;1
DE HOGE HOF TE MEDEL;1
OMGEVING BRECKLENKAMP;2
Kolkepad te Midwolda, gemeente Scheemda;3
Zuiderhagen 37-41;1
Oosterwouderpolder;2
Herenweg;7
Malpertuus/Reinaertstraat;1
De Hoogt;4
EIMEREN;1
Dorpsstraat 79;1
MULDERSHOF;1
WATERSTRAAT HK KUIPERSTRAAT;1
Harmelerwaard / Dorpeldijk;1
Luinjeberd, Aengwirderweg;1
Olmenveld;1
GERNER;7
verhoeken-koningsoord;1
D27A-STEENKELDER;1
Lange Beestenmarkt 9;1
KLOOSTER DE GOEDE HERDER;1
Wengersteeg 3 te Lochem;1
Voormalige parochiekerk;1
KABELFABRIEK;1
HOEP-ZUID 93;1
N.H. KERK (VM. SINT TRUDOKERK);1
BOERDERIJ VOGELSANGS;1
BOERDERIJ HET HOF;1
Westerlandweg;1
Kikvorsenstraat 5;1
Rietbergweg;1
De Hogenkamp;1
HOGEWEIDELAAN;2
KOOTWIJK 5;1
Oost Boswinkel;2
Krommewei, vp 9/R1;1
Slagtedijk;1
MIDDELKAMPSE WEG;1
IJssel de Schepperlaan;1
GERARD BRUNINGSTRAAT;1
DE ASBERG;1
Bornstraat-Stouthandelstraat;1
VOORSCHOTEN DE VINK;1
Poelveld;12
KLEINE WITRIJT;1
VREDELAAN;2
Zuidzandseweg;1
RINGELENBURG;1
FLEVO-OORD;1
Bokhamer;2
Achterberg;3
DEVELZOOM;12
SEMINARIE HAGEVELD;1
"HUIZE DOORN; KAISER WILHELM ROSARIUM";1
NOORDZEE EUROGEUL 9 NCP BLOK P17;1
VALKENBURG;3
KWELDIJK;1
ASCHATTERWEG-SNORRENHOEF;1
Oude Midweg;1
KARELLAAN;2
DE GROTE LAAN;1
SOEREL;3
Utrechtseweg 60 te Heelsum;1
DE ELAND;1
Groeseind;1
"Voormalig AMK-terrein: Klein Hanssum; Arik; Gendijk; De Beukel";1
DE FENNE;3
Molenveld-Zuid;1
"Waranda (""Park"")";1
HARGER- EN PETTEMERPOLDER;1
BOSBEEK;4
Parkstraat 1;1
"BRUGGERDIJK ; HASSELSVENNEN";3
Melkheul;2
Ontginningsweg;1
SPIERINGWEG, KAVEL M61;1
ZWIJNEKAMPEN;1
Koningshof;2
Krommerstraat/ Kruispad;1
Grotestraat 9;1
POTERNESTRAAT;1
IN DE VERGT;2
AALKEET BINNENPOLDER 04;1
"HILLENRADE; KASTEEL HILLENRAAD";1
Ginkelseweg;1
Bosche Dreef;1
Zahnstraat;3
plangebied Fryske Olympiade;2
LOOBEEK;1
Eewal bij 61;1
WILHELMINADSTRAAT 10;1
Gaardweg;1
hoge haarweg;1
ZWEELOO;2
DASSEMUS;3
SCHALKWIJK (ZUIDOOST);1
GROOT LOO;1
09.18 ZOUTEVEENSE POLDER;1
Den Opslag;1
HET MARISSEN;1
KASTEEL TE WERVE;1
HUISPLAAT;2
De Trip;1
Kantonnaleweg;1
Vierslag;1
AALKEET BUITEN 054;1
KLOOSTER SIONSBERG;1
WESTERHEIDE-AARDJESBERG;1
Kappertsweg;2
OSSENBERGEN @;1
ARENDSHOF;4
DE LEUTE;1
stroeten;1
Industrieterrein Ekkersrijt;1
Kleine Moost;1
Klein Kasteel;1
wijk 1 75;1
ADDERING;2
KOORNMARKT;3
AARDAPPELENGAT;1
BARKHOORNWISCH;1
HOUTENDIJK;1
OOYERHOEK;2
oostzijde kern Esch;1
Heksenbos;2
EKKELBOSCH-NOORD;1
OP-AFRIT A2;2
DE HEIHAAS;2
NOORDZEE NCP BLOK Q16;2
Plonderijen/ Den Boegent/ Den Herd;1
SCHIPBORGSCHE DIEP;1
Wieken Vinkenhoef, perceel 329;2
STEENFABRIEK OVERLOON;1
Drachtsterplein;1
BUURT ST JOOST;1
DE PUTTING;1
polder Wijngaarden;1
Tjonger, Oldeberkoop;1
Nobelstraat 41;1
UTRECHTSE WEG;1
Dorpsstraat 56;1
BONHAGEN;1
De Start;3
Begraafplaats Zevenbergen;1
ALMELOSESTRAAT;1
"OEIENBOSDIJK; OEIENBOSCHDIJK; E3";1
"Voormalig AMK-terrein KAVEL NH57; WRAK 17";1
HAANSHOF;3
D50-NOORD;1
PLUIMERSDIJK;1
De Bikkels;1
PIPPERTSE STRAAT;1
WATERING;3
KALISHOEK;1
ALPHEN;4
Kaasmarkt;1
DE EENNE;3
04.033 Holyweg;1
Voormalig AMK-terrein M13348 / CMA27E-A07: Langeveldsloo;1
"Noordelijk benedeneind; benedeneind Noordzijde";1
KASTEEL WINSSEN;1
DEN HAAG;3
Uitbreiding Easterein;1
MIDLAREN;1
Anthony Fokkerstraat;1
Botsestraat;6
BOVENKERKSE WEG 90;1
Steenweg 17;1
Zuileveld;1
in de mehre;1
Ankergebied 5 wrak 3;1
Huningaweg/Oldambt/Brede School;1
SOMMELTJESBERG;1
BEESTENMARKT;1
SCHATKUIL;4
KRIMWEG 9;1
Neerakker;2
HARTENSEWEG;1
OVERWAARD-KINDERDIJK, HUIS ELSHOUT;1
ONDER DE TOREN;2
TEXELSTROOM VI;1
Borg te Rekken;2
DE AKKER;1
NEDEREINDSE WEG;31
Holt-Blerick;1
NIJMANSHOEK;1
ROGGESTRAAT;2
"Vogelenzang ; Grebbeweg";1
HUIS GRONENBORG;1
HOUKESLOOT - OPPERHUIZERWEG;1
De Baan, deel II;1
HUSSELERVELD;2
MOSSENLAAN;1
BLANKEVEEN;1
ZANDSTRAAT II;1
Golfbaan Keppel;1
De Eikelkes;9
Locatie Alde Steeg;1
Terrein tussen kerk en Malburg, Kerk-Avezaath;1
BROEKAKKERS;1
Watergoor;1
HOOGCRUTZ;1
Pepinushof;2
MUSSELWEG;1
ALTENAHOEVE;1
Broedershoek;1
HOOFDSTRAAT 6;1
KOEMATENVELD;1
TER HORSTERZAND-DE MORAINE;1
Wolterinkbree;1
Hagendorenweg;1
Rede Veere 01;1
Ambachtsschool;1
"Neushoornweg; Kavel Q80/81";1
NEMELERBERGKLOOSTER;1
'S GRAVENHOEK;1
DEURNSCHE PEEL;1
Meulenveld;2
HOLLANDSCHE SCHANS;2
TER KOUSTER;1
KROMME AKKERS;2
"'T ZAND 44 ; DE HOGE WOERD";1
VALKSEWEG HEILIG KEMKE;2
WOUWSESTRAAT, SINT-MAARTENSGASTHUIS;1
"Zuidelijke Vasserheide ; Vassergrafveld";1
WITTEVEEN/GELVEEN-TUMULUS II;1
"Kerkveld; Voormalig AMK-terrein";1
BOERENGAT;1
Kerksingel 9, 10 en 11;1
OP DEN DRUL;1
VEENENSLAGEN;1
Waalse Water te Wijnbergen en Etten;1
"Huis te Dieden; Terborch; Eerbosch";1
IJSSELSTEINSEWEG;1
WINSCHOTERKADE;1
KUINDERWEG, KAVEL M33/M34;1
MOLENENK;1
01.001 Maassluis Schoolsop;1
Mooierplein;1
DE GRAAF VAN LOON;1
Leuvenaarstraat 82;2
Leemkolk, ijsbaan, kerkhof;1
LANGESTRAAT 39;1
"De Thymse Berg ; Verlengde Oude Veenendaalseweg";1
Molenstraat 5-7, Kelder;1
FORT SINT ANDRIES;1
PEERDE AKKER;3
ECKELRADE;3
Ouddorp/ Kerkhofpoort;1
REMMERSTEINSCHE BOSCH, voormalig AMK-terrein;1
STEENAKKERWEG;4
POLDER LAAG BLOKLAND;1
De Poort;1
ELSENER VELD EN VEEN;4
"SCHAAPSKOOI ; LAARSCHENBERG";1
KAPPERTBERG;2
MEULEMANS ESCH;1
DE AVENTUUR;1
GROTESTRAAT/TESSELINK;1
"HOGE LAND ; OOSTROMSDIJKJE";1
PANOVEN;2
Hoek Hernenseweg.A50;1
JONKERSTEE;1
Binnenbedijkte Maas;4
Chaamse Bossen;1
TEXEL PAAL 27;1
Brug Parklaan;1
RIVIERVISCHMARKT (O.A. NRS. 7 - 9);1
Hoogland;2
07.086 Maassluissedijk Vergulde hand west 9;1
"STATIONSTRAAT ; TERP HARTENTORP";1
WILDERNIS;3
SPAARNDAM;2
AALKEET BUITEN 038;1
GRAMSBERGEN;18
KEIZERSWEITJE;1
Hoogstraat 57;1
MALDERBURCHTSTRAAT;2
HAVENSTRAAT;2
ESPELERRINGWEG, KAVEL H14/H19;1
polder molenaarsgraaf;1
Welpenheuvel;2
De Akkers 2;1
04.051 Heusdenslaan;1
Lange Wolstraat;1
KALTERBROEK;1
ZUILENSTEINSCHE BOSCH;22
Varsseveldseweg;1
Rottige Meente;1
'T ABBINK;1
REMBRANDT;1
01.027 Waalstraat 78;1
Waardsedijk-Oost/IJsselveld;1
Dorpstraat 21;1
De Horst 2;1
de Houtsnip;1
MOEKMADE;15
GOLFBAAN DE COMPAGNIE;1
NETERSELSE HEIDE;5
Stichts End 57;1
Bleiswijkse Fles;1
Zevenbergen;2
Hildebrandstraat;1
IJZERTOCHT, KAVEL B26;1
KLAASKINDERKERKE;4
TURFHEIDE;10
HONSWIJK;3
ONDERDUIKERSTOCHT, KAVEL C120, WRAK 11;1
Dieverbrug Bedrijventerrein;1
"GROTE MARKT ; ZONNEVECHTER";1
GOYERDIJK;2
HOLTHUIZENSESTRAAT;1
BEEKWEG ZWARTE WATER;1
Munstergeleen;1
Schip De Meern 1;1
VERKESSTERT;2
DE LEYEN;2
Loolaan 3 te Kilder;1
"Ramsweg; Kavel P77";1
ZWARTE WATER;9
HUIS TER NIEUWER HOOP;1
Poirtersstraat;2
LANKHEET;1
Midden terras bij Maasdal;1
De Boom II;1
Gracht kasteelhoeve Genhoes;3
LAAREIND, LEVENDAAL, CUNERA WEG;1
Palmboomseweg;1
Deurzerdiep, weg Assen-Rolde;1
VIERHOUTENSE WEG;1
Musschenberg;12
Langestraat 64-66;1
DRIEBELTERVELD;2
Marinata;1
Vleerdamsedijk, Walesteyn;1
"Zeewolderdijk; Kavel P49";1
HONGERVELD;1
DEN HOOL;1
Sint Pieterstraat;2
WITTEWEG;3
ST. JANSSTRAAT 68;1
REMMERDSE LAAN;12
Ruth;1
NOORDWOLDE;1
St. Mariaklooster;1
Nieuwlicht;1
NIEUWE ERVE;1
ACHTERBERGSE HOOILANDEN;1
DS.GERMSWEG;1
ONDERDUIKERSWEG, KAVEL C117/C118;1
PAS VAN TERNEUZEN 01;1
Gerner;1
MEEUWEN-DORP;1
Woeziksestraat;1
DIJE HOOGDIJK;1
Huijlterveld;1
Prinsesseweg (Louis Davidscarre);1
St.Pieters en Blokland gasthuis;1
ENKHUIZERZAND 1;1
De Rollen;2
Hoog Helbergen;1
JOESWERD;1
Voormalig AMK-terrein M2546 / CMA24B-A01: Herikerberg;1
Haag 7;1
Groot Broek;2
WITTE STEIJN;1
TIJNAARLOO;1
Bovenkerkerweg;2
Begraafplaats;4
VERLENGDE VOGELAER;1
Haling;1
18.24 DIJKPOLDER;1
Nieuwstraat 133;1
PAPENVEERSLOOT;4
RUSSCHENLANDEN;5
LAND BLEIJENBERG, S.;1
"Steinderweg; Sanderboutlaan";1
BENEKAMP;1
FRIESE STEEG;1
"Lemsterweg; Kavel A77";1
DE VEENTJES;1
Slot Schagen;2
WATERLEIDINGDUINEN;11
Markt, Librije;1
"DUIVENAKKER ; HUIS MARTENS";1
STOKWEG 2;1
DENNENBURG;4
WESTERENBAN;1
SAASVELDERVELD;4
REUTUMER VELD;8
EVZ, deelgebied 12/27: Buitengeest;1
"DE OHE'; MELICKER OHE'";1
KOUWERVE;2
BERENDONK;8
"HUIS OOST; KASTEEL OOST";1
OUDE GROENENDIJKSE EN BARREPOLDER;1
N.-H. KERK;7
Kwekelstraat;2
Hoekvensedreef ('slaveld');1
NAAST HET STADSHUIS;1
TIENRAIJSCHE HEIDE;1
SCHERPENZEELSE WEG, ZANDGROEVE;1
OOSTERLAND 3;1
VAN GOYENSTRAAT;1
POPKENSBURG;1
Macharen centrum;1
Kunderberg;2
OLDEN EIBERGEN;1
Oudezijds Voorburgwal 260-266;1
"RENTENAAR; MEERWEG, MIDDENVAART";1
Borgerderweg;1
Oostweg;1
H.C. de Jonghweg (De Bredesteeg/Zandslagen);1
Deelgebied Kleimeer Noord;1
VRIESCHELOO;11
Keesomstraat;1
DE PLOEN-OOST;1
NOORDZEE NCP BLOK S7;2
"Winkelweg; Kavel N74-II";1
Ten Zuiden van bungalowpark;1
WAATSELAAR;6
VM.HERNHUTTERSKOMPLEKS;1
VOSKUILENWEG;2
STAKENBORG;1
HEISTRAAT;8
BRINK OOST/DRENTS MUSEUM;1
DE DIJK 22;1
GROTE MARKT 2 (STADHUIS-NABIJ PANDPOORT);1
ROODVOET;4
LEMELERBERG;4
ONLAND 3;1
Nieuw Centrum;1
VEERWEG;7
RAVENBERGSEWEG;1
SWAENSTEEGE;1
"ZUILENSTEINSCHE BOSCH ; ENGELBERG";1
Spelderslaan;1
DE WOERDEN;16
Monsterseweg 113a;1
SPIJKERLAAN;1
OOSTERBUURTSE WEG-SITE 21.23;1
KLEINE MOOST;1
Nuon-locatie;1
Enk van Angeren;1
OOSTRIK;2
OUDE WETERING;2
Kerneelhoven;1
GROTESTRAAT;15
MEIJERTBOONSBOSWEG;2
MOLEN NOOITGEDACHT;1
GORTELSEWEG 29;2
KOZAKKENWEG;1
SCHANTERNELSBOSJE;1
Vlietpark Noorden;1
BROEKMEDEN;1
Gaatkensplas;1
ZETTEN-DORP;4
`t Zand;1
"TONGERSESTRAAT; JEZUIETENKLOOSTER";1
Mellema;1
Westeind 86-88;1
Rosheuvel - Boksheidsedijk;1
WIJCHENSE MEER;3
Mierlo-Hout;1
"NOORDERHEIDE; RADIOWEG";1
LIEVE VROUWENBERG;5
Klarebeekweg 1;2
WEENDERSTRAAT 47 - NOORD;2
DE RIKKER;1
ZWEMBAD, WETERINGHOEK;1
Singel/Zandweg;1
Achterdijk;10
S20;2
DEVEL;3
Bijsterhuizen;2
Klein Bedaf 3;2
KORTE KLEVERLAAN (T.O. NR 42);1
DE RIJTJES;1
OUDE TOL;3
HAZERSWOUDE-RIJNDIJK;2
2DE PARALLELWEG 11;1
Zandwinning Westerein;1
"WOERD DRIESWEG ; DE HOGE WOERD";1
Tegenover de Koperen Knop;1
WATERMEERWIJK;1
Luitenant Tonnetkazerne;1
Benelux, haven I;1
POLWEG;1
OOSTEINDSCHE LANDEN-ELLENBEEK;1
Oude Lange Dijk;1
VEENDERWEG;1
Werf de Hoop 23;1
ERVE GROOTHEURNE;1
VLIETPOLDER-BOERDERIJ DE VLIETBOER;1
kasteel valkenstein;1
OELINGSHEIDE;1
EVERSE AKKERS-CLUSTER 2;1
"A. Joachimistraat; Stadskantoor";1
Plangebied Lobelia;1
HELDENSE HEIDE;1
Heiakker;5
WOLFGARENSWEG;1
Platanenlaan, Groeneweg;1
NOORDZIJDE BENSCHOPPER WETERING;1
Kroezenhoek;1
Kesteren-Nedereindsestraat;1
OIRSCHOT VII-1;1
Zuwedijk, De Heul, Voormalig AMK-terrein 11413;1
BROEKHUIZEN;6
"Spuistraat; Lange Zelke";1
Glynswier;1
VERVERSGAT;1
Groesweg 9;1
HULLENBERG;7
VAN MEIJDENSTRAAT;1
HET MOLENVELD;1
KLEIN ZUNDERT;3
"NEDERHOF; VOORBURCHT";1
ENGPAD;2
BRAKZAND;1
HOGE HOEK;1
DE EPEN;2
MARTENA-HUIS;1
POLIKLINIEK/ZIEKENH. ISSELWOERDE;1
AARDJESBERG;9
Hostel, Amnesty Internationalweg;1
De Hooge Hoek;1
Strand;1
Goor Walhof;1
"09.19 ZOUTEVEENSE POLDER; ZUIDKADE";1
CAELEN;1
BATUMWEG;1
't Pissum;1
Aan de Witte Steen;1
Landgraaf;1
KLEINE DOOVE;1
Groene weg;1
GRAAFSE STRAAT;1
PATOOR BOELENSTRAAT;1
Randweg-Oost;4
Hoofdstraat 56;2
GROENENDAAL/PETRUSKERK/KERKHOF;1
Arkelse Onderweg;1
BORNDIEP;1
Grootmeestersstraat;1
DIEVENLAND;3
NOORDERMEERWEG, KAVEL B10;1
MONNIKENBOSCH;3
Lange Gracht;1
RIJKSWEG 12;3
LOILSCHEWEG;1
KUINDERWEG, KAVEL M127;1
ROEKENES 3;1
Swalmerstraat;1
BUREN;1
Cuijk-Ewinkel;1
Gockingastraat;1
CAMMINGAHUIS;1
HOEKELUMSCHE BRINK;2
SCHEIDINGSWEG;6
Damlaan;1
"MARKT ; HUIS DE VALCK";2
DE BOUW TENTSTRAAT 63;1
"Brandestraat; Zuidwal";1
HOBERTSVELD;2
LANGE MATEN;2
De Beemden;2
GROOT KOPPEN;1
Noordzee NCP Blok P3;1
Barlheze;1
HELLOOP;1
Hoogstraat 75;1
"HUIS OOSTERWIJK; TER WIJC; (FOREEST)";1
AALKEET BUITEN 043;1
Het Veldje;2
Usseler Esch;6
"CROY ; KASTEELWEG";1
H.C. DE JONGHWEG I;1
A-50 Valburg-Grijsoord;1
DE KUIPER;1
Nieuwstraat-duikersleuf Groote Beek;1
Leidingtrace Tussenklappen - Sappemeer;1
EMMER ESCH;1
LOODIJK;1
Pannenhoefsebaan;1
Baakhoven;3
Chaamseweg 2;1
DE HEIJMER;1
DUIVEN, DE PLOEN;1
"VENLOEN; 'T KASTEEL";1
ULICOOTSCHE HEIDE;3
REMMERDEN;36
"ASSENDELFT ; ZUID-WILLEMSVAART";1
PRINSHOEFLAAN;1
Molenweg, Kloosterstraat;1
ACHTER VOORMALIG POSTKANTOOR;1
GALGENWIEL;2
Smalhoorn;1
Kasteel 6;4
"Kasteel Westhove ; Terra Maris";1
PLANKSTRAAT 18;1
BEURSEBEEK;1
ARNHEMSCHE WEG;1
HEERENDUINEN;1
Weerterbaan;1
FORT SAEFTINGHE;1
KEMPSTRAAT;1
HANNIE SCHAFTWEG, KAVELS J88 EN J89;1
"ANKERSWEG; HET ANKER";1
Noordzee Eurogeul 28 NCP Blok P17;1
Vaareindseweg BadL 3;1
HELSDINGEN;2
De Vallei;3
Kerkepad 28;1
ST KRUISPOLDER;1
Kasteel Verduynenstraat;1
Boshoven, weg Alphen-Baarle;1
Ged. Nwesloot 52;1
HULLIGT;1
kateelterrein;1
Plangebied hoek Molenweg - Rijksweg Noord;1
STEENSTRAAT 4;1
BIJ ANLOOER DIEPJE;1
HEUVINGERZAND;1
Nieuwstraat/Torenweidelaan;1
HUNENBORG;3
ACHTERWEG 15;1
RIEKER ESCH;1
RAMELER ENK;3
Stevenssteeg;1
HERTEN;1
VERWOLDE;1
Kavel L58;1
FRIEZENBERG-ZUID;1
WITREITSE HEIDE;1
Nabij Centrum;1
kerk van Anloo;1
Galgeweg;2
Nieuw Rhijngeest-Zuid fase I;1
OOSTERWEG-HEEMSHOF;1
Kienveen;2
WAARDERPOLDER (I);1
KELDER STADHUIS;1
GERWENSCHE HEIDE;1
Nishoek;1
DE HOVEN-WEST;1
AKKERSTR/KRIJTERSTR;1
St. Bernhardstraat /Waldeck Pyrmondsingel;1
Zandmaas trace 1;1
ERVE WESTERHOF;2
URKHOVEN;1
SYPESTEIN;1
ARNOLD VAN HEURNENSTR;2
KASTEEL BUREN/HET PLANTSOEN;1
HEACHHIEM;1
't Veld (RAAP-Vindplaats 5);1
Looierstraat;1
"Uiterdijkenweg; Kavel R77";1
SEMINARIE VAN OUDE RK KERKJE;1
KORTE DIJK;1
HAELENSE BROEK;1
Kanaalkruising;1
PESCH WEIDE;1
OUDE LEIJ;1
REIJMERSBEEK II;1
WERFAKKERS;3
Blessebrugschans;1
DEN HANTERT;1
Aalkeet Buitenpolder (omgeving eendekooi);1
GASTEVELDSDIJK;1
BUSSLOSE LAAN;1
Weverstraat 9;1
KASTEEL BUCKHORST;1
DORPSSTRAAT 47-49;1
MIDDENWEG-WEST;1
Strandje, Westmaas;1
MOLENWIEL;1
MOKER SCHANS;1
Station Halfweg-Zwanenburg;1
Craaienhof;1
Echter Heide;1
Zuiderhavendijk-Kalksteiger;1
Zeilerboulevard;1
Chaineuxstraat 8;1
Linnerveld;2
VALTHERBOSCH-WEST;1
VIJFPOORT;2
OSSEBROEKEN-OOST;1
GAZENOORD;3
Broek;4
MEESTER SIJMEN;1
"Klutenweg; Kavel G25";1
Gasthuisterrein;1
Huis te Peize;1
HONDELINK ES;2
KLEVERHEIM;1
BESOYEN;1
DE ASDONK;1
HAARMAATSDIJK/DOOLHOFWEG;1
Schoolstraat, bij de kerk;1
Mesdagkliniek;1
OCKENRODE;2
ESMEER;1
NAASTENBEST;2
Afrol/Gedempte Biersloot;1
Windmolenpark de Zuidlob;1
HAZENAKKERWEG;1
RUISDAELSTRAAT;1
EPSE;1
COUVEE/JULIANASTRAAT 57-61;1
OUD EMMELOORDERWEG, KAVEL P7;2
Hunebed van Balloo;3
JOUSTERP;1
HOUTSE AKKERS I;1
KERSTENBERG;3
"Rietweg; Kavel T34";1
HET BOOMPJE;1
HUISSENSE DIJK;1
Reindersstraat;1
EMELAARSE WEG;1
klein Hersel;1
BILDERBERG WATERTOREN;1
Gommelse Straat;1
LINDE+OMGEVING;1
Vogelenzangseduinweg 4;1
Driemanspolder;1
SLENK 3;1
Apenstert;1
KUINDERBOS, KAVEL L53;1
BIJ KASTEEL HILLENRAEDT;2
Kromme Reke 9;1
MULLEMSE DIJK;1
"Rabobank; Molenweg, centrum";1
Wijngaardstraat 23;1
Waalkade, Oude/Nieuwe Haven, Nijmegen-centrum;1
"Ketelweg; Kavel N24";1
SEROOSKERKE NIEUWE ZANDWEG;1
HOOGE HOEVE;1
Achter de Vest 1;1
HAKVOORTSE WEG;1
kettingstraat;1
Rijksstraatweg 21;1
Frans Halsplantsoen 2a;1
ECHTERWEERD;2
NEERBOSCH;1
"DORPERWEG ; SCHOTWEG";1
IEPENHOF;1
BERGSE WEG;8
BOSWEG/GALGENBERG;3
NIEUW ZEELAND;2
Zuidweg;4
Vergulde Hand 7.073: Aalkeet-Binnenpolder jaarboek3;1
NEDEREINDSESTRAAT - FRUITSTRAAT;2
Hunebedden van Rolde;1
Borculose Watermolens;1
KEIJENBERG WEST;1
HOOGENGRAVEN;3
AA OF WEERIJS;3
CADETTENKAMP;5
Smallepad;1
Zwarte Molen fase 2;3
KERKKAMPEN;2
Muiderslot Waterpaviljoen;1
EUVELGUNNERWEG 24;1
achtertuin;1
"Voormalig AMK-terrein M10433: Dorpsweg; Hoornaarse Rug";1
16.104 AALKEET BUITENPOLDER;1
CAFE/RESTAURANT DE KLOK;1
Boudewijnskerkseweg;2
GRUENER WEG, CHEMIN D'ABBAYE;1
ROEKELSCHE BOSCH;1
GROOTE DOK WEST;1
BEUKENRODE/NIEUW STERKENBURG;1
Stokershuisje;1
Galecopperzoom;1
Alddyk;1
Euvelgunne - Lokatie Kielerbocht;1
NIEUWENDIJK 125;1
TONNEDENHOF;2
Sterrenwacht;1
"TERREIN HET SLOTJE;";1
BAARDERBUREN;2
KLEIN LEUKEN;1
Broekhem: De Valk;1
MUNNIGESHAVE;1
KNARBOS, KAVEL E23/E11;1
IJsselmeer Stavoren 1;1
SLOOTWEG;1
ELZETTERBOSCH;7
GROOT ARLER;2
TUNGELROYSCHE BEEK;2
Visserweert 41;2
HOOGSTEDELAAN-KLINGELBEEKSEWEG;2
Nijenrode;1
Kerkterrein/ Nieuwbuurtsterweg;1
Oosderveld;1
Lange Maaijen;1
SCHEIDINGDWEG;1
HET BOS;1
WOLBERT;1
Soersel;1
URKERWEG, KAVEL J6;1
GOOIERMARS;1
HAVENKADE;2
KROMME AKKER;3
Ter Borch;14
VRIESSEWEG - DIJK;1
"Voormalig AMK-terrein: Meerdonk; Zijdeweg; Middenpolderweg;";1
Vierakkersestraatweg;1
HOGE VAART;1
VOLLENHOVE;1
Nieuwland IV;1
Heemstederweg- Korendijk;1
Hanzelijn Oude Land;9
WEERSELO DORP;1
HOEFBLADLAAN;1
(VML? WILDTOREN);1
T SMEES;2
weerdenburg;1
UITERWIJK;1
Hoek Dorpsstraat / Uitveld;1
RIJSENBURG;1
SLOTPOLDER;1
fietspad Dorpsweg-Broerdijk;1
Keizers- en Stobbenwaarden;2
BIJ BLEIJENBEEK;1
HERENSTRAAT 123;1
De Schauw;1
KRUISWEG 41;1
"'T GOY; TEN GOYE";2
HOPWEG, KAVEL L60;1
PEESTERVELD;1
ROZENPRIEEL (LANGS HET SPAARNE);1
OMTREK 'S-HERTOGENBOSCH;1
HEN CU;1
PLANTAGE-NOORD;3
Kapeleind;1
DE MER II;1
"ESVELDERBEEK; STOUTENBURGERLAAN";1
TOVERBERG;3
SCHOUWSLAND;3
COXSE BAAN;11
GERESTEIN;3
BREESTRAAT POLITIEBUREAU;1
KEMPEN WEG;1
HOEVE HEFBOOM;1
HUNZEBERGEN-NOORD;1
"DEN HEPPERD ; HEPPERT";1
leveroysedijk;1
Hennekens;1
KIEFSKAMP;2
KLINKER;2
Gesperdense straat;1
"'T HOF ; ROGIER MONICXLAAN";1
OUD-HAERLEM;1
Kloosterstraat 13, Volkel;1
KRAAIENNEST-SITE 20.17/20.11/21.15;1
Vieracker-plan Hoogenhof;1
Kloosterlaan;1
KAVEL P7/P8;1
Frytum;1
OP-AFRIT ENSPIJK;3
UFFELSE MOLEN;2
OTTERSUMSE VELD;2
Enterbroek - Ganzenweg;1
DE KAPEL;3
Gooweg;1
Lochemseweg;3
BOERDERIJ AAN DUIN EN KRUIDBERGERWEG;1
GEERTESPLEIN;1
ENSERVAART;2
Keentsche Uiterwaard;2
DE LOOI;1
POLDERBURG;1
Weelweg 1;1
PASTORIEWEG;10
DODE MAAS;1
TIENAKKER;6
"DE DOORT; COUJEL BEEK; NIEUWE GRAAF";1
ESSCHE STROOM;3
STEKELSTRAAT;1
ZWARTENHOEK;2
"Voorstraat; Visstraat";1
ROELOFSHOEVE;1
KERK V.D.ZOETE NAAM VAN JEZUS;1
Thoelaverweg;1
Wilderse kade, voormalig AMK-terrein;1
KLOENVEEN;4
"Kreupelstraat; Achter de Kamp";1
Naaldwijk Hoogeland West;1
Madestein - Monsterseweg;1
HARGERSTRANDWEG;1
Middelburgsestraat;1
"Stampstraat; De Molt";1
"Urmonder Veestraat; Graetheide";1
TEN WESTEN VAN POLITIEBURO;1
Korte Duinen;2
Klooster Anstel;1
DONKERE SPAARNE 56;1
Houtsnip;1
BOMMENEDE;1
PRONKENBURG;1
ZUIDERZEESTRAAT;1
Stadskantoor;2
HEESWIJK;4
GROTE MARKT 2 (STADHUIS - PANDPLAATS);1
"Bloemberg; Stommeveld";1
Schabos Esch;3
DE HEEGE;13
JULIANALAAN 14;1
Rosheuvel;1
WOLFHEZERBOSSEN;1
ZOELENSEPAD;1
KRAAIENHUT;1
Maarland Noordzijde;1
BATAU-ZUID;8
VINDERHOF;1
PYLKWIER;1
Heideveldweg 27;1
Spuidijk;1
Diepestraat;6
POLDER DE UITGEESTER EN HEEMSKERKERBROEK;1
HUSSELERWEG;2
De Skieding, Poelbuurt;3
BLIJENHOEK/RIEDIJK;1
WINGBERG;2
WICHERS;1
Holle Watering;2
ALBERTSHOEVE;1
VERDRONKEN LAND ZUID-BEVELAND;8
KAP. BERIXSTRAAT;1
Scheepstal;1
SINT CATHERINA;1
De Vraant;1
't Brinkerstuk;1
ACHTER WEHKAMP MEEUWENLAAN;1
Westerstraat 96;1
Bossebaan;1
POLDER NEDEREIND [ VINDPLAATS 6 ];1
HOORNLANDEN;2
Grote kerkstraat 60;1
Gardense Molenweg;4
'S-HEER HENDRIKSKINDERENSTRAAT 22-26;1
HOITEBUORREN;1
HEILIGE STOEL;1
Laarveld;4
Steenwijkerkamp 5;1
PIETERSELIESTRAAT;1
SCHAELSBERG II;1
JELMERA- OF CAMMINGHAHUIS;1
ZENDVELDERVELD;4
DALEM;3
GASSELTERDENNEN;2
Prinsenhof;2
LUNTERSE BERG;1
Giessensesteeg;1
SOOMERLUSTPLEIN;1
DE DIJK 3;2
STROEER KOOG;1
DIACONESSENHUIS;3
ANKUM;2
Bosstraat;4
Gat Van Schiermonnikoog 1;1
GINKELSE HEIDE;24
Haalmansweg;1
OMGEVING MALBURGEN;1
HAARENDAAL;1
MOERSBERGEN;3
Bakelse Aa;1
DE DELLEN;6
TWISKERDIJKSLOOT;1
Asakkerweg;1
Bruggenrijt;3
OUDE VLIE;1
WAAL ERLECOM 1;1
Vellertdijk;1
Thijlingerhof 5;1
"Buttinge; voormalig AMK-terrein";1
'T HOUT;1
KLAPSTRAAT;3
MR MULDERSTRAAT;1
"Koningslust-oost; Poorterweg; De Koningsstraat";3
"ENGELER MEER/HET MEER; ENGELENBURCHT";1
ENGWEG WEST;2
KROMMENHOEKE;5
Vogelwijk fase 3;1
OUD ONSTA;1
OUDE WIJK;2
MOLENWIJK;1
WESTERBLOKKER KLOOSTERHOUT;1
RHENOY DORP;1
Baanakker;1
MARTINIKERKHOF;4
RENHEIDE;1
RODE VELD;1
Siemelinksweg Vindplaats 1;1
KERK IN BREUST;1
DSM-terrein;1
SONSBRUG;1
MOERKERKEN, COMSTRIJEN EN DE GROUP;1
ERMELOSE HEIDE, grafheuvel XVIII;1
"BOSRAND ; MARGRIETLAAN";1
BRAKEL, voormalig AMK-terrein;1
RIETSLOOT;9
T HOF BLAEMSKINDEREN;1
KERPERBOSCH;1
WITTE HERENSTRAAT 12 (TUIN);1
Voordijk 40;1
RUTTENSEWEG, KAVEL B36;1
BOENDERSTRAAT 6;1
Binnenstad Haarlem, locatie afvalcontainers;1
Pastoor Clercxstraat (ong.);2
Overgauwseweg;4
Grathem-Heelderpeel;1
NIJMEEGSEWEG;5
DEKENIJE ZAADMARKT 102;1
Oude Keulse Baan;1
ZEVENHEUVELTJES;1
DE WILT;1
Zuidersheg;1
BRONNEGER;1
Buurtschap Emmen;9
BOSWEGJE;1
MAASVLAKTE AMAZONEHAVEN 2;1
KERKGRACHT;1
Wrak D1;1
Stationsplein en Jansweg;1
OP DIJK RAMSPOL TEGENOVER KAVEL P78;1
DE PES;1
STEENAKKERS;5
PASTOOR V.D. HEYDENSTRAAT 9;1
LIEBERGERWEG;1
Duindigt 1;1
ACHTERSTE VEEN 3/LIEVELDER NIJLAND;1
KAMPAKKERS;6
Huis Verwolde;1
Engelandsche bosch/Varel;3
POLDER NEDER-OUDLAND;1
DE TIJ;6
01.049 Vleersteeg;1
Ruurlose weg;1
Hoofdstraat 73-75;1
TT-CIRCUIT ZUIDWEST;1
MUSEUM KAMSTRAAT;2
De Dellen;1
HOEVENSCHE AKKERS;3
Ds De Bresstraat;1
XXX;1
WOLFF VAN WESTERRODEWEG;1
CAMERIG-WINGBERG;1
't Waal Kreuskampen;3
Achter de Kerk;4
pennendijk 44;1
Tulprenburgh;1
GROTESTRAAT 371-373;1
WIJNSTRAAT-SALVATORSTRAAT;1
Garnizoenweg;1
STERENBORG;1
KNEGSELS HEIKE;5
Aardonck;1
Hoge werf - LIESVELDVIADUKT;1
ONDERDUIKERSWEG, KAVEL C116;2
Recht van Ter Leede 4;1
DE HUESMOLEN;1
N.H. Kerk;1
OVERLOOP VAN HANSWEERT;1
RIJKEL BIJ BAGGERGAT;1
Nieuwstraat, uitbreiding Gemeentehuis Oostburg;1
NOTTER ESCH;1
VENNEWATERSPOLDER;1
RENBAAN;2
Provinciale Weg, Elsterberg, Voormalig AMK-terrein;1
RIJKSSTRAATWEG 78;1
de Heilaarstraat 184 en 241;1
Liendensestraat;1
DE MARKT;2
Lekkaaal;1
'T GOY;1
Beuningerhof;9
KAMPERHOEK KELVINSTRAAT;1
WAAL NIJMEGEN 2;1
Palenbergerweg;1
LANGE SCHANSERWEG;1
ORIONWEG 1 (HUIS TE ZAANEN);1
Noordweg;2
BREMMELERSTRAAT;1
PANCRASGORSE POLDER;1
Lange Zelke;1
Parkeerplaats Raadhuisplein achter NH kerk;1
Locatie Zwartkruis;1
Escharensche Veld;3
"VOETBALVELD ""TAXANDRIA""";1
Bergweg bij de Hazenberg;1
METTEGEUPEL;2
LATESTEIN;3
"HOGE VELD ; PEPPELENWOERD";1
Bos Schoonoord;5
Vingerhoekhof 19;1
Mariapolder;2
ZUIDWEST VOET COLMSCHATER ENK;2
Kerkhoef;2
Katerbosseweg;1
Voormalig AMK-terrein M13227 / CMA38D-A03: Neerpolderseweg;1
DAMMERSCHEIT;1
2447 Chaam, Schuttershoefweg 3;1
NOORDZEE KALOO NCP BLOK S8;1
"STOKWEG ; HUIZE ANDRE";1
GRONSVELDERWEG;1
Maas Susteren/Maaseik 1;1
DE EEZE;4
MAALBEEKERHOHE;1
Leusderweg 27-31;1
Opzoomerlaan 15-109;1
"Rendierweg; Kavel K45";1
STERK AKKERS;1
BAARSTRAAT;3
"KAMPERHOEKWEG, KAVEL H38; WRAK 24";1
ZANDAFGRAVING;4
perceel ten westen van Schoolstraat;2
MAASVLAKTE 2;1
ELTENSEWEG;1
"Kwekerijweg; Sportcomplex KUN";1
D20-MARELESCH;1
HUPSEL;1
Torenstraat / Petrus Dondersplein;1
Industrieweg West;1
NOORDZEE NCP BLOK S1;1
"GROOTE STAAT; VIJFHARINGENSTRAAT";2
HAARWEG-OOST;1
Frisselsteinstraat;1
MARIENPOEL KLOOSTER;1
BALGZAND a;1
ABBEKINDEREN;4
BAGIJNHOF FALIEDE;1
BERENDONK BOERDERIJ;1
Gastersche Diep, Ballooerveld;1
VEERSLOOT (VINDPLAATS 55);1
GROOT ZANDBRINK;1
WINTERDIJK 20;1
GRAVINNESTEEG;2
Haeresteyn;1
Kerkweg/Bijenlaan;1
STEENOVEN OVERKAMP/DE KOERBOOM;1
"Rendierweg; Kavel L10";1
Nieuwe Leliestraat 71;1
Roggelsedijk;1
Vlasakker;2
SANDRASTEEG 8;1
BINNENBEDIJKTE MAAS;5
Laag Slabroek;3
MOOKERSCHANS;1
Technopolis;1
Plein 16;1
HEEL;1
Neerseweg;1
RONDWEG-EMMERSCHANS;1
Domburgse Watergang/Koekoeksweg;1
MIDDELKAMPSEWEG;1
SCHIPBORGSE DIEP/NATUURBAD;1
Hoge Pad;1
Rondweg Aardenburg, deellocatie I;1
Damplein;3
N348 Zutphen-Eefde;1
Sportpark Souburgh;1
KARTHUIZER/KARTUIZER KLOOSTER;1
Knooppunt Hintham;2
Maarsense weg, voormalig AMK-terrein;1
LAGEDIJK;6
GROTE WOLDWEG 96;1
ZOETEPASWEIDE;1
Van Heutszstraat;1
SOLBERG II;1
OUDE DIJK BIJ NIEUWE WIEL;1
"FRISSELSTEIN; FRISSELSTIJN";1
ZUIDERPOLDER, VINDPLAATS 52;1
Watermolenstraat;1
oosderveld;1
Jacobijnenstraat 20-22;1
KIKKERBAD;1
BIJ TASBEEK;2
OVER DE VOORT-OVERLAAT;2
Asseltsestraat 23;1
D46-FOCKINGERSLAG;1
MAARHEEZERDIJK;2
ST.HUBERTUSMOLEN;1
KLEINE LINDT;2
KAVEL E40;2
REMMERDENSE HEIDE;3
Maximabrug;1
MUNNINCKSBOSCH;1
WITTEVEEN 2;1
Kruiningen;1
Hoogewaard, uitbreiding begraafplaats;1
Waaldijk 18;1
De Keen, gemaal Overwater;1
BONSENHOEK;1
DEN OVEN;1
DE PARADE;1
GEINPOLDER;1
GRENS DINTHER-VEGHEL;1
DOOVE WANDER-OOST;2
RETSCHE LOOP;3
de Burcht;1
VEERSE MEER;1
DEN HEILIGEN EIK;1
Kerketuinenweg;1
Weg Loon-Gasteren;1
LAMMENSCHANSBRUG;1
HAVEZATHE WESTRUP;1
AMER BOSCHSTUK;1
KOUDENHORN (NOORDEL.INGANG POLITIEBUR.);1
"WIJNARDENHOF; MAASWIENERTE";1
HUIS DE VORSTE (VOORST);1
MEULENBRUGGE;1
PIEPERSVELD, BIJ HET WITHAG;1
MAASVELD;28
LAGE KANAALDIJK;1
WIJNGAERDBERG;1
HEERENVEN;1
COENDERSBORCH;1
BOMMELSESTRAAT;1
SCHENKHOF;2
TERREIN VOORM. COKESFABRIEK EMMA;1
HONGERENSCHE HEIDE;8
De Drift;1
TOLHOEVE;2
MEIJERINKHOEK EN ESCH;2
SCHOKKERRINGWEG. KAVEL P25;1
LAAN VAN MEERDERVOORT;1
Prins Willem-Alexanderschool;1
Terpeborch;2
NEDEREINDSESTRAAT-FRUITSTRAAT;1
Lobbendijk 16;1
ST ELIGRIUSKERK;1
DE MARSCH (DE MARS);1
Nieuwkerksplein;1
Kavel A70;1
CASTERT;1
Provinciale Rondweg Zelhem;1
Ewijksche Velden;1
HOF TER EEKTERWEG;4
VIJZELKAMP;3
Bossche Broek;2
NOORDACHTERES;2
WEERDINGSBOS;1
WARMOESSTRAAT 98-BEURSSTRAAT;1
POLDER OUDENHOORN;3
Toldijkseweg;2
Sportvelden Melick;1
Brouwershavense Gat 5;1
ASSEN;4
Schoonrewoerdse stroomrug;2
MAKKINGA;7
Herenstraat/Spoorstraat;1
SIMONSHAVEN;1
15.08 FOPPENPOLDER;1
De Heesakker;1
SCHARN-NOORD;3
Mgr. Theelenstraat;1
Trace persleiding Tiel-West;1
HUIS MEDEL;5
Hertog Hendrikstraat 1;1
KLEVERSKERKE;2
RUMPT;1
OP DE BONG';1
KOEVELDWEG;1
ZIEKENHUIS, voormalig AMK-terrein;1
N359;1
Klokstraat  5;1
Schuttestraat;1
LANGE AKKERS-OOST;1
Lunterseweg / Kromme steeg;1
Dickenesweg;1
EXLOERWEG-OOST;1
KINGMA STATE;1
ESSTEDE;1
LONDENSE KAAI 83;1
Berkelpark;1
Wetering, Hoogspanningsmast;1
SCHROBBERSLOOP;2
Smitshoek;1
OUDE HOEVE;1
HET WELPELO;2
Hoofdstraat 34;1
GRASWIJK;3
Botmeer;1
VRIJSTRAAT - RECHTESTRAAT;1
Noordoosttangent, Zandstraat;1
DUVENEE;4
Maasvlakte II, 3;1
N210/C. G. Roosweg. Vindplaats 1.;1
"OFFICIERSWEG ; DE JAGERSTEE";4
ZANDWIJKSE POLDER;1
PADSTUK;1
Hemrikkerveld;1
DE GALLANTIJNSE WAARD;1
PEERDENWOID;2
SLIJKHOEF;1
LUIZENBULT, DEVELWEG;1
GENZONWEG;1
PLAS VAN MELSSNER;4
Arlersteeg;1
Blokland naast nr 10;2
Doelenveld;1
historisch Centrum Kloosterraderplein;1
EVERSE AKKERS-CLUSTER 1;1
N348 Eefde-West;1
Meierink;1
De Welle;1
"KASTEEL V STEVENSWEERT; GOUVERNEMENT";2
Groot Heiligenberg;2
HEIDEHOEVE;1
VILT;2
GANTELWIJK;1
NIERS;1
"Broeksittarderweg; Dorpsstraat; Kerkstraat";1
BOVENBLOK/BERGAKKER;2
Schuytgraaf-watergang veld 15;1
HOLLANDERBROEK;1
VLIELANDERBALG VIII;1
ECHTERBOSCH;5
Anna's Hoeve (Limes);1
Touwslagersbaan-Zuid;1
POLDER DE WIERS;1
Binnenweg De Tuinen;1
Den Helder 1;1
Grippensteinschestraat (ong.);1
"WAGENINGSE BERG; INGANG BELMONTE";1
NULANDSESTRAAT;3
"LEENDERBOS ; GALBERG";1
LANDZICHT;3
DALEMSE WETERING;1
ERVE NIJHUIS/BORGWEG;1
op de hering;1
RATTEPUT;1
Zuidervelt-Oost;1
NOORDER BOERPLAATSEN;1
Ten noorden van Komweg;1
Arcen en Velden;1
Hantum - Dokkum;1
Stichts End 52;1
Veldkamp;1
Markthal;2
Loonerdiep, het hunebed van Balloo;1
GRINTGAT RIJKEL;4
NIEUWE SLOOT;1
Binnenweg 19;1
RUGWEG;2
"Grindweg; Hogemeet; voormalig AMK-terrein";1
KORTEDIJKJE;1
TUSSENLANEN;2
Markt - Ameidewal - Watermolenwal;1
GROTE MARKT 1-3;1
ALBLASSERDAM;1
Spitsbergen;1
Kavel F10;1
MURMER;3
"Kleipetten; Sandtlaan";1
MAURIKSE STRAAT;1
UBBENASE WEG-ZUID;1
kasteel Soeterbeek;1
SLUITGATWEG, KAVELS E170 EN E171;1
Aebingastate;2
BEKSPRINGWEG;1
SCHEURRAK T24 III;1
Huesenhoff;1
SPAARBANKSTRAAT;1
BURGERDIJKJE;1
Domelaar-II;4
Komplan, De Schakel;1
WITTE KRUISLAAN;1
STAATSBOSBEHEER;1
HOPWEG, KAVEL L45;1
Belfeld Loherschans;1
"Soelekerke; Soelekerkepolder; voormalig AMK-terrein";1
Erve Nijhof;1
Schandelo 113;1
De Iendrachtswei Oost;2
PUT 40-45;1
"Candia ; Laarsenberg";1
KALVERWEI/BULK;1
EPERHOLT;1
ZELDERSCHE DRIESSEN / VEN-ZELDERHEIDE;1
Sittanderweg;1
Berg en Dalseweg 338-340;1
VOORZOLDER;1
Duiven, Ploen Zuid;1
EMMERESCH D 42;1
Kranenbroek;75
KERKENKAMP;1
De Hoon/Houtensche Wetering/Veerwagenweg/voormalig AMK-terrein 1567;1
RBP 025;1
Vinkel;1
SCHULENBORG;3
Binderen (kloosterterrein);1
Salland II;4
Soeterbeek;4
"Bartelsweg; voormalig AMK-terrein";1
Archeologisch monument 30F-006: De Kloosterwei;1
DROUWENERSTRAAT-GROOTE DIEP;1
NOLDERHOEVE;2
Helperzoom;1
Oosterstraat 4 - 6;1
De Rijp Bloemendaalseweg 134, 136, 138;1
SCHAAR VAN SPIJKERPLAAT;1
KASTEEL VOORST;1
Ravenstraatje 1;1
OSSEBERG;1
Markt 39 (C&A);1
POLDER VECKHOEK;18
PRINS HENDRIKKADE/HAVENSTRAAT;1
BRAAMBOS;3
ST. OLOFSTEEG, ZEEDIJK;1
BOELESTEIJN;1
AALKEET BUITEN 081;1
LAAGSTRAAT;1
HOLLANDSE LOOP;1
HEIBERGSKE;1
Assemansbroek;1
Singel 24 en 24a te Nijkerk;1
HOLSTRAAT;1
MANDERESCH;1
KELDERBERGEN;2
Groenloseweg;2
HET BRUNINK: 'N HULSKAAMP;1
KLEPPERHEI;5
Vredenseweg;1
Krabbengat 1;1
plangebied Terp 17;2
LAMMERMARKT BALIE;1
Wilgendaal;3
Vijverweg West - rioolbegeleiding;1
OUDE EBBINGESTRAAT 67;1
Kavel L50;1
SCHIPHOLWEG (ROMOLENPOLDER);1
De Aakant;1
BOERDERIJ 'OP RIETVELD';1
ALBLASSERDAM VI;1
Molenkolk Schellinkhout, Zuiderdijk 58;1
'T BUNDERTJE;1
5.NOORD-OOST V/D DOMMELSVOORT;1
HOOISTRAAT;1
Friechepalen;1
Voorstraat en Oostdijk;1
HOFSTEDE 'T OUDE KLOOSTER;1
HALER;1
HET HITJE;1
"KERKSTRAAT 3; (ROB)";1
Oude Doetinchemseweg;2
Oosteinde 47A;1
BREDEWEG;4
Oldenhove;1
HORN;22
BAKKERSTRAAT;6
Marktstraat - Einderstraat;1
DEUTLANDEN-BOERDIJK;1
"S13 ; HOUTENSE WEG";1
Binnenwijzend 36B (voorheen 36A);1
Vleeshouwerijstraat;1
Baarlosestraat;1
"T WAD ; WADWEG";1
Hommelstraat 22;1
Hambloksestraat/Maaswaalweg;1
Zeglis;1
RUYSDAEL;3
N261, Aansluiting Europalaan;1
NEERAKKERS;1
Goese Korenmarkt;1
STROOMGEBIED OUDE IJSSEL;1
Krommesteeg/Lunterseweg;1
Kreek- Sint Anthonypolder;1
Stationsstraat 5-7;1
Kastanjelaan 6A;1
01.116 Havenstraat (boringen);1
HARING;1
PLANGEBIED KRUISWEG;1
"HENCU ; CUIJK";1
KASTEEL OOLDE (OUD EN NIEUW);1
LAMBERTUSKAPEL;1
De Hoge Burcht, De Hoge Burgt;1
Motketel;1
"Rijksweg 55; voormalig AMK-terrein";1
Sec. G;1
Ontsluitingsweg A15, knooppunt 38 te Oosterhout;1
UDDEL;1
Langwijkstraat;1
Paersdrink;1
LEEBRUG, VEILING;1
KAVELSLOTEN M60/M37 EN M60/M65;1
Autoweg, de Thymse Berg;1
MIJNWERKERSKOLONIE;1
SITE K;1
OIRSCHOTSEDIJK;1
"Elandweg; Kavel K37";1
NOORDZEE NOORDERHAAKS 4 NCP BLOK Q2;1
HELMONDSE WEG;1
MASTBOS;1
HANNIE SCHAFTWEG, KAVEL J100/J101;1
HOOIDONKSCHE AKKERS;3
BIJLANDSEWAARD;1
ZUIDERKOLONIE;2
Chateau Sint Gerlach;1
"Oude Grindweg; Grote Schutskuil";1
Autobedrijf Nooteboom;1
NESBOS;1
DE HUGHT;7
SCHOONOUWENSE WEG 2;1
MANEN;2
SCHIPPERSVAART;1
"WILLIBRORDSPUT; WITTE KERKJE";1
Botvliet;1
"Manege; Oude Landgraaf; Boebegraaf";1
BESTEVAERWEG;1
Kennedylaan;1
Bradaal;1
RINNEGOM;2
STATIONSSTRAAT 34;1
De Stenen Poort;2
06.185 Van Viandenstraat;1
Kasteel op den Berg;1
Hof 25;2
MIDDELSTE AKKERKE;1
VEENDAM;29
AMERDIEP-ZUID;1
VINKEPOLDER ZUID;1
HOOLINGER ESCH;1
WAALSE WEG 4;1
NAAST WATERPOORT;1
Leukermeer;1
NERTSENFARM;8
it skoar;2
VEEGTESCH II;1
WESTERSTROOM;1
KLEIN HEILIGLAND 27;1
Lindenhovestraat 4;1
Reconstructie N560;1
NAPOLEONSBAAN ZUID;6
"ENGELANDERHOLT ; HEIDEHOF";2
BREDEPAS;1
RIJSINGEN;3
Tussen de Stegen;3
Kabel Roodehaansterweg;1
WEG VAN ONGENADE, KAVEL C111;1
ZONZEEL;1
Plangebied verbreding N31;1
HAGEPOORTSPLEIN;1
LAAN VAN KOOT;2
WARMOND - DORP;1
Hageveld;1
"RIETKAMP ; ALBERTSHOEVE";1
Oude Landen;1
VOORMALIGE HAVEZATE BEVERVOORDE;1
Boslaan;1
WELDAMME;1
DRUNENSCHE DUINEN;6
Linie van de Munnikenhof;1
Sittarderweg;2
BEEGDERWEG;3
ZWARTE PEEL;1
LEEMDOBBEN;2
LANGE BEGIJNESTRAAT 20;1
VAN DER HOOPPARK;1
PIEPERSVELD;1
HARFSENSE ENK;1
BARCHEM;1
"Rijksweg 57; vindplaats 4 Wattelsweg";1
"ST.WILLIBRORDUSPUT ; VIERWINDENLAAN";1
Kleine Berg 11;1
POLDER PANNEKOEK;1
GARBRANDSLAND 2;1
LUILAANTJE;4
WANSWERD;1
Millenerweg, Daalderhaagweg, Sittarderweg, Op de Baan, Op de Vos;1
Hertogswetering;3
LUDDEWEERSTERWEG;1
EMMERIKSEWEG 58;1
Martinushof;2
Lindestraat - Prins Bernhardstraat;1
Buulland;2
OP DEN KAMP;2
KORTBOSSEN WEST;1
MARIAS HOEVE;2
GROTE STRAAT 12;1
SCHIEPERSBERG;1
WIJLERBERGMEER;1
Hogewald II;1
Oude Kerkstraat 26;1
GIERSTRAAT 25;1
IJsselweg;1
LAARHUIS;1
Werken de Hilver;2
Zijlvest;1
Oosterveld/AMK 9665;1
OOSTELIJK VAN BERGHOF;1
Den Halder;1
Pykeswegje/ Rijksweg A-58;1
ELLERSINGHUIZEN;2
De Bunders;1
KAVEL J112;3
MOERVAARTSTRAAT;1
Drainage Vossenburchkade;1
Kerkstraat Morgenzonterrein;1
polder zuidzijde;2
Pontsteeg;1
Koolhoekweg;1
D28-NOORD;1
't Kasteeltje;1
Soutsweg;1
Huij 3;1
Waaxens;1
VAN DE PERREHUIS;1
HASPELKUILTJE;1
Plangebied Olieveld;2
"Voormalig AMK-terrein M10360: Zuidbuurt; Poeldijksche Wetering";1
DE HOOGEBURCHT;4
FLECHE;1
Pannenkoekenhuis;2
BEUSICHEMSEWEG, OOST;1
RAVESTEYN;1
"Schollervaarweg; Kavel M8";1
Groote Maat;1
"Wijk Zeekant; Borgvlietsedreef";1
ROSSENBURG;1
WESTENSCHOUWEN;12
Rochus Kapel;1
Deuterse Straat;1
Gevlochtsebaan;1
"WIESELSE WEG ; GREUTELSEWEG";1
URKERWEG, KAVEL D133;2
Trimunt, Trimunterwatergang;2
STRIEPER KERKHOF;3
KERK VAN DE H.JOHANNES DE DOPER;1
OVERBERG;2
Scheidingstraat 7a te Eede;1
TEXEL PAAL 26, 5;1
Hogenboomseweg 1;1
MEINERSWIJK;5
POLDER GALEKOP;1
"MAASTRICHTERWEG; ROERBRUG";1
VEENSTRAWIJK;1
SPIJKSE KWELDIJK;1
ZONNEOORDLAAN;4
Dorpsstraat 12;2
DE ZEVEN BERGJES;2
KOGGENRANDWEG;1
SAMBEEKSCHE VELD;2
SPITSBROEK;1
Troubadourlaan;1
ALINGHUIZEN;3
"MOLENVELDWEG; A77";1
2835 Oud Bodegraafseweg 105;1
Het Hoge Huis;1
Garderen - Begraafplaats;1
ST.JACOBUSKAPEL;1
Huis Geldersweert;1
Ambachtsweg;1
Provinciale weg (N214);1
Dal van de Keersop;2
Dijkhuizerzandweg 14;1
LOCHEMER BERG;1
"ELBURGERWEG ; BERGWEG";4
TWEEDE VERKORTING;1
Atteveld;1
TEN HOVE II;1
Lawickse Alee;1
TRAFOSTATION;1
HEUVELSLAG;1
ERVE DE SCHOLTE;1
St. Josephstraat 63;1
EBEN-HAEZER;1
"De Thymse Berg ; Leemkuil";1
LAND VAN PENNINGS,C;1
DE WEERD;5
Roggelseweg 79;2
LEENDERBOS (BRUGGERDIJK);1
KAPELLEWEG, SIMILE;2
A28 - Heiligenbergerbeek;1
STRAND HOOGE HLI;1
Meerlebroek;1
"Elkerzee-zuid; voormalig AMK-terrein";1
POLDER BUITENLAND, PENDRECHT;1
Breukelderveestraat;1
"Voormalig AMK-terrein M6438/CMA38C-026: Polder Schuwagt; C.G. Roosweg";1
Alloijzen-Bovenpolder;1
Leeuwenhoek, Darwinweg;1
Hogeschoorweg;1
"Dyksterwei; Dijksterweg";1
DE GOUW-KONINGSPAADJE;1
OUDE UIL;1
Hof Kranensteijn;1
HULLENZANDWEG;1
TIMMERMANSBOS;5
ONGEREN;4
Graafsche Raam;1
SCHOORVELD HULSING;1
Kavel E170 Ramsweg;1
Wassenaarse Slag;1
DE RETEN;5
SMIDSDIJK 6A, VERNOOIJ;1
Walkade;1
Walewegje;1
WEG HEERLEN - SITTARD;1
NIEUWE DIJK;4
Oijensche Hut;1
De Solberg;13
FUNDERING STINSTOREN;1
Vindplaats 1, Deelgebied 1;1
De Vier Perken;2
HOGE VLAKSEDIJK;1
OMIG;1
Achter de Arnhemse Poortwal;2
plan gebied st. Antoniusstraat;1
Bedrijvenpark Trilandis;3
Kalverwei;2
AHR 36;1
Staartjesspeelweg;1
DEN NUL;2
Taegersweg;1
ERVE MULLINK;1
CAFE DE HALVE MAAN;1
Babberich;1
LIENDERMEINTSCHE ZEEG;1
PAARDELANSDRIFT-WEST;1
NEEDSE BERG;5
HOOGENWEERTH;2
KLENKERWEG;1
CAPUCIJNENSTRAAT;3
CAMPERBEEK;1
Trace Vierhuizen - Munnenkezijl;1
PROJECT ISEV (EDE-VEENENDAAL;1
HUIS ENSCHEDE;1
HEELWIJK;3
DE HOOGERT;1
DOEIJENBURG;2
WIJNSTRAAT;4
Sint-Antoniusstraat;1
Gerwenseweg;1
KWELDAM;1
Westdorperstraat;1
Valkenswaardseweg;1
HET KRAAIENNEST-SITE 21.15;1
PAALAKKERWEG;1
DUINWEG (VINDPLAATS 2);1
BOSSE BAAN;1
ZIERIKZEE GRAVENHOF;1
MAREWEG;2
TEN ZUIDEN VAN N.H. KERK;2
BRUISBEEK;1
SCHAELSBERG I;1
Croonenburg;1
BURGZAND 7;1
Middelwatering-West;1
BOOR-vindplaats 17-135;1
WIELINGEN 2;1
LIJKEWEG;1
UFFELTE;3
Julianaweg/A28;1
Badstraat 15, Badhuisweg 28;1
DREUMEL;1
UFFELTERPOSTWEG;2
Jasykoffstraat (Bergbezinkbassin);1
WESTENESCH;1
SINT CHRISTOFFELPLEIN;1
Waterbergingslocatie sportvereniging Aquila;1
ACHTERSTE DIEP;1
vondellaan;1
Munnikenweg, strandje van Westmaas;1
GROTE GEEST;1
SCHARNDERKUILEN/ 'T HETJE;2
Gaaikemaweg 3;1
DE SCHAKEL;2
DE KUILEN;4
Uilenburg;1
Munsterweg;1
Markt 6;2
de voort;1
Heiligerweg;3
RUTTENSEPAD, KAVEL A31;2
WEERSELO;11
Nuenen-West, Dubbestraat 10;1
ROOYENSTEIN;1
COMMANDERIJ VAN DE JOHANNIETER;1
NOORDERRINGWEG, KAVEL F83;1
OOST VLISTERDIJK 17;1
Eerselsedijk;3
Dorpsstraat 8-10;1
NABIJ DE MEER;1
VAN DALSUM;3
Strijp;8
SPANJAARDSBERG;3
Witvensedijk;2
WETSELERBERG;1
'T SCHOOT;2
SCHABOSWEG;1
DIJKPOLDER 14;1
'T RECHTHUIS;1
BIJ ERVE HET STROOTHUIS;1
Kloosterveld;1
DAARLER BELTEN;2
DE HASELT;1
"De Maai; Groot Duijfhuis";1
GROETPOLDERWEG;1
GOOIMEER;1
NABIJ DUIVELSHOF;1
ABDISSENBOSCH;2
HOOGSTRAAT 112A;1
RIKKERT;1
Voorste Heideveld;1
BURSEPLEIN;1
Graafland;1
VOLWERF;1
POLDER DE BERKMEER (VINDPLAATS 34);1
REDE VAN VLISSINGEN;3
"Potterstraat; Looiwinkel";1
BEUSICHEMSEWEG/LEEDIJK;1
KRAYENBURG;1
Dionisiusstraat;1
HONDELVEEN;3
KLUTENWEG, KAVEL G4;1
BIJ DE HOOGENBERG;1
Monnickenbosch;1
de Paal;2
Oosterdijk 13;1
Voormalig AMK-terrein M2705 / CMA28H-A22: Weerselose Veld;1
Oostrikweg-Noord;1
"GROOTE HEIDE ; ACHELSE KLUIS";2
BEKOL-TERREIN;1
De Nes;1
Frankrijkstraat;1
Noordweg 15;1
Hedelsche Waard, voormalig AMK-terrein;1
TIGGELTSE AKKERS;7
HAMELSPOEL;1
TUMULUS DROSTEWEG;1
ARNHEMSE HEIDE;1
RW 34;1
Langstraat 29;1
Waarderstroomgordel / Parallelweg West;1
Strijbeeksche Beek;2
MERKELBEEK;1
Arkerweg 4;1
PELGRIMSRUST;1
"Laareind ; Levendaalse Weg";1
HILSDIJK;1
St. Antoniusstraat;2
"Voormalig AMK-terrein M12894: Dorpstraat; Dorpskern";1
Hammermolen;1
Wildhage;2
SCHIPGRAVENWEG;1
15.12 FOPPENPOLDER;1
Brabershof;2
Willemsboo;1
DE KEMPKES;2
Plangebied Schijfweg;1
Staatsmijn Wilhelmina;1
POLDER OTERLEEK (VINDPLAATS 30);1
QUADENOORD-TUMULUS;1
LANDGOED DIJNSELBURG;1
NOORDZEE EUROGEUL 6 NCP BLOK P17;1
DORPSSTRAAT, DELFTSEWALLEN;1
MERWEDE;2
A28;2
Achterweg tussen 76 en 80;1
TRAPJESWEG;1
Komweg (ong.) te Didam;1
DE PLOEG;1
"Voormalig AMK-terrein M9413: Klaas Engelbrechtspolder; Woudhoeve";1
whemerweg;1
Pottersplein;1
WELLERZANDWEG, KAVEL L47;1
Bank van Zoutelande 3;1
Weijpoort;2
ELSPEETSCHE HEIDE;3
LEMELERVELD;1
DEVELSTEIN;1
LINDENBERG;1
RAVENBERG;1
"Stamerweg; Stamerhoef, Voormalig AMK-terrein";1
Hamlaan, Den Ham;1
Lindestraat/Molenbeek;1
OVERLOON;2
"Schouw; Kavel B19";1
Elisabeth Gasthuis/St. Andriesstraat;1
Zandwetering;1
RIDDERSLAG;1
DE DELLEBUREN;1
Hoge Zijdeweg;1
RIETBOERSWEG;1
Noord Steenplaat 2;1
Spui tussen Grote Marktstraat en Amsterdamse Veerkade;1
Voormalig AMK-terrein M13255 / CMA38G-A09;1
ZELHEMSE ENK;9
PONTWEG - NOORD;1
Polder Oostvoorne, noord van Kleidijk;1
Brink 67;1
De Berkt Zuid;2
WITTE LOOP;7
Oude Rheder Kerk/Dorpsstraat;1
Gats;1
Usseleres;2
Houten-Loerik, terrein 9;1
Ekkersrijt_IKEA;1
BEEKHUIZERZAAND;1
Vleetweg, Grootslagpolder;1
SCHOONBERG;2
Lange Lange Voorhout - terrein Rekenkamer;1
Huuslarijstraat 29;1
REMMERSTEIN/PRATTENBURG;1
Waaloever;1
Krim;1
DELFSHAVEN, HAVEN;1
Kasteel Moermond;1
"HOOG STRIJP ; DE KOPPEL";1
KLEIN-TER HAVER/DE HAVER;1
Hummeloseweg 46-46a;2
'T HARDE;1
ZUTPHENSEWEG;1
D39A - WEERDINGER VELD;1
Tuinen van kasteel De Wildenborch;1
SMIDSFENNEN;1
HOFFER GRINTWEG;2
EWIJKSE VELDEN IV;1
Groeneweg/ Lokbossen;1
DE NIJBORG;3
HERXEN;9
Teggerweg;3
KERKENAKKERS VI;1
KOERHUISBEEK;2
Kemppestraat;1
MILDENBURG;1
OUDELAND;1
LOONER DIEP-OOST;7
TEN ZW VAN DE DREEF;1
DRIE, SOLSCHE GAT;1
Schoolstraat;25
ZANDERIJ, Voormalig AMK-terrein;1
Veldstraat;3
DE KRAAYER;1
DORP (EN KASTEEL);1
Oude Bredase Baan;1
Zeeuwse Voordelta 1 jaarboek2;1
DROEVENDAAL;1
EMMELOORDERWEG-KAVEL P14;1
Ameland Paal 18;1
BROEK 2;1
Boordseweg 77;1
Rosandepolder;1
Binderseind (hoek 'oude' Waardstraat);1
MEERTENWEI;1
BEUVEN;4
HET SPITZEWEITJE;1
HARNASPOLDER;2
DE TINNENGIETER;1
De Meinweg;1
Weteringerbrug;1
HET KAMPS VELD;1
Wulplaan;1
Roode Beek;2
HEGEIND;1
OUDE GOOTEPOLDER/VECKDIJK/RATTENDIJK;1
SUIKERBERG;1
OP DE STEEG;3
dijkversterking Spui-Oost;4
MAGDALENABOSCH;6
molenhorst,vierlandjespunt;1
Polderweg;3
VOORMALIG KASTEEL BLAARTHEM;1
OUDE KEULSE BAAN;2
Vooreind;1
"WILDEKAMP ; ZONNELAND";1
De Westberg;1
Reeven;1
Schipperswijk;1
CRADILLEN;1
Sterckwijck, vindplaats 3;1
ZANDVOORT / BLOEMENDAAL PAAL 63/52;1
FRISSESTIJN;1
Woezikstestraat 622;1
KORTEVELD;2
ZANDBERGEN;2
DEN ALST;4
Hofstraat;4
D8A-KNIPHORSTBOS;1
NW van het hunebed op het Drouwenerveld;1
blankenbergse grub;1
GENNEP-WEST;2
WAALBANDIJK;4
COTHEN, voormalig AMK-terrein 12136;1
BRUGGELEN;2
ROLDUCKERSTRAAT;1
het cemtrumplan;1
17.AA AALKEET BINNENPOLDER;1
Plangebied Handelskwekerij Bosscheweg;1
DE VLINT-WEST;1
Eikendonk;1
ROZENDIJK 24;1
UTRECHTSESTRAAT 57/ ECK, W.P.VAN;1
TESKEN;3
"GORTELSE BOSCH ; HEIMERSE WEG";1
Hoofdstraat 150;1
KAPELWEG;5
Speelhuislaan;1
Eemstraatweg;1
Aylvalan;2
"IJSKELDER; Verdronken land van Saeftinge";1
TERREIN ENKHUIZER BANKET;1
Burgemeester van Rijnberkstraat-Burgemeester Bruynstraat;1
Verbrandestraat;2
16.B  AALKEET BUITENPOLDER;1
TONCKENSBOS 30;1
Kruising Loevesteinlaan-Windesheimstraat;1
LOODHOLSE WEG;1
ZUIDERESCH;16
stationsweg;1
SCHAARSHEIDE;1
WATERLEUZEN;3
IJsselbrug;2
BREUKELAAR;1
STERRENBERG;1
CORIOVALLUMSTRAAT;6
OUD-ELLEMEET;1
NIJEVEEN;3
Damiatebolwerk;1
Herkenrade, locatie Huntjens;1
Harselaar/Nijkerkerweg;1
Kerkveldweg;1
uitbreiding riooltrace bedrijvenpark A 18;1
Dommeldal;4
HOGE ESCH;11
NETERSEL HEIDE;1
SPANBROEK;5
BEUSICHEMSEWEG NRD, KNIPHOEK;2
BADWEG SCHEVENINGEN;1
KINDERBOS;1
GERMAANSE PUT;13
'T SIJL;1
Arnestein;3
Landgoed Hulsterstraat;1
BAKERBOSCH;1
ROERMONDSE WEG;1
SLEEN;2
JANSWEG (HOEK LANGE HERENSTRAAT);1
VETSTUKKEN;1
VAARWATER NAAR DE COCKSDORP I;1
ACHTERWEG 23;1
Hogeschoollaan;1
De Lommerbergen;1
"Uiterdijkenweg; Kavel R85-I";1
Sportlaan;9
VNB-terrein;1
UITERDIJK;6
Bovenste Puth 76;1
RECHTUIT;2
HOFSTEESTRAAT;1
Kasteel Burgt;1
JODENBOSCH;1
"ABSHOEVEN; KLOOSTER";1
MAASLAND;1
PASSEWAAIJSE HOGEWEG/OUDE TIELSEWEG;1
KLEUNVELD-HULLENSTUKKEN;2
BONIFACIUSKERK / NH KERK;1
KERK V.D. HEILIGE LAMBERTUS;1
DE STAAY;1
Eelinkes;1
SCHAGEN NOORD;1
Gameren, Ouwelseweg;1
INGELANDSE BRUG;1
MAASHESERWEG;1
Boksum- Kerkterp;1
Venlo TPN deelgebied 2 D en F;1
Wijngaart;1
VELSERBROEKPOLDER PLANDELEN H EN K;1
DE DAMSTUKKEN;1
KERKPLEIN;7
Eerste dam in polder Kort en Lang Ambacht;1
PEZENKAMP;1
"Loretokapel; Haegenbroek";2
BROEK;2
Boulevard;5
Hoofdstraat 195-197;1
Christinalaan;1
ACHTERWEG, ZUYLESTEIN;6
Eenselaar, westoever Goorloop;1
KOORRUIMTE N.H. KERK;1
KLARENBEEK;3
WELLERZANDWEG, KAVEL L9/L38;1
echterheide;1
BEGRAAFPLAATS;7
Isaac da Costlaan 20b;1
W.ZYDE GREBBEBERG, VOGELENZANG;1
HOOGE POORT;1
DUIVELSBERG;3
Pastoor van Steenstraat;1
Agnetenberg;1
"Espelerweg; Kavel C130";1
LANGS DE ACHTERDIJK;1
Waterkwartier;1
SPIERDIJK;9
Voordam 4-5;1
"HASSELSVENNEN ; LEENDERBOS";1
Villa Maarheeze;1
TONCKENSBOS 01;1
RIJN BIJ MALBURGEN;1
KERKHOF POPPENDAMME;1
BEEGDERHEIDE;3
BOLSWAARD;1
CORVERSBOS;6
Hoogte Kadijk 9;1
JAN MOERSWEG;1
"TRAANBOK ; KRUITMOLEN ; SCHEPENWIJK";1
Skilwei;1
"Voorstraat ; Waardmanshuis";1
"HEUL; POSTKANTOOR; BAGUIJNEN STR. 2";1
GROTE HAAG;1
NOORDZEE NCP BLOK M5;1
SANDERBOUTLAAN;1
Stinswei-Easterein;1
PEIJBROEK;2
STIPPELBERG-SITE 12A-B;1
Beatrixstraat 68;1
Mienakker;1
HOOFDSTR. 6;1
DE KAMPFLESCH;1
BIVANCK;1
VIKERIJE;1
"Goudberg; Genoudenhof";1
SLOCHTERBOS;1
Terstraten;1
06.163 Rijskade;1
"ONSTEIN ; RIJKSWEG A1";1
VENRAY;2
KAVEL N10;2
Het wijdeveld;1
BLEKVEN;1
EENZELAAR;1
Gasthuis;14
HOORNSCHEVELD;1
Rijkelse Bemden;10
MOLENSTRAAT 36;1
POPPEKERKE;1
BUSSELTE;2
Slokkert, Zuidlaarderweg;1
VIJFLOPENZAAD/ VOORSTE RIJT;1
Martinikerkhof 23;1
DRIEL;1
DE BOUWERD;1
ST HUBERTUSTOREN;1
"VARKENSMARKT; KOKKESTRAAT";1
"Stationsstraat; Bergstraat";1
Stadhouderslaan;2
Gansoyen;1
POMPHUL;4
DE HAVEN;1
DIJNSELBURG / OUDE WOUDENBERGSE WEG;1
DUIVENVOORDE;10
Strip ten zuiden van lint van Westerblokker;1
Woonakkers;1
NABIJ GRONINGERESCH EN VELD;2
Zaanweg 60;1
Lindegr 47-5;1
BOVENPOLDER;1
WINTERDIJK 19;1
WITTEBRUGSTRAAT;1
CANISVLEITWEG;1
Saendelft;5
Hollandse Waterlinie;1
BURGEMEESTER DE BEKKERLAAN;2
"Plangebied ""Dalmeden""";1
ONTZANDING ACHTER GRAD PETERS;1
ZUURSE DUINEN 1;1
OHE BROEKERVELD;2
OTTERSUMSEWEG;2
NIEUWE DIEP;1
OSTAAIEN;1
KAMPERESCH;20
T FORTUIN;1
IN DE HAMMEN;1
DE FUUK;1
CASTERSCHE DIJK;1
"Hooispoor; Horst";1
ZEIST, voormalig AMK-terrein;1
Bloemstraat 2-84;1
IJSSELSTRAAT (KRANESTEEG);1
Molenberg;2
Zandvoorterweg;1
"HET ZAND; 'T ZAND";1
WITTESHEUVEL;2
NIEUW BISPERINK;2
ZITTERT;1
"DOMINEEPAD ; DE WEEGE";1
Sint Jacobstraat;1
DE KLUMPER;1
Rucphenseweg 59;1
VOGELENPAS;2
POLDER VUYLKOP;1
OOSTERVOORTSCHE DIEP-WEST;1
FABRIEKSTERREIN SLUIS 11;1
Heereind;5
D54A;1
HOEFVELD;2
"kasteel Montfort; Huysdijk 4";1
'T WITTERHOLT-ZUIDOOST;1
Hunerberg, Castra;1
Dam;2
SPOORTUNNEL GROTE MARKT - METR0 BLAAK;1
GROOT BOESCHOTEN;1
Parkzicht;2
"WEERT; PAPIERFABRIEK";1
ST.DONATUS;1
KEUPERVEEN;1
Oosterhoutseweg;2
DULLAERTPOLDER;1
DE LODDERS;3
HOUTSTEEG (ACHTERDIJK);1
REDDINGIUSSTRAAT;1
JODENVONDER;2
"LORBERG; HEINSBERGERWEG";3
ZANDWEG-VEILINGGEBOUW;1
D54C-MEEUWENPLAS;1
LEEMKULE;1
AALSBERGEN IV;1
HEUNINGSTRAAT;1
KRUISWEG T.O. NRS. 11-13;1
"d'Almarasweg; Groesbeekseweg";1
BIJ GROTE MASLOOT;1
TUMULIHOEVE;1
kasteel Mothoven;1
LAETEN;1
VEERSLOOT;3
SCHOTERWEG, KAVEL K62;1
HEIJMHOEF;1
Rietmolen;1
De Lichtenberg;1
SCHUYTGRAAF, DE LAAR;2
KEUTENBERG I;1
Euryza terrein;1
TJITSMA-FOARRYP 5 G71;1
steutenweg;2
Westelijke randweg;1
Lopikerweg Oost 130 te Lopikerkapel;1
MILHEEZE IV;1
Craaveld;1
STET 1 EN STET 2A;1
Jan van Hooffstraat 3;1
Lage Mierdseweg 6a;1
"Voormalig AMK-terrein M10432: Polder Over-Slingeland; Verloren Donk";1
STRYPSE WETERING;1
NIEUW GEELINK;1
ENGELSMANDUIN;1
ROOMSE WIJK;1
GROTE MOOST;1
Kasteel Didam/ Berchvrede;1
Voormalig AMK-terrein M8689 / CMA58E-A13: Eikenbroeklaan;1
KRUISHERENWEG;1
HOEMANSMEER;1
BORGSWEER;1
KOOGHUIS (VINDPLAATS 10);1
EIMERT;1
PARADIJS;1
Verdronkenoord 18-20;1
Horzak West;2
Het Hutsel;2
OVER-BOEICOP;1
WEZELSE BERG;1
"Domineesweg 27; Kavel E22";1
Beukerstraat 15;1
NIEUWE DRIEMANSPOLDER;1
FOCHTELOO;12
Noordbarger es VI;1
"TRAA ; PAUWENHOF";5
KONINGSWEG-BOSWEG;1
DE BOORN/OLDYP;1
Spiegelstraat;1
LOERIK;31
BOELENHAMSESTRAAT;1
KROMME LANDEN;7
Den dries Ledeacker;1
Perswaterleiding 2003;1
MAASWIJNARDENWEG;1
DE ZOEKER ES;1
coenegracht straat;3
"Onderduikerstocht; Kavel G60; voormalig monument 15H-A09";1
DE DRIE PLASSEN, voormalig AMK-terrein;1
Plangebied Kobus II;1
SINTLAURENS GOLSTEINSEWEG;1
Penningsdijk;1
BLANKENBERGSE BROEK;2
VAN VEELENWEG;1
DE HOODESPIJK;1
"ZWARTE WEG; HOOGE-VUURSCHEWEG";2
"ERVE STEGEMAN; GARDERENSE VELD";1
OOSTERKAMPEN;2
OUDE CAMPSPOLDER 14;1
Bangert;1
Langestraat / Kerkstraat/Coppelstockstraat;1
Hagestein Dorpsstraat 29;1
Binnenpolder;1
Van Hornelaan;1
KEERENDERKERKWEG;5
N210/C. G. Roosweg. Vindplaats 3.;1
Leidseplein/ hotel Americain;1
POLDER VAN JAAP DE DOOD;1
HOGE 6;4
DE DRIEBURG;1
Struikven;1
SLAPERDIJK;4
FORT VECHTEN;2
BARBARA'S WEERD;1
Hoppenbrouwers en Weegbree;2
DONIAWEG;1
DE BOCHT;1
Fort Livinus;1
Vliegtuigweg;2
Kerk van de H. Martinus;1
"21.31 DORPPOLDER; KRAAIENNEST";1
"DE KAMPEN ; KESTEREN EN OMGEVING";1
"ASSELSCHE VELD; SPOORBAAN";1
OOST VLISTERDIJK 4;1
DE HOGE HOF;13
VEENSELANGWEG;6
HOGESTEEG 12;1
Plan Rozenpad;1
EDESE HEIDE;1
Medemblik 3;1
EWIJKSE VELDEN;4
BRAAT VINDPLAATS V;1
HOPWEG, KAVEL K34;1
Houtstraat;3
Middelhorsterweg;1
"GOORLOOP ; CROY";1
LAGE HOVEN;1
KAVEL O34;1
3e Haagstraat;1
19.31 OUDE CAMPSPOLDER;1
Bongerd/De Spil;1
TERZIET;1
NOORDHAFFEL;17
ORANJESTRAND;1
Het Loobeeke, voormalig AMK-terrein;1
ZOCHERPAD;2
03.005 Emaus 73;1
Middel Broekweg;2
Oude Utrechtseweg 1;1
ESTEL;1
OUDDORP jaarboek2;1
SWANENBURG DE VEIJESTRAAT;1
Zeekberg-Oost;1
ESPELERPAD, KAVEL C62/C63;1
KERK VAN DE H.MARTINUS;2
"Hoornwerk; Veerstraat";1
SPAARNWOUDERSTRAAT 91;1
OPPERBUORREN;1
"LUNTERSE BOSWEG; GOOISTEEG";1
HOFLANDERWEG 27-29;1
UBBERGSE VELDWEG 125;1
Bergseplaat;1
STRAND VROUWENPOLDER;5
Burgemeester Hasselmanplein 2;1
DE BONENBERG;1
BERGHUIS, DE SPIJLEN;1
SION;4
EWIJKSEVELDEN;1
KADASTRAAL PERCEEL H1792;1
DOORNENBURG (VOORBURCHT);1
Hulshorst Weversweg;1
POPTASLOT;1
RIDDERSTRAAT;4
BAKKERLAAN, DR. D.;1
Hollandsch Diep;1
MAASVLAKTE AMAZONEHAVEN 1;1
Laan van Henkenshage;1
St. Joris driehoek;1
LAAGPOLDER;1
Bergkerkplein;1
Bolderweg 32m 3Z2 De Vaart II;1
Mortiere, vindplaats14;1
De Weerd;1
ANTONIUSLAAN;2
NIEUWE BUISSCHE HEIDE;2
Connexxion/Alevietenterrein;1
MARIENBURG;3
Herten Wolfsberg;1
"BERKENLAAN; INGANG HENGSTDAL";1
DE HEEGE NOORD;1
01.091 Kuijperstraat 55;1
DAALDERVELD;5
GASTERENSE DIEP;1
BLARICUMERHEIDE;1
MEERLAND;1
01.014 Schoolstraat 9;1
HOF VAN PUTTEN;1
't Klooster;7
Hardenbergerweg 4;1
MEERKOETENWEG, KAVEL D25;1
Hondsrugweg;1
Huiberts;1
"SPRIELDERBOSCH; MALEBEUK;PRINSENBERG";3
VOGELRESERVAAT;1
Petterhusterdyk;1
Heeserveld;1
Noordzee NCP Blok P12 1;1
Bleekveld;1
molen noordoostoever Meerburgerwetering;1
LOOZERHEIDE;5
TORENVALKWEG, KAVEL C60;1
KORENMOLEN LANDZICHT;3
BAANHOEK;1
NOENRODE;1
NOORDERMEERWEG, KAVEL B79;1
ENGELRODE;2
ROOM- OF MEERBURGER POLDER-ROOMBURG;6
"KERKHEUVEL; (DRIEHUIZERKERKWEG)";1
Colebranderstraat;1
TEN ZUIDEN VAN MALBURG;1
OOSTERSCHELDE WEMELDINGE 3;1
BEGRAAFPLAATS OUDE KERK;1
Deelgebied 7 Havengebied;1
"Schokkerhaven; Kavel E170";1
NOORDZEE BALLONPLAAT 1;1
Vrilkhovensche Akkers;1
"VROEGERE BOERDERIJ "" DE POL """;1
OUDE STEE;1
BOUWAKKER;1
plangebied 10  boring 29+31;1
"SANDERBOUTLAAN II; VINDPLAATS 3";1
DE BALEM;1
APD ZW Veldekster;1
ACQUOY;1
GEESTERWEG;1
a2/a12;1
Kruigenstraat;2
Termaar;1
ONSTWEDDE;4
HEMSTEA;1
Veerstraat;6
Airstrip B-82 Grave (bij Keent);1
Sinderenseweg 72;1
Waldfeuchterbaan;8
Jesuitenstraat;2
DE VERGULDE BODEM;2
WESTERWOID;2
ACHTERHOEK;3
SCHAARSE BERG;1
Loosduinse Hoofdstraat - Arnold Spoelplein;1
VOGELTJESLAND 5;1
ULRSPOT;1
winkelcentrum Streekhof, westelijke uitbreiding fase 1;1
Stroobos;1
KRALINGERPOLDER 01;1
KRAGGENBURGERWEG, KAVEL T72;2
Talud fietstunnel Rondweg Noord;1
Well Aijen;1
Kodaklocatie;1
Nigtevecht Gartenstraat;1
Schapendrift, de Schipborg;1
Sportpark Buitenhout;2
pyntorenstraat;1
Molenenk 9;1
RIMBURGERWEG;1
Dorpskern_2;1
Pastoor Jansenplein;1
tussen de Hofkampseweg en de Toeren;1
Kiebeugel;1
EINDHOEVEN;1
MUNNIKEWEG;2
A-50;2
O.V.NAPOLEONSWEG;2
Station Reuver;1
11.002 Kreekweg;1
OUDELANDE;2
ALDERT PIJPJES;1
ACHTERESCH-NOORD;3
Oude Weistraat;1
BEECKESTIJN;2
Straalweg;1
GEMEENTEBOSCH;1
RODE WIERDE;1
TANKENBERG;5
DORKWERDERSLUIS;1
Schalkwijksche Wetering, Provinciale Weg, Voormalig AMK-terrein 11412;1
Koorstraat 59;1
Dokkumerweg;1
Oude Sint Jacobskerk;1
DE WEEM-ZUID;1
Leudal;3
De Dijk;2
RANDWIJK-TWEEDE INDUSTRIETERREIN;1
Vondermeden (Grutterskamp);2
KABROEKSCHE BEEK;1
BREDE WEG;2
VELDHOF;1
DAALZICHT;1
"Het Schupse Bos ; Oude Veensegrindweg ; Bergbad";1
ERVE GROOTENHUIS;1
locatie SCH3100;1
KOLONIEWEG;3
Dijk Fort Wierickerschans;1
HUNNENKLOOSTERBERG;1
VAARSE WEID;1
Parelvisserstraat;2
MARKIEZENPLAATSEN-ZUID;2
ZEEHOSPITIUM;1
ROOSLOOT;1
Boskronkel tunnel;1
2176 Dominicusparochie, Tiel;1
AALKEET BINNEN 041;1
PRINTHAGEN;7
De Tangh;8
LAGERE SCHOOL DE KLOKKENBERG;3
GEERTRUIDENBERG;1
BIJ HUNEBED D15;1
hunebed op de es van Eext, grafkelder van Eext;1
Rijksstraatweg 52;1
St. Annapolder;1
Kersweg;1
Hoge Veldseweg / Panhuizerweg;1
KONIJNENBELTEN;1
Koesteeg;1
Bededen IJssel;1
MONNIKENMUURSTRAAT;1
Gansstraat 1/Ledig Erf, locatie C;4
De Banjaard;1
WESTERLEE;2
Afhang;1
Elst Aamsepad (gem. Overbetuwe);1
"EIKENDONK; DEN HOGERD";1
HIJKERVELD-OOST;2
HARSKAMP;3
CASINOCOMPLEX;1
"BROEKAKKERS ; WAALWETERING";1
GEERTEKERK;1
PLECHELMUSKERK;2
Nieuwstad-Isendoornstraat;1
Geulderveld;7
Lagedijk 230-234;1
Forum Hadriani;1
NABIJ GENOUWENHOF;6
BERGHAREN SECTIE A 449 EN 396;2
Tuurdijk, Klooster;1
RIJSSENSE WEG 11 ENTER;1
EIGENBLOK GRAFHEUVELS;1
Begijnhofweg;1
OLLAND;1
Zuidoost van Brommelen;1
Roosterbos, langs Hilversumse straatweg;1
Plangebied Oastkern;1
OUE TERP;1
VIJVERHOF;1
UILENBURGSESTRAAT;3
POLDER DE REKEROOG;1
ACHTERDIJK-OOST;1
Westerdiepsterdallen;1
HUNNESCHANS TUM A;1
DE OPSTAL;1
EXLOERWEG-VELDDIJK;2
HEMMERDIJK;1
Groot Nieuwland 23;1
HOLSTERWEG ZWARTEBERG;2
Stichtskant, 1-R;1
Valburgseweg 16-20;1
Bloemweg;1
"Voormalig AMK-terrein M12914: Het Fort van de Diaconie; Noordzijde";1
GROOT RAVENSTEIN;1
UTRECHTSESTRAATWEG 29;1
Ritsevoort 16-18;1
OUDEMOLENSCHE DIEP-NR.1;1
Schepenstraat;1
Grijze Graaf 17;1
KRAMMERSE SLIKKEN;1
NUILERVELD ZWARTE WATER;1
KAPELLE WEG;19
DUIFPOLDER;2
Grote Kerkhof;1
Leyenbroekerweg;1
VOORSTAD ST JACOB;1
DE UILENHOEK;1
Cuijk-Dommelsvoort;1
Wijngaardsberghof;2
SCHUURKENSHOF;1
AGNIETENSTRAAT;1
Plakstraat 18-22;1
Zwarte weg;1
Autoweg;1
"BUSSEREIND-WEST; BAKHEIDE; voormalig AMK-terrein";1
PONTWEG NOORD;1
BOOMPJESPUT;4
PRINSHENDRIKHOEVE;3
Vossenakker;2
Rondweg, Binnenweg, Rijsbruggerweg;1
BENGERDEN;1
STAVERDENSCHE HEIDE;1
GROOT ENGHUIZEN;1
DUIN EN BOS;1
Oosteinde 77;1
Grevelingenstraat;1
Plan Westmolen, singel;1
"N.H.KERK; HL.LAURENTIUS";1
TORENLAAN - DE NAALD;1
Poelenburgh;1
Landgoed Heijbroek;1
BIJ TRASSELT;1
BARON D'OSYSTRAAT;1
GEYLENBROEKWEG;4
De Witte Moeren (terrein G. Struis);2
Aan de Volmolen;1
WEERTER BOS;1
MEERSE DIJK;1
VARSSEVELDSEWEG;1
06.120 Marathonweg 18;1
BREEDBROEKEN;2
ROHAAN;1
Oud Bodegraafseweg, locatie 3;1
01.120 zomerstraat 41;1
N210;1
MEER EN BOSCH;4
De Roskam;1
Esvelderbeek;1
"VLADERAKEN; VLERKEN";1
ZENNEWIJNENSEWEG;3
Natuurcompensatie;1
OUDE MEIJE;1
Kavel F72;1
Gageldonkseweg tussen 4a en 6;1
Tulpstraat Leliestraat;1
ASSERWEG 13-15;2
Zearendstraat Kerkterrein;1
SCHAAPSBERG;1
GROEVE;1
Ittersummerbroek;1
Hitsberg;1
MEEDENERWEG;1
Oude Veerse Weg;1
Zeildijk 77;1
"VORST-ENGELAAR ; BARNEVELDSE BEEK";1
KAVEL J123;1
BLAAK;1
Herstraat (perceel 2);1
Schoudermantel, De Vork 22;1
GROENINGSE BERG;3
AAN DE SCHOOL;5
KASTEEL BORN;1
BALGOOIEN-DORP;1
Dorpsstraat 16-17;1
Heerebeemd;1
DE PIJP;1
VIADUCT DALWAGEN-NOORD;1
MOLENKADE;1
BLITTERSWIJCKSE WEG;3
Mars;1
AALKEET BUITEN 56;1
Oud Bodegraafseweg/ Nassaustraat/ Koningstraat;1
LEVENDAALSEWEG;1
"ARME HOOGAARD; voormalig AMK-terrein";1
DE MARKE;1
terp Sotrum;3
ONNASCHEVELD;1
Achterbergsestraatweg;3
Veenakkers;1
HOOP EN VLIJT;2
DE SETTEN;1
AALKEET BINNENPOLDER 27;1
ERICHEMSEWEG;2
NOORDERPOLDER, VINDPLAATS 8;1
Zalkerbos 330/Voorweg 109: Kentalis/Effatha-terrein;1
De Wijde Blik;1
BOERENVERDRIET;1
Kerkstraat 54;1
Kanaaldijk/Zonneweide;1
Werdastate;2
KARPENDONKSE HOEVE;1
Kloosterbos - Holswick;1
KANWEG 10;1
Welmanweg;1
"Voormalig AMK-terrein M7040/CMA30G-017: Santhorst; Rijksstraatweg 275";1
Olieschans;5
RUIGEHOEK;1
Cypressenlaan/Oudedijk;1
"Wrakkenweg; Kavel A55";1
IJsselmeer Afsluitdijk 1;1
DORPSSTRAAT 130, HEUVELSTEYN;1
Boer;1
plangebied Steensel-Noord;1
MAANTJESLAND OF 'T KOLKJE;1
Waagplein;3
MARHIEM;2
GOLDBAARGEN 3;1
Monocotyl;1
OUDE KERK-BUITENLANDVAARDERSKAPEL;1
De Linge;5
Usquerderweg;1
DE RUITERBERG;2
"VLAKTE VAN DE RAAN 2; NCP BLOK S10; ANNA CATHARINA";1
MESCHERHEIDE;2
OUDE TILBURGSE BAAN;1
Station Krommenie/Assendelft;1
Bruinisser Stelberg;2
OVERSLAGWEG;6
Binckhorst;1
AMSTERDAMSE POORT;1
centrumplan;1
Archeologische zone 4, Oostvlietpolder;1
't Ruige Veld, spoorterrein;1
WESTERHAVENSTRAAT;1
De Zeven Morgen, tuin langs weg;1
kromme knjilles;1
Irenestraat;1
ERVE EEFTINK;2
EMPEL-RIJKSWEG;1
DE TOLLENBURG;1
VRUCHTENOORD;1
SCHAPENWEITJE;1
GRUTTOWEG, KAVEL GZ59;1
"DUIVENAKKER ; TER CUYLEN II";1
LIMBRICHTER/LIMBRICHTSE BOS;1
GENTSESTRAAT;2
"Voormalig AMK-terrein M6583 / CMA37H-005: Develweg; De Devel";1
Kleine en Grote Bladbos (ten oosten van Amerongen);1
WOUDSLOOT N VOORWOUDE;1
MARKTVELD;2
OIRLOSCHE HEIDE;4
Zeeweg;3
KETTINGDIJK;1
MARKT 4-8;1
MALDEN;1
KASTEEL BERGH;1
De Wildeman - Vindplaats E;1
Kempenweg;2
TELGENWEG;1
kessel-hout;3
Draaibrugseweg (N251);2
BERGHEMMERVELD;1
Dorpsstraat, perceel B 1047, Pastoorsland;1
Centrum Ulft;1
NAGELERWEG, KAVEL J120;1
De Laren / Boerdonksedijk;1
Lakenstraat 59;1
SLUISPAD 2;1
VOSSEMEERSEPOORT;1
Wormerveer station inhaalstrook;1
HEEZER ENG;1
Verhoven;2
WEG NAAR NIEUW-DORDRECHT;1
Van der Hoevenpark;1
Ashorst;25
Oegstgeest/Rijnsburg Frederiksoord-Zuid;2
Achterraamstraat;2
NOORDZIJDE ALBLASSERDAMSE STROOMRUG;1
Buitenwoel;1
De Hommert;1
NIJLANDER ES;1
NABIJ NW CRAILOSEWEG;1
ERFGOOIERSLAAN HEUVEL101;1
Gentse Poort;1
Dorperveld;1
Mouwweg;2
"DE GEEST ; OOSTERWEG";1
Oude Provincialeweg;1
Berkterhei;1
De holdeurn;1
"Nieuwstraat; Ridderstraat";1
Aa / Dr. Verbeeksingel;2
"DE KESSELSCHE WAARDEN ; MAAS; LITH 1";1
Hoflaan, Kale Weg;1
De Halm;2
VEERWAGENWEG;1
De Kromme Morgen;1
KRABBENDAM;2
"""DE WIJK""";1
"ORDERBOSCH ; ASSELSE STRAAT";1
Haven 9 & 11;1
DE BRAKEN;1
kasteel te Tilburg;1
WESTERHOEK;4
VOSSTRAAT;1
MEIJERSHOF;1
"Ring; Dapperweg";1
SPORTWEG;8
KABELAUW;1
CENTRUM-VOORMALIG KLOOSTERTERREIN;2
AARDEBAAN HOOGE WIER;1
T SLOT MIDDELWEG;1
VELDDIJK;1
IJ-geul aanloop IJmuiden;1
VOORSTRAAT 35;1
GULIKERWEG / PERCEEL JEURISSEN;1
DREISCHORPOLDER;2
Julianastraat 11-17;1
BOEKEND;17
MAURIKSE WETERING;2
Kaloot;2
Steenbanken;1
BESSIES HEK;5
KAMPEERTERREIN PHILIPS;1
OOSTERMOERSCHE MADE;2
OUDE TERBAANSE WEG;2
Hordijkerveld;2
BOUWLUST;4
Zwaluwse straat, Zuidkamerlaan;1
MANDERVEEN;4
KNAPHEIDEWEG;2
Bernheze;1
't Rooth;13
de Zesstedenweg 19;1
MARKENBURG;1
Van Isendoornlaan (ong.) te Apeldoorn;1
ANEGANG HOEK SCHAGCHELSTRAAT;1
"Heersdijk; Wilhelminakanaal";1
Maarsserbrug;1
LOO ES;1
OOSTERVELD-VORRELVEEN;1
't Korrige;1
TJAMSWEER I;1
KLINKWETERING;1
Voormalig AMK-terrein M12891: Westeind 29, 30;1
Oude Buische Heide;3
VOGELENZANGSEWEG 77 (BEUKENHAGHE);2
Chemelot;1
Kerkhof Nederlands Hervormde Kerk;1
Oude Vlasmarkt;1
WENDELSSLOOT;2
bedrijventerrein Ekkersrijt;4
ACHTERVEEN-ACHTERDIEP;1
EINDERAKKERS;2
HUIS RHEEBRUGGEN;3
"Esdonkse Dijk; voormalig AMK-terrein";1
Noordhof;3
Plan Berkel vak 8;1
Van Rijns bos;1
"EGELMEER ; HANNES HU";4
OUDE DINXPERLOSEWEG;1
VALTHERBOS-ZUID;2
't Kalf 62a;1
Norman Belvealstraat;1
"DIE HAGHE; TEN HAGE; MARIENHAGE";1
Zuidkade;1
OUDENHOF;2
Molenkade 17, 21 en 25;1
LANGS BEILERSTROOM;2
HOORNEN;2
vijlen zuidoost;1
VLIEGVELD VALKENBURG;1
Van der Heydengroeve;1
HOGE DUVEKOTSWEG;1
Houtkampweg vindplaats 1;1
FA ENSCHEDE;1
Kapelleweg, De Zemelen, Voormalig AMK-terrein;1
Rioolsleuf;1
ERVE MEULEMAN;1
de Loo;1
Bottenstein;1
"Eikelkamp ; Prattenburgse Bos";2
VOSSENVELD;1
Elspeet-Noord, Nunspeet;1
IJPELO;2
Ekkersrijt 4101 Trendhopper;1
Verloren Hoek;1
Buseweg;1
ZEVEN VIERENDEEL;1
PRESIKHAAF;3
BEEKSDIJKS;1
De Drieborgt;1
ZWIJNSTOCHT, KAVEL Q39;1
VELD FAM. DIBBITS;1
POLDER LANGERAK;1
GEMERTSE DIJK;1
Dorpscentrum;1
"Grebbe ; Heimerstein";1
Hansumerweerd;1
LAGE WEG;2
HERENWEG 131 (BERKENRODE);1
LAGE VUCHT;1
"20.47 KRALINGERPOLDER; MOLENSLOOT";1
Sluisgraaf;1
Broekhem 20;1
TERHAGEN;1
Csaar Peterstraat;1
Zilverzandtrace;1
KASTEEL TE RIJSINGEN;1
GOOIJUMER- EN ZURICHERPOLDER;1
VALENBERG/HATERSCHE VENNEN;1
Aardenburgse Havenpolder;1
SPAANSE LEGER;1
RIETLANDEN;6
ZIJLWEG 22A;1
Diefdijk 39;1
blokstegenweg;1
TRAAY, HEUVEL 3;1
"BELVEDEREWEG ; NORELBOS";1
NIEUWKERKSPLEIN;1
EMMER HOOILANDEN-OOST;1
HOOGE STUKKEN;3
KNMI Terrein- Vrouwen Klooster;1
LAGE BLOK II;1
DALWAGENSEWEG 25;1
Brabantialaan;3
PRINS HENDRIKWEG;2
REMMERDSE HEIDE;1
KAMPERZANDWEG, KAVEL P50;1
OUDE TOLPOST;1
Linderveld;1
KERK NIEUWKERK;1
Broekweg;4
ABDIJLAAN;1
kasteel Eckert;1
PELIKAANSTOREN;2
VALTHERSCHANS;2
MAAIJ;1
TUBBERGERHEIDE;1
HOOGOVENTEREIN;1
Tuinstraat 7-9;1
VOORMALIG KASTEEL DIEPENBURG;1
"Langveld; voormalig monument";1
Tiel-Medel-Oude Weiden, vindplaats 5;1
SCHEURRAK VIII;1
DE HANEPOL;2
W ZIJDE MARKTPLEIN;1
De Hege Bouwen;1
SLUISWEIDE;1
Houtse Beemd (akker 6);1
JACOBIJNESTRAAT 17 (TUIN NW.APOST.GEM.);1
STADHUIS VLEESHAL;1
westhove;1
BLOEMENDAAL;1
Plangebied Dorpsstraat 1;1
Herstalse Dijk;2
Dorpsstraat 71(dorpskerk);1
WOLFERVEEN;3
Leuvenumseweg;1
Leidijk;1
Valburgseweg;2
VOORM. GAWIJZEND-BRAAT VINDPLAATS I;1
WATERDIJK ZUID;7
"WAD ; DE KAAG";1
DE HORS;1
DOMMELSVOORT;3
Harreweg;1
"Moosthoeve; De Franschman; voormalig AMK-terrein";1
LEEMSKUIL;1
Hereweg 175;1
Landgoed Molenzigt;1
Recreatieplas cattenbroek;1
JAAGOPPERSVELD;1
DUITSE GRENS;2
AALDERESCH OOST/KOEMARSENDRIFT;1
Walstraat, Leerlooiershuisje;2
"Polder Arkel; Onderweg";1
LOMMELSESTRAAT;2
Wattelseweg;1
'T GUMMELINK;1
ASSERSTRAAT-WEST;3
LINDESE ENK;2
OOSTDIJK;1
Uitgeesterweg;2
BAKENESSERSTRAAT;1
WAPSERVEENSE AA-NOORD;1
Heidijk;1
GROOTE HEIDE;13
Polder Klein Oosterland;1
Westergeest;1
WAPSERVELD-ZUID/NOORDENVELD;1
parkeerplaats Clarissenplaats;1
Vierhuisterweg;1
HENNENWORF;2
HEEREVEN;2
Bijdorp VI;1
BREEVELD POLDER;2
NORTH STAR DAIRY;1
Kasteel Nederhemert;1
CHASSE-TERREIN;1
Deurningerstraat;1
BERKUM;1
Mgr. Berkvensstraat;1
EIJKESHEUVEL;1
Weeshuisstraat 20;1
STERKENBURG;4
VML. KASTEEL VAN HERPEN;1
VROUWENSIEF;2
KELPERWEG;1
KERK ASSELT;2
BORGERVELD;3
RIJKSWEG BABBERICH ENSCHEDE;2
GROOTMEER;1
Leuvert;1
DIEKMAN;1
Winssensche Waarden;1
Slappeterpsterdijk I;1
KERSENPAADJE, SPORTTERREIN;1
Waardenburg;1
"RIJKSWEG 75 ; A50";1
Huize Welleveld;3
MAARHUIZEN;1
LEVENDAAL, LAAREIND;2
Meerlosche Heide;1
01.042 Maassluissedijk 96;1
Het Lotter;1
Vogelshoek;2
MEDDOSCHE VELD;1
DE MELKWEG;5
Westenenk;3
Pijpenstraat 24/26;1
AAN DE ACHTERDIJK;1
KLOKKENBERG;9
POLDERGEMAAL 07;1
Oud Rilland 01;1
ZUIDMOLENSTRAAT;1
LANDGOED BOSLUST;1
WESTERBORK;1
CLINGEPOLDER;1
WTENWEERD;1
't Groeske;1
WINKELWEG;1
VRIJTHOF;3
KRALO;1
RATWINSEWEG;1
CASTRICUM CIEWEG;1
HUISWAARD 3;1
"Kloosterstraat; J.H. van Daleschool";3
Aalsburg;1
Sparrebosweg-Bullenkamp;1
Kerkstraat 13;1
HORSTERENGWEG;1
Kerkhof;8
Randwijk;3
VLIELANDERBALG IV;1
Monnikendijk;1
Maasband;1
BONNERMADE-BEEK;1
de speelplaats van Drouwenerzand;1
HONINGBOSCH;2
Meentsteeg 8b;1
T SLOT;1
Eikslaan/Bochtdijk voormalig AMK-terrein;1
Rondweg Zaamslag;1
Blankwater;3
OUDE DIJKSLOOT;1
BELFORT;3
Haaksbergerweg;1
CWI-terrein te Harderwijk;1
Hogeschoollaan EHBO;1
Stappegoorweg;3
GASTERENSCHE DIEP;1
Buren;1
Spuistraat, boombunkers;1
Veld Hogekampsweg;1
HULLENZAND;1
Hoeve op Elde;1
HARDENBERGERWEG 3;1
TER SPEGELT;2
Koepoortsweg;1
KASTEEL OUDEGEIN;1
PERIK;2
HIDDEMA-STATE;1
ONDERWEG/KERKEIND;1
WILDENBERG;6
De Meent - Veerweg;1
THORBECKELAAN;1
Ankergebied 5 wrak 1;1
"Onderduikerstocht; Kavel G67/G68";1
'T ALTERNATIEF;2
DOMINEESWEG, KAVEL E4;2
KASTEEL WOLFRATH;1
VAALSBROEK;1
Soetendaal;2
HET VLOT;1
VOORMALIGE ROMEINSE BRUG;2
Haagweg 277;1
ZIJPSCHE STELBERG;1
BIJ DE OUDE KERKTOREN;1
NIEUWOORD;1
ENGELANDERHOLT;1
NABIJ DEURNINGER VELD;1
Bochtafsnijding Delftse Schie;1
Reppelveld;1
DE KREEL;1
BIESTERVELDHEUVEL;1
Nieuwe Steeg;1
Bijdorp I;1
HERENWEG 320;1
Sleeneres;1
VELPSCHEN BINNENPOLDER;1
(ACHTER)OUWE WOID, HEIN BLOK+;2
LUTTEKE WEEDE;1
AXELSESTRAAT;1
Kevelderstraat;1
"ROOIJAKKERSTRAAT; HURKSESTRAAT";1
KLEINE SPUI;1
HET HOGE DUVEKOT;1
ZWARTEHORST WEIJER;2
REIGERSBROEK;2
Lombardsteeg/Doelenv;1
FORT KRAYENHOFF;1
NOORD HAFFET;1
BELDERT;3
STATIONSPLEIN (VVV-KANTOOR);1
Waldijk II;1
KAVEL N30;1
DUIVELSHOEK;1
HOUTHUIZERWEG;8
KRIMPWEG;1
GEESTERSCHE VELD;1
SMERP;1
LAGEWAARD;2
Wijkplan de Berg;1
NABIJ GEIN;1
WATERVLIET;1
BOERDERIJ DE KNOEST;2
Bouwlust;3
Roelvinkstraat;1
HULSBERGERBEEK;4
GREFFELKAMP;1
PATERSBROEK;6
Canadalaan-Paulkrugersdreef;1
Koterhuizen, Terp aan Zeedijk;2
POLDER GROTE NES;4
"LEUVENUMSEVELD; FLEVOWEG";1
GIESSEN;1
Koninginneplein / Burgemeester van Rijnsingel / Enveloppe van der Duyn;1
BAKELSE DIJK;3
DR PHILIPSLAAN;1
Ruyterstraat (Missiehuis);1
Goudse Rijpad;4
VOSHEURNE;1
"Brunnssummerstraat 7; Schinveld I";1
LUTTERWEG NRD;2
STATION HEEMSKERK;1
slibdepot;1
OMGEVING MOLLEMANSBRUG;1
GEERKENS HOF/VERDER ZIE OPM.:;1
DE LITHSE HAM;15
WIJNALDUM II;1
BOUWTERREIN WHEEM;1
DE OUDE KERK;1
VALTHER BOSCH-OOST;1
GOMARIUS MESSTRAAT;1
BOERDERIJ MEENDERINGH;1
BLIKVELDWEG-NOORD;2
Aalbrinkstegge;2
Beswerd-Noord;1
Westerkerkweg 22;1
Nederlands Hervormde Kerk;1
Bosstraat 68-80a;2
"Voormalig AMK-terrein M4062: Centrum; Lange Voorhout; Kloosterkerk";1
Heeswijkse Brug;4
SAASVELDER MOLEN;1
GERIS;1
Pastoor Scheepersstraat;1
De Kuilen;1
EENDEGOORVEN;1
HET GOUWTJE;3
Fonteynenburghlaan;1
"OMMEDIJKSEPOLDER; VALKENBURGSE MEER";1
PAASLOO;1
Academiegebouw;2
Beekstraat/Leuverinkstraat;2
BENNEVELDERVELD-DE KLENKE;2
SLOT;1
HAZENWEEL;1
BEESTENMARKT 2 EN 4;1
Bruine Hoopsweg;1
kasteel Moerenberg;1
HANNEKENS WERVE;1
WERCHENSESTRAAT;1
BLIXEMBOSCH;3
Eendenkooi;1
WAARDERPOLDER (II);1
Loven Noord I;1
MOSTERDWEG;3
Vijftig Bunder;2
voormalig monument 13995, Bleumerweg;1
DORPSSTRAAT 87;1
MAALDRIFT;1
NIEUWEZIJDS KOLK 3-9 EN 13-15;1
Hovenbos;1
SCHEEPSWERF/DE LIESBOSCH;1
DE TOP;1
WALDERWEG;1
Postillonstraat 45;1
Kasteel Maurick;2
OVERLAAT;2
KALLENKOTE;2
ACHTMAAL;1
Santrijn;1
HOENREBOOM;1
RIETHOVEN;2
GEUL;4
EUROPAPLEIN;1
Oeverendijk;1
DE VIJFTIG BUNDER-TOLHUISWEG;1
Herontwikkeling Dorpskerk;1
"ZANDKAMPWEG ; BULDERWEG";1
Broekveld;1
DE KLEINE MELKWEG;7
Binnenstad Zaltbommel;1
ESHOF;1
T WAAL GREIDMUNT;1
HOEK ZUIDIJSSELDIJK/EITERSE STEEG;1
"RUMELAARSEWEG; RUMELAER";1
EFFEN-ZUID (HSL VINDPLAATS 29);1
Galecopperdijk 5;1
HARTENSTEINLAAN;2
Rustenburg de Vaart;1
De Knobben;1
MEERSTRAAT;4
SENAEDAWEG ZWAARDEBUREN;1
Waarder stroomgordel;1
De Stein;1
SARSVEN;6
"Voormalig AMK-terrein M9418: Polder Noord-Kethel; Abtswoudse Weg";1
KERK V.D. H.H.FABIANUS & SEBASTIANUS;1
NIEUWE WETERING;2
SEEVANCKSWEG;1
Boulevard Hazenkamp;1
GROTE MARKT 2 (STADHUIS - REFTER);1
Diedenweg;3
Kilderseweg;1
Biggekerksche Watergang;3
Boschweg;3
VEURDERHOF;1
Aalderstroom;1
Hoek Horsterkamp en Ruurloseweg te Vorden;1
DE SIEP;1
PENNINGHOEKSINGEL;1
JANSWEG-LANGE HEERENSTRAAT;1
OOSTERGEEST;1
nieuwbouw ROC, Florijncollege oosterhoutseweg/ Nieuwe Kadijk;1
Broekhuizenstraat;1
'T GRUSKE;1
Koggeweg (19a?);1
Jutphaas, Nedereindseweg,'t Kerkveld, voormalig AMK-terrein;1
RIJEN;1
ESWEG;2
Recreatieplas Cattenbroek;1
Beijerlandse Kreek - 1e Kruisweg;1
Boulevard West;1
Dorpsstraat 14-24 en 21;1
VELD BIJ OOSTERVOORT 4;1
Compensatiebos Den Hout;9
DRIEFKUILENLOOP;1
Peizerweg 158-160;1
Genoenhuis 33;1
HUNEBED;2
Voorhouterweg;1
Sminkewei;2
OMGEVING MAAS;1
SLUISVIERWEG;2
Locht;1
"De Noorder Hoekmeesterpolder; Eemskanaal; Voormalig AMK-terrein";1
Komschool;1
19.23 OUDE CAMPSPOLDER;1
D19-D20;1
Bornhovestraat 45;1
West 4;1
Verseputseweg 42;1
HOOG ZUTHEM;1
DEMEN;1
Vierslag (Westeraam);1
WILD;1
KETELMEERWEG, KAVEL E114;1
Domelaar II;2
JAAGPAD - SPAARNE  T.O.MOLEN DE EENHOORN;1
WINSCHOTERHOOGEBRUG;2
Zwaanstraat;2
"ST ODILIENBERG; voormalig AMK-terrein";1
Pastoorwal;1
NABIJ KAST. WATERLOO;1
AAN DE MIEDDIJK;1
HEUMENSCHE WEG;1
Margrietschool;3
ZUIDERBERGWEG;2
BOGARDSTRAAT 23;1
"Drontermeerdijk; Kavel O65";1
HAKKELAARSBRUG;1
Ten oosten van K.A.W.;1
ASSELTERHOF;4
Bergshof;1
Eind;3
BREEDSLAGSEWEG;4
HUIZE DE BONGERD;1
ACHTERDIJK;38
HOMMERICH;2
Rotven;2
Janskamperveld;1
"Hopweg; Kavel K16-17";1
Hazenpad bij de Nieuwe Weg;1
Broek oost;1
De Kikkerpit;2
ZUIDERES-GRASWEG;1
TERREIN ZUIVELFABRIEK;3
Boterstraat 14;1
SMORENHOEK;3
STEENBANKWEG, KAVEL D52;2
ST. LAMBERTUSKAPEL;1
OUDE BONGARD;3
Oost van Napoleonsweg;1
GUNHOEK;1
VERGARDE I;1
REUTUM;8
KAMPERWEG;1
HOOGDORPERWEG;6
Markt 2;3
HOGE BOESCHOTERWEG;1
Hattemerbroek Hanzelijn;1
07.001 Samuel Esmeijierstraat (1999);1
`S HEERENBERG;1
BURG VERBURGTWEG;9
Tureluurstraat/ Oude Hof;2
Zuidelijke Vasserheide;1
LANGE HEUL;4
NOORDZEE TEXEL;1
UITGEESTERBROEKPOLDER UB 18;1
KLOKKENPLAS;1
Harlingerweg;1
Bovenstestraat 58-60;1
KOLENBRANDER;1
KNAPZAKSTEEG;2
VALLAATJESWIJK;1
RESTAURANT DE ZWAAN;1
BRANDERVELD;7
Stikkenweg / Nijmansedijk;1
Zittard 24;1
DEELENSE ZAND;1
GRENDELPOORT;1
DE Veldkamp-Schild Es;1
Walenhoekseweg;1
RAADHUISPLEIN;5
TONGELAARSCHE BOSCH;1
"HET HERENHUL ; MARTEN ORGESLAAN";1
16.78 AALKEET BUITENPOLDER;1
T.O. EIKENLAAN 14;1
Rijksstraatweg;10
HONDSBOSSCHE SLAPERDIJK;1
ROZEMARIJNSTEEG;1
BROEKERPOLDER;4
Voorste Voorst;2
ZUIDWESTERRINGWE, KAVEL H21;1
De Bree, A12;1
KOELANDSDIJK;1
Steltsestraat, Waalsprong;1
POLDER BUITENHUIZEN-SITE M;1
Broekakkers-Oost;1
VISPOORT;1
Ubbergseveldweg;2
Hofplein;8
Grote Weel 1;3
WIJBERG;1
MEINDERTSVEEN;1
4I_2 Homeruskwartier de Kleine Green (De Green 2);1
HANELSBACH;1
Sint Elisabethlaan;1
MEERLANDEN;1
Kadoelertocht;1
WULFSE DIJK;5
DE WULLEMPJES AKKER;2
HUINERWAL;2
WINTERDIJK 30;1
1e Vlietweg;2
"10.03 HOLIERHOEKSE POLDER; ZWETH";1
OUDE WEIDEN;10
KOOIWEG;4
PEURSUMSEWEG;11
Oude Gasthuisstraat;1
DE BROEKEN;5
04.23 LAGE ABTSWOUDSE POLDER;1
KALDERBROEK;3
"HUNNESCHANS; HUNESCHANS";3
De Laat 50;1
DE SPY;1
MIDDELPOLDER;1
BOGAARD;1
TRAAY, HEUVEL 2, voormalig AMK-terrein;1
Cavaleriestraat 17;1
GALGENVEN;1
Vleuterweide;11
BUSSUMERHEIDE;1
ZUWEDIJK 2,;1
OUDE LAAN VAN BOLNES;1
Viaduct Mereveldseweg;1
Touwslagerbaan-Zuid;1
WOONWAGENKAMP (VINDPLAATS 14);1
"Graafseweg; Graafscheweg";1
Visserszijde;1
Ladonk;1
17.46 AALKEET-BINNENPOLDER;1
Zusterstraat 2;1
"Lijstereng ; Autoweg";1
NOLENSPLEIN;1
STOKSTRAATKWARTIER;1
DENNENLAAN 15;1
OORLOOSCHE PEEL;1
PAAPAKKERS;2
RAADHUISLAAN;1
Blijhamsterbrug;1
KEVELHAMMERHOEK;1
EEXTERHALTE;1
ZWEEDSESTRAAT;2
Hefbrugweg 77, De Vaart;2
CANISIUSSINGEL PARALLELWEG WEST;1
VOSHOLEN;1
Zandrugge Kloosterveen;1
3DE PERTROLEUMHAVEN;1
RK KERK MET TOREN;1
MEENTJESWEG;1
Houthem;1
Uilenbroek;1
Vierkant;1
RIJCKHOLT/ST GEERTRUID;1
Dorpsweg 12 en 14;2
Koudekerkseweg, Arduinterrein;1
DE PLAK I;1
G1 Lerop, Jongenhof;2
VEENHUIZEN;3
SINT AAGTENDIJK;1
Vrederust/Winkeldijk;1
Zuwedijk;1
Sontweg;2
MORTEL ZUID;1
Aan de Witte steen;1
TIGGELSKOEL;6
Neerpolderseweg 86;1
zuid-Willemsvaart;1
Huis De Ehze;1
VOET VAN WESTDIJK;1
RECHTER BERKELOEVER;1
Zaailand;1
voormalig KSG-terrein;1
NOORDZEE EUROGEUL 7 NCP BLOK P17;1
HATTEM;1
ARMENBOS LOCHTERVELD;1
"Hazeleger; Hagelkruis; Heerstraat";1
PARALLELWEG;3
ELSTERBERG/SPORTWEG;1
NOORDEINDE;2
MIDDEN FLIEREN;1
Vinkeveen, herenweg 19;1
Geffense Bosjes;1
(Limes);1
STAMPSTRAAT / DE MOLT;1
STUDENTENKAMPWEG;3
Burgerdijkseweg;1
VLADDERAKEN;1
Den Duyl;1
Plangebied Martinus Nijhoffstraat;1
OUDE VEER-MEERWEG;1
De Drie Notenboomen;1
"Oude Terbaanse weg; Maasnielderbeek";1
DE WITTE AKKERS;1
Felsumerleane;1
BURRINGE;1
OUD BARRAHUIS;1
IJsselmeer Friese Hoek 1;1
LAAN VAN NIEUWENHOVE;1
'T STIKKIE;1
Dordwijklaan;1
DEDINGSWEERDE/HOGE WEIDE/NYKAMPSWEG;1
Olaertsduynweg;1
ESTEL, VOORMALIG PROVISORIUM;1
BOESVELD;1
Begraafplaats Wakkerendijk 60;1
"Heierhoeve; Heierhoevenweg";1
Josink Es;3
KASTEEL VREDENBURG;1
MEERTEN;15
Noordzeekust Scheveningen Zuiderstrand 1;1
KUINDERWEG, KAVELS M13, M14 EN M128;1
"DE SLUFFERD; MARIAHOOP";1
"Uiterdijkenweg; kavel R3";1
FONTEINSWEG;10
"Eelenweg ; Marsdijk";1
Gijsbertweg;1
OVERVEEN;1
01.007 Maassluis Breugsomlop;1
LAGE BROEKPOLDER;2
HOOGE VELD - D54C?;1
Hillebrandseweg;1
STADSGRACHT;11
DRIJBERSCHE VELD;2
NH KERK DE OUDE JAN;1
Oude Diep;2
HOGE KANAALWEG;1
Wehlseweg 8;1
Pater Brugmanstraat 77;1
Herenweg - aanleg pijpleiding Gasunie;2
Flaasdijk;1
Wayensedijk 19;1
GRIFT, GREBBE;1
Woerdsestraat;1
KONINGSEIK 6;1
SCHOONHETEN;1
Wilhelminalocatie;1
De Stok;1
Stichtse Kant;2
Platanenlaan;1
Leiding Torenwijk-Scraper;2
Kootwijkse Veld, Stroese Heide;1
AVEGOOR;1
KRAANSWIJK;2
"HUIS MILLEN; SLOT MILLEN";1
DEN OORD;7
N48;2
TRENAKKERWEG;1
VENLOON-KERKENAKKER;1
FROMBERG;2
Hiddema State;1
GEESER VELD;1
BUTTINGE;4
MICHAELSKERK;1
effathalaan 35;1
Waterdijk - West;1
Daalkampen;1
Van der Poest Clementstraat;1
Kreeklanden;1
SELLINGERSLUIS;1
Gaagweg 12;1
KAVEL G39;1
Het rode dorp;1
"Voormalig AMK-terrein M10481: Polder Streefkerk; Middenpolderweg";1
DE DILGT;1
voormalig AMK terrein;1
MALLEM;2
"Kampakkers ; Eexterveld";1
Joostenlaan/Parkweg, Voormalig AMK-terrein;1
Herenweg 112;1
DEURZERDIEPJE-OOST;1
Bandijk 33;1
Polder Groenendijk;1
Surhuisterveen Kootstertille rioolleiding;1
BEERZE;1
terrein Hervormde kerk;1
NIEUWOORT;1
HEEMAF-TERREIN;3
VOORSCHOTEN;1
Zinderberg;1
Phillipsburg;1
KERK V.D. H.ALDEGUNDIS;1
NIJVERDAL;3
BRABANTSCHE VAARWATER 2;1
ZOUTEVEENSEPOLDER 07;1
SLEK;3
DE KUSEMER;1
POLDER;1
LANGS DE CROMMELINGSWIJK;1
Onderste Herkenberg;7
"Boschheide; De Wolfsgraaf; Voormalig AMK-terrein";1
OP HUISKENS / HUISKENSSTR.;1
Bonkertskamp;1
Westeinde 92;1
HOEKENBURG;4
Blikkenburg;2
Hupselse Dwarsweg;1
GROENENDAAL;5
STERREBOSWEG 11-23;1
DE GEEZENKAMP;1
Medelsestraat;1
DE PLEKENPOL;1
"Oude Emmeloorderweg; Kavel P15";1
KROMME ELLEBOOG;7
Noorderplassen III;2
Veldschuurdijk;1
Voormalig AMK-terrein M13543 / CMA28F-A24: Keupman;1
STAPELAKKER;1
Graafsebaan 172;1
NOORDZEE LEMAN AND OWER BANKS;1
GRINDGROEVE LEENAERTS;1
01.104 Hoogstraat 130-134;1
"OUD-EHRENSTEIN; CRANENWEVER";1
DE FLEDDERS-OOST;1
"Vossemeerdijk; Kavel N67-II";1
DE HOOGE KAMP;1
"ZANDKAMPWEG ; KONIJNENWAL";1
KLEIN AGELO;2
Caspergouwse Wetering;1
Fruitberg;1
Olde plak;1
OMMELSE WEG/NOBISWEG;1
Oudegracht 74-76;1
Scheerwoldseweg;1
DODDENDAAL;2
OOSTERWAL;3
Polder Arkemheen/Achterhoekerweg/Groot Veen/voormalig AMK-terrein 2271;1
Zoutkeetstraat 20;1
Vijksteeg;1
GEINBRUG;1
"POLSTRAAT; HET WEZENGOED";1
kasteelterrein Stoutenburg 2005;1
KASTEEL HORN;1
VISKWEKERIJ 2;1
IT KLEASTER 1;1
"HUINERVELD; BATO'S WEG; DROSTEWEG";1
"De Laagte; voormalig AMK-terrein";1
Groeve Nagelbeek;2
LANGE DELFT;1
WOESTE WEERMADEN;2
HANNIE SCHAFTWEG, KAVEL J100;1
POLDER LANGE STEEG;1
MEERVEN;2
NUMMER EEN;1
ENGELANDLAAN;1
TONCKENSBOS 09A;1
BOUWENHEERD;1
't Speyk;1
Vindplaats 5, Deelgebied 5;1
Weversweg;2
HOGE HOF;6
POPTA STATE;1
EESERVELD;19
HALSTER;1
"BRIERSTRAAT; DE BUS";1
"Ten noorden van Den Ham; ten westen van de Lingehoeve";1
Stevenshofpark;1
Witteberg;1
De Waert;1
Hooidijk;1
HEER OUDELANDS AMBACHT;1
ROEIVIJVER aan de  RIMBURGERWEG;1
KLEEFSESTRAAT;6
Hoek Helenastraat / Onze Lieve Vrouwenplein;1
AB Brouwerspoort;1
SPAARNWOUDERSTRAAT 37;1
OLTHUIZER ESCH;2
LOCHTENREK;3
"OEIENBOSDIJK; OEIENBOSCH DIJK; E3";1
WATERTOREN;8
"Oeloven;  Putstraat 6";1
LEEBRUG 1, WESTZIJDE SPOOR;1
HOOIDIJK/RUSSENLANDEN;1
Koekoekstraat, grafveld Ulpia Noviomagus;1
04.068 Hollandiaanpad (Hollandiaanterrein);1
Akker Linge;1
Meshallen;1
Maasbreeseweg;2
Dorpsstraat 65-67;2
hunebedden bij Drouwen;1
DE HEGE BOUWEN ZUID;1
Eikenhof;1
Nassaustraat 13-15;2
Hornerweg;1
VML.STAATSMIJN HENDRIK;1
Oranjemolen;1
Kwart;1
HUIS TE BLOTHINGE;1
OUDE BRUG;1
VIADUCTWEG-A2;1
LANGE STRINKWEG;1
MOLLAAN (HOEK BLOEMENDAALSE WEG);1
Westzijde 320;1
VISSERSWEG;1
Lebrethof;1
Sluiseiland;1
MAASVLAKTE SLUFTER 2;1
Eindhoven 't Hofke 149-153;1
VEERSTRAAT;3
Kasteel Haanwijk;1
NORGERVAART 01;1
Korte Rapenburgsestraat;1
DE WEIVER 39;1
Friedese molen;1
Lage Rooijen;1
ARNHEM;7
Bernsestraat;2
SEVENINGEN;1
KRALINGERPLD 06;1
KAVEL L18;1
DUIVEN, MAJORHORST, MAJERHORST;1
NIEUWE MAAS;3
'T ZAND/DE LONGE;1
NOORDZEE EUROGEUL 22 NCP BLOK P18;1
NOTWEG;4
2204 Kloosterweg 2, Brielle;1
DE BRAND;1
GIERSTRAAT 77;1
"DE RAAM; GRAAFSCHE RAAM";1
MIN BEVERSSTRAAT;1
"KOESTRAAT; LANDWEER";1
HEEREIND;3
HOUTPLEIN (NIEUWBOUW OOSTZIJDE);1
"HUNESCHANS; HUNNESCHANS";1
Bangert Klooster Bethlehem;1
ZUIDLAARDERWEG-WEST;1
Derde baan;1
SCHIETBAAN DE POOK;1
Oude Molstraat 36;1
KLEINE HOUTSTRAAT 8;1
Hoofdland;1
Kloosterbosch, Blokweg;1
WRAKKENPAD, KAVEL B37;1
LOONER DIEP-NOORDWEST;1
HESSENHEEM;7
"Voormalig AMK-terrein: Dianestraat; Ekenrooi";1
"KLOOTSKAMP ; LUTTERWEG";1
BREEDEWEG - ZUID;1
IJSSELSTRAAT;7
ZWARTE KADE;2
HERPEN;4
WESTDORPERVEEN;1
GROTE WOLDWEG 92-94;1
Vliegkamp Valkenburg;2
HET RAAMDAL;1
BILTSE GRIFT;1
Steenwijkerkamp 6;1
Reeshofpark;1
KEESE STUK;2
DEN TREEK;2
GROTE MARKT 23 (ACHTERTUIN);1
ZESDAGWERF;2
LANGS HUNZE;6
TULL EN 'T WAAL;1
BABYLONIENBROEK;1
ZUIDERBUREN HEGE TRIJE;1
Hokkelstraat;1
ELBURGERWEG;4
Noordergronden 1;1
HEULT;1
DE GELDER;1
POELKAMPEN;2
AIJERBANDSTRAAT;1
WESTELIJK VAN EYSERHOF;1
"Weerdensteynselaan; Weerdesteyn";1
BREUGELSE AKKERS;4
STOMPEKAMP;2
ONDERSTE HERKENBERG;2
Slagveldstraat;1
DE POTJESBERG;1
POPTA-STINS;1
Gouverneurstraat;2
ROEMER;1
GORS;1
Aijerbandstraat;6
VINDPLAATS D;1
Apenbroek;1
GROTE OF LEENDER HEIDE;2
HAARTVELD ZUID 1;1
Wolddijk;1
"Dronterringweg; Kavel H97";1
Aalst (Beemdenweg);1
KONINGSDIEP;1
"Sanderboutlaan ii; vindplaats 5";1
Hooge Springer jaarboek2;1
LEKERMEER;1
St. Rochusstraat;1
AABRUG;3
Binnenhof- West;1
MOLENWOIDJE - RUITERSTIK;2
TUURDIJK, WATERTOREN, 'T KLOOSTER;1
Zuidpolder, Zuidpolderzeedijk;1
LAPPENPAD;1
DE POPPE BIJ TWENBOER;1
Doornseweg/N227;1
DONDERBERG;22
ZEGGELAARSWEG;1
BUIZERDWEG, LARSERDREEF, KAVEL C41;1
ESCHBERG;1
Hoge Ham 9A;1
"AAN DE KRUISSTRAAT; BOVENEIND";1
Lomm;6
Krollaan - Mierloseweg;1
SCHELSBERG;3
OOSTERSTRAAT;1
Nijverheidsstraat/Van Heemstraweg;1
CRANENDONCK;1
MELKSTEEG 2;1
"Cuneraweg ; Laareind";2
MAASTRICHT AACHEN AIRPORT;2
BAANAKKERS;2
PLATVELD;1
DAKHORST;1
DE KAMPEN  , LUTTERSTRAAT;1
Corporatiehotel Hoge Woerd;1
winkelveld;1
KRAAYENBERGSE PLASSEN;1
Lithoijen;1
"Chantenelbosje; Schanternelsbosje";1
HARENERMOLEN;1
Achterberghstraat;1
Schoenaker-Woeziksestraat;1
Melickerbos;1
Oene;1
Raadhuisstraat 4-6;1
Doorningstraat;1
SCHAGCHELSTRAAT (NAAST PAND FIRMA MUIJS);1
KLOOSBERG;1
Houtsche Akkers;3
AKE-LAND;2
WATERDAEL-HOGE AKKERS;1
"Hooidonksche Akkers; voormalig AMK-terrein";1
DE DIJK NR. 16;1
BLERICK;1
LINDERWEG;2
Heeswijk-Ewinkel 1;1
Steenbrei;1
KOESTRAAT;4
Weiver;1
MOER EN BOSCHWINKELSHOEK;1
DE PESSERSTRAAT;1
NIEUWE ST.MICHIELSGESTELSCHE POLDER;1
STRAND HOOGE HIL;1
OL FORT;1
Noorderplassen West;1
Chopinstraat/St. Martinusschool;1
FORT ALTENA;1
HUIS TER DOES;1
GROOT GOOR;4
Uivermeertjes;5
01.069 Markt;1
Rede van Vlissingen 4;1
"DOMBURGSEWEG; BADHOTEL";1
Kavel K60 Schoterpad;1
Voormalig monument 7938, CMA-code 10H-006;1
Kruithuisstraat;1
EMMERDENNEN;4
de Kaap;1
SCHOKKERRINGWEF, KAVEL P25;1
TEERSDIJK II;1
DE PERK;1
DIEZE;1
KASTEEL;20
GRINDGAT MAAS;2
HOOGDIJK, RONDWEG, BERMSLOOT;1
"Voormalig AMK-terrein M10410: Mr. L.A.Kesperweg; Hogewerf; Rijksweg 19";1
Nieuwstraat 8-10;2
Kleine Vliet;3
Tielseweg / Grote Brug Tiel  Het Eek);1
Hegge;1
L ABTWOUDSCHE POLDER 16;2
DE HAART;4
DE DRIE EIKEN, TOLWEG;1
Lindenboomsweg;2
DE STEEG HOVEN;1
HUIZE VIERAKKER;2
VALLEI VAN AMERSLOO;1
Maasvlakte II, 2;1
Van Hennaertweg naast nr. 17;1
POLDER PURMERLAND;2
De Witte Keizer;1
ACHTERVELDSEWEG;1
Haarsterveld, Haarster waterlossing, Frieschepalen;1
't Vaneker;1
BLIKVEN;1
DISSELHOF;1
Utrechtsestraat 37-39;1
Hof 11-12;1
GOEDERENSPOORWEG-OOST;1
"Voormalig AMK-terrein M12920: Peperstraat 40, 41; Polder Noordzijde";1
Kikkervallei;1
ORIONWEG 400 (BOWLINGCENTRUM);1
VOSSENBOS;3
DE VIER PERKEN;4
Vestinggracht;1
NOORDERBAAN;8
DOLHUISGRACHT;1
BROEKWEG/VOORWEG 107;1
Voormalig AMK-terrein M13326 / CMA22D-A09: Marsweg;1
DE SANTACKER;1
OOST VAN DEN OEVER;1
BALLOOERESCH;1
Eede Dorpskern;1
Oppevenerweg;1
DE KOSTERIJ;1
ZUIDESCH WEST;1
Kloppenburcht;1
STEGERENSEVELD;1
"Haageind; Klein Kasteel";1
kemppstraat;1
Slotje te Babylonienbroek;1
CECILIASTEEG (THV GEMEENTE-ARCHIEF);1
WILLEMSBOSCH;1
Lombardstraat;1
Jacob van Lennepkanaal;1
WITTERHOLT-OOST;2
"KASTEEL ZEVENBERGEN; LOBBEKENSTOREN";1
BAKENESSERGRACHT NABIJ KORTE JANSBRUG;1
HUIS TE WOUDE;2
HOEKE;1
"Voormalig AMK-terrein M10404 / CMA37G-035: Vaartweg; Meewoning";1
Harmelink;1
NOORDIJKERVELD;1
Provinciale Weg;1
HUNEBED D II;1
OP DE HEIDE;2
MATER DEI;1
BUITENLANDEN;1
GRIJZE VROUWEN KLOOSTER;1
BURGH;11
WOERD BIJ HOGE KORN;1
ZETTENSCHE VELD;6
de Panhof;1
NIEUWENDOORN;1
DONDERSBERG;1
NRD.IJSSELDIJK;1
ALEXANDERLAAN;1
HUYS KOSTVERLOREN;1
Vliegtuigweg kavel J116;1
Het Hoog;1
HOOGEPOORT;3
HANNEKERVELD OF OELEMARS;1
Prinsenkade;1
Klenke;1
BRABANDER;2
MIDDENPAD;1
KADE SCHELLING;1
Oscardreef;1
Dieserstraat 110;1
"Voormalig AMK-terrein M10448: Het Oudland; Driesprongsdonk";1
PARALLELSTRAAT;1
DEURNINGEN;3
LEERSUM-ZUID;1
BLOEMENSTRAAT;8
GLANERBRUG;2
Harnaschpolder (AHR 02);2
Sigel;1
AMENETIKET;1
HAIN (VINDPLAATS KROMMENIE NR. 14);1
"Suttum-Oost; Aduarderheerd";1
STEENFABRIEK BELVEDERE;1
OUD DOORNIK;1
HOOGBULTENWEG-NOORD;1
"HAZENBOSCH; NIEUWE WEG";2
HOEKELUM;2
"DORPSSTRAAT 48 ; ASSENDELFT II";1
Springweg;1
Ten westen van de Rendierweg, Deelgebied XI;1
IJSSELMEER NW WORKUM;1
PARKEERPLAATS A-H;1
Buitenweg;2
Kasteeltuin;3
Langenberg;1
AALKEET BUITEN 063;1
Kasteel Rijckholt;1
Maatsteeg, voormalig monument;1
Sint Adelbert Abdij;1
EELDERWOLDERPOLDER;1
GROENOORD;2
Meleveldsestraat;1
DUIN EN KRUIDBERG;2
Spooksingel zuidzijde;1
grashut;1
02.012 Westlandseweg;1
Gapingse Weg 6;1
MOGGERSHIL;2
Van Heemskerklaan;1
De Steenbrei;1
"'T JUFFERE; HAKENDONCK; BEEKESTEIN";1
Lingeweg;1
TUURDIJK;12
Frieslandweg (P-West);1
VAN SMINIAWEG/OUDE WETERING;1
Mr. Mulderstraat;1
"KAST.V.MIERLO; DE LOO; ZWANENWEIJER";2
KASTEELGENBROEKSTRAAT;1
DE HEI @;1
Eeshof;1
Dijklaan;1
"BURCHT ST. PIETER; DE OUDE BORG *)";1
STEGERVELD;1
EUPENBARGIEN;1
Aller;1
BIERDIJK;1
MIDDELVEEN;1
DE DOODKIST;2
Oostparallelweg;1
KAMP TEGEN TIMMERS;1
Nassaulaan 32;1
COEHOORNSINGEL/HEERESTRAAT;1
BLADELSE HEIDE;1
WIELINGEN 1;1
DARP;3
Spinozalaan;1
"PEPPELERWEG; SCHOVENHORST";3
Westerkamp Anreep;1
Zijlvesterweg;1
WIPPELSCHE HEIDE;1
SMITSVEEN-NOORDENVELD;2
Achterdijk, Rietsloot;1
OP DE PAAL;1
OP 'T SOEST;1
Klein Trierveld - Vindplaats 44;1
"STADSKANTOOR; TORENSTRAAT";1
tuin Veerhoekshuis Nr. 4;1
RAMSBEEKWEG;1
MARIENBOSCH;1
WESTEINDE;3
basisschool de Achtsprong;1
Heierhoeve;4
BROERENSTRAAT;1
Ten zuiden van de Oudelanderweg;1
KLEINE VERMANING;2
Mozartstraat / Van Beethovenstraat;1
Kennemerduinen, 't Wed;1
Grote Brugse Grintweg-Flipje's erf;1
GASUNIE-LEIDING;1
BOEKWEITSVEENTJE;1
"Park Arentsburg; volkstuinen";1
VRAKSELBERGJES;2
Vicaris Aertsweg;1
ONDERWEG-HAARWEG;6
NIELS BOHRSTRAAT;2
BINNENTUIN, DINAHOEVE, PUT 1 & 2;1
Riolering , prins Bernardlaan;1
Koopmanspolder;1
Mgr. Nolensplein;1
't Vaartje 34;1
Datesbos;1
KAVEL H28;1
Alde Bayumerdyk;1
OOLDERVELDBOS;1
ROUWENSHOFWEG;1
GARRELSWEER;1
BERGAKKER ( NOORDZIJDE );1
ten oosten v. Oude Haven;1
'T WAAL TWEEGRAS 2;2
"OELOVEN; OELOVENSTRAAT; Brunssum II";1
meerburg;1
PERCEEL L 6;1
AMSTELVEENSEWEG;1
BLEEK HEIDE;1
VOGELZAND II;1
NIEUWLANDSE POLDER;2
Lunsbergen;1
Noorder IJ- en Zeedijk;1
Gavarellestraat;1
KONIJNENWAL;2
"ERMELOSE HEIDE; DE PAALBERG";1
Huijbergsestraat/Schoolstraat;1
Wide Mar;2
HIVA-terrein;1
Boonervliet;2
Vissenberg II;1
"Voormalig AMK-terrein: Polder Nieuwe Gote; Sliklandse Weg";1
WATERVEEN-STEENAKKERS;1
SCHAAPSKUILWEG;1
Goudenbloemstraat 7;1
begraafplaats Marum;1
"Sportpark; Langheggerweg; voormalig AMK-terrein";1
Brede School Noord;1
"GROOTE KETEL; NIERVAART";1
Bisschoppelijk College Echt;2
VRANK;2
Schatkuilsestraat;1
De Gaast;1
HUIS WADDENSTEIN;1
Torenwal 6;1
OORDEELSE STRAAT 23/25;1
WEVERSTRAAT BAKKERSTRAAT;1
Achterstrijpseweg 5;1
Kerkbuurt;2
HOEKWEG;2
Steenderdiek;3
Casterse Dijk;1
"KLEIN KASTEEL; OUD KASTEEL; PEELLAND";1
Koninklijke Schelde Groep (KSG) Terrein;2
KERENSHEIDE;1
Buurtsche berg, Defensieweg, voormalig AMK-terrein;1
De Staart;1
D42-WESTENES-NOORD;1
02.18 KLAAS ENGELBRECHTSPOLDER;1
Zalzerkampweg;1
Turfsingel 60, 61, 67;1
NESPOLDER;1
de paal;1
Hoge Klei;2
A.C. de Graafweg;2
ST. ANTONIUSHOEVE;2
DONNERBURG;2
OUDE MOLEN;1
RIEMSDIJKSE BOUWING;1
BIJNENWEG;1
OUDE KERKTOREN;1
KOLKSTUKKEN;14
WARANDE;4
"Nieuwstraat; Bastion";1
TWEEDE PLAS;1
JAN HILLE;1
DRUTEN-DORP;1
"KONINGSTRAAT ; KONINGSCARRE";1
Elsteren;3
KADIJK (VOLKSTUIN D.VAN KESTEREN JR.);1
"Hoorneboegsche Heide; Holleweg; Zuiderheide";10
HOEKPOLDERWEG;2
MEINWEG;7
VOETAKKERS;2
DE BOOGJES;2
WITTEVEEN/GELVEEN-TUMULUS III;1
BIJ GROTE DIEP;1
POLDER SIMONSHAVEN;6
ZWARTENDIJKSTER-/EENERSCHANS;4
Molenesch;1
DUIVENDIJKSE WEG;5
Brugstraat;7
Borchwerf II, locatie 2 en 4;1
Scherpbierseweg;2
BOOG D-NOORD;2
ERF;1
UFFELTERVEEN;7
BOERDERIJ T.O. DORPSPLEIN;1
Seadwei;1
ANJELIERSTRAAT;2
FRANSE KAMP;1
De Dom, Bredeweg;1
RIETGREB, WESTZIJDE;1
AALKEET BUITEN 51;1
Herten;1
"Camping D'n Uul; Biesenberg";1
OP DE MELLING;1
BOERDERIJ IEPENBURG;1
Milheeze zuidrand;1
Centrum Hout;1
"CRAAIENHOF ; NEDEREINDSESTRAAT";1
LAGE GROND;2
WESTHAREN;1
QUADENOORD-VINDPLAATS C;1
DE LAAN 'T SCHERMERSTUK;4
KADOELERWEG, KAVEL T86;1
LANGBROEKERDIJK;3
DEN HOOGERT;2
DE BUS;3
Kapelleweg 1a te Cothen;1
KLOOTHOEF;2
BINNENDAMSEWEG 56;1
ROGGEL-STADHUIS;1
NOORD-BAKKUM;1
"KRANGEWEER; SINT ANNA HOEVE";1
DE MIEDE;2
OUDE ZWOLSEWEG;1
KENNEMERLAND;1
DE HASSELT;2
Wellseindsestraat;1
DE BORCHHOEVE;1
NOORDERMOLENKOLONIE;1
KRUISDIJK;4
Doove Balg 1;1
DURENDAALWEG;1
Ten noorden van de Loretokapel;1
DE HEUF II;1
Ten noorden van de Zandschulperweg/vlak langs talud A-12;1
Houtsestraat (oostelijke terrein);1
HUIS DEN BRAMEL;1
V POLDERSVELDSTRAAT;1
Leveroyseweg;2
STAMERWEG;2
Rijsburg;1
PARALLEL A WILHELMINAWEG;1
BAARDBUREN;1
BOERDERIJ PAMA;1
Kapellehof;1
Binderen;1
"HOENDERLOSE WEG ; DE WAPENBERG";1
Rooiven;1
Lijstereng, De Tangh, voormalig AMK-terrein 11561;1
Erve de Scheperij;1
Havertergrensweg;1
Muurhuizen;2
HASELT RIJKSWEG;1
Wippolder;1
HAPERTSE HEIDE;3
Bunschoterstraat 42;1
Copernicusstraat 79;1
"Boterweg; De Hulsakker";1
"P "" 't Brugske""";1
LUCHTENBERG;3
MELLESCHET;1
Munnikij 3;1
KASTEEL AZOELEN;1
EVERWIJNSTRAAT;1
Tussen de Bergen (Crematorium);1
Zijlvesterweg 2;1
NETTELHORST;1
A50 Ewijk Locatie 7;1
Kaapsche Bosschen;2
Molenweg 14;1
OUIWE WEID;1
"VORENHUL ; VLEUGELWEG ; BOSHUISWEG";10
Ruyven;1
50 m ten Z. van park Lunsbergen;1
Helmkruidstraat;1
Heikeweg;1
ZUIDELIJKE DWARSWEG 12A;1
Buitenplaats De Wedze;1
ST.PETRUS BANDEN;1
MOLENKAMP;1
WALKADE-STADSMUUR;1
NIELDERBROEK;2
kasteel den Burg;1
Venhuizen-Westerbuurt-V;1
MIJERT BOONSBOSCH;1
Molenstraat 64;2
DIJKSTEEG;1
HOOGERMEULE;1
WATERSTRAAT GRAVENHOF;1
NH KERK MAAGD MARIA;1
HET WINKEL;1
AARDJESBERG WESTERHEIDE;1
Fleermaden / Oude Kamp;1
TJAMSWEER/SPOORLIJN;1
Oude Baan;4
HUISDIJK;3
oude haven 16;1
AAN MEPPELERDIEP;1
Wageningen-Hoog;1
STENEN KAMER;12
HUIS GOOR;1
Achilleslaan;1
GROOTEGASTERMOLENPOLDER;1
KRAAIENBERGSE PLAS;1
Waterlaat;1
BURG. SEINENSTRAAT;1
Bakertand;2
OPPERSVELD;1
Plantsoen;1
SINT JANSBERG;2
Busbaan Noorderplassen;1
LEUDALWEG;1
"POLDER LOPIK; DAMWEG/LANSING";3
Dr.Verbeecklaan;1
HOF TE BREMMELEN;1
AGELO;14
EMELISSEKLOOSTER;1
OUDEBOSWEG, KAVEL P35;1
05.031 Broekpolderweg;1
Ontwikkelingslocatie Berkhout en Ursem;1
KOUDEHOEK;3
Oostpoort;2
ANLOO;2
Wadway;1
Nykleaster. Aanleg rotonde kruispunt N354;1
URKERWEG, KAVEL H59;1
Het Heideveld, Woldweg;1
MONNIKENTERP;1
Catharijnesingel;1
ZUYTDROP;1
Het Riet;5
Drakenburg;3
ZINKWITFABRIEK;1
WIJSTER;2
Engelsmanplaat 1;1
NABIJ DE WIERDIJK;1
Kapelhof;1
St. Jozeflocatie Deventer Ziekenhuis;1
Het Aa Dal;1
MUNNINGSBOSCH;4
"Voormalig AMK-terrein M10399: Weeshuisplein; Het Oude Weeshuis";1
GROTESTAAT 88;1
Kasteelruine Bleijenbeek;1
Aalstweg, clubhuis Octopus;1
Beukenstraat 58;2
"HEIDEHOF; KERKHOF";1
Heeswijk-Ewinkel 6;1
HOOGBROEK 1;1
HOOGDIJK (MELDINGSGEBIED 16);1
NABIJ ELSENER LEEMVELD;1
Schakenbos/Veursestraatweg 183l;1
Stockveld;5
GRONINGERSTRAAT/NOORD-WILLEMSKANAAL;1
GOLFTERREIN;2
Prinses Margrietstraat;1
Kerkweg/Oostlaan;1
"DONDERBERG ; GALGENBERG";1
Zoetelaarssteeg;1
Vijversburg Tytsjerk;1
ZANDBERG/SCHATKUILSE WEG;1
"OUDE INSCHOT 1; HOPPA 1";1
WARANDASTRAAT;1
WEIDELUST;4
Hemmerbuurt 157;1
HOGE STOEP;3
Westerseweg;1
VISSERT;2
NOODBOUT;1
Bredaseweg;2
Landgoed Opende;1
HUNESCHANS;1
HET ZWAANTJE;1
"Steenwijkerweg; Kavel R62/63";1
MIDDELAARSE BROEK;1
GEVECHTSTRAAT;1
Polderdijk;3
N34/Houtvester Jansenweg;1
Hoeve Overhuizen;1
OOSTWOLDER POLDER;1
HAGELKRUIS;1
Hoekrijksweg past. Vranckenlaan. Raadhuisplein;1
gaffelpaaldijk;1
MIDDELBURG - ZUSTERPLEIN;1
SLAGSTEEG;1
Kempestraat;5
"Domineesweg; Kavel E39";1
De Waarden;1
VELDERBROEK;1
ST. WALBURGSTRAAT;1
SCHOOLSTRAAT NR 8;1
WIJNALDUM ACHT;1
VATROP;11
J?DNMOAT;1
HOUTERPOLDER;1
TOLWEG;6
GROOT OOM PIETER;1
"MAASOEVER; HOURNAY DU DOSSAY";1
Kasteel Croy;1
POTHUIZERWEG, DE HOGE WIERD;1
STENEVELD;2
Dina's Hoeve, Loerikse Weg;1
Rapenburg 46-54;1
Konijnenlaan 53;1
Plan Westmolen, Binnenmaas;1
Witte Venneweg 1;1
BARMHARTIGESTEEG;2
ERVE HET MASTLER;1
DE FLEDDERS-ZUID;1
RAVELINGSTEEG 13 (ACHTERTUIN);1
NOORDERVAART;1
Grimhuijsen;1
Wieken Vinkenhof, perceel 340;1
Hertenlaan 34;1
Strijense Dijk;1
DE LAAK;2
Havenstraat 33;1
MARLEMONSCHE PLAAT;2
"DRIFTWEG ; EIKELKAMP";2
"ZWEMBAD ; VELDHUIZEN";3
Heibergweg;1
OLYMPIAPLEIN;1
SPEULDER VELD;4
RAVENSWAAYSE STEEG;1
"KERKSTRAAT ; MOLENSTRAAT";1
WOLFSDRIESCH EN OMGEVING;1
tussen Bierstraat / Jufferstraat - Wijnhaven;1
overkampweg;1
DE HOFMAAT;3
MEYERENBOSCH;1
OOL;3
KOELINGSVELD-ZUID;1
ENSCHEDE;3
Krommenhoeke;2
PILOTENWEG, KAVEL H22;1
Grote Halstraat;1
VENLO/GROOT-BOLLER/1994;1
LAGE ABTSWOUDE POLDER;1
Harten;1
SCHOTERSINGEL 2;1
DE EELBIJTER;1
HILLEGJESSLOOT;1
AKKERSESTRAAT;5
Herstraat (perceel 01);1
BREMBERG;2
KAVEL O103;1
FRUITHOF;6
SCHILLERHEIDE;1
DE HAREBOOM;1
NIJLANDERBROEK-WEST;1
KATMIS;1
Wieldrechtse Zeedijk;1
Burgzand Noord 2;1
TIELSESTRAAT;9
Takkenhoogte;1
OOSTERBIERUM;1
HOGE LAND (?);1
Huis ter Werve;1
Melickerbosweg;1
Overbiest;1
HOEK KEIZERSTRAAT/BRINK;1
4 MORGENS;1
"UITHOF ; OUD SEMINARIE (ROB)";1
DWARSDIJK;12
S2;1
Ridderstraat;2
Groenewoudstraat;1
Jaba Circuit;1
Houtse Beemd (akker 5);1
"LOFFERT NOORD ; LOFFERT II";1
Stuivezandseweg;2
DE FLAES;1
De Driehoek;2
HAMBURGERWEG 85/KANOVIJVER;1
LAAN VAN SPITSBERGEN;3
Regge Schuilenburg 1;1
LOOZER HEIDE;1
Wilsonstraat;2
Biesenweg;2
HOUKESLOOT/LEEUWARDERSTRAATWEG;1
Noordseveld;1
MAGDALENAPOLDER;1
WIJCHEN-CENTRUM;2
"Schotertocht; Kavel L46";1
JOHANNA'S HOF;1
Terwaenen en Burgwal;1
ANJAHOEVE-WEST;1
ACHTERSTE BEERSDONK;1
MAARHEEZERHUTTENDYK;1
Brinkgeven;1
HOGENKAMPSEWEG;2
Hondstraat;1
TESMA;1
Zwaagdijk;1
KASTEEL MONTFOORT;1
Garreweersterpolder;1
KLOTVENNEN;2
MUNNIKENHOF;1
BLATUMSE DIJK;1
UTRECHTSESTRAATWEG;4
DMP-terrein;1
ACHTERSTE WEIDE;1
Oostvoorne Hofwei;1
Holterhoek 2;3
Kruispad;1
Gnephoek;1
BARNHEEM;1
"Eemmeerdijk; Kavel N42-II";1
Hoogeind;5
BOSCHVELDEN/AAN DE ROUWENBOCHT;1
ROODVEN;2
Antwerpsestraatweg;1
's-Gravenhof;1
LIJKWEG SCHOOR-CASTENRAY;1
Sec. D;1
Wijndaelerplantsoen ? Laan van Meerdervoort;1
Hooigracht;1
BERGHOEVE;3
GASSELTERNIJVEEN;1
Raaphof, N229;1
Houtenseweg;1
SCHOTERPAD, KAVEL K59;2
BESTHMEN;1
Huissen Agropark II;1
OVERMAAT;1
Schonauwen;1
AAMSVEEN;3
Beestenmarkt-Burgwal;1
Hunsel;1
REGGE;4
Fabrieksstraat;1
MARIENBERG;10
The Greenery;1
BUULDERBERGSCHE HEIDE;1
DE DELM;1
EINDERWEG;2
terp Sottrum;1
De Virieusingel;3
BOSSINKKAMP;1
WEERDINGER ZANDWEG OOST;1
LOONEIND;1
NOORDWEST POSBERG;1
VOGELTJESLAND;3
11.20 DUIFPOLDER;1
Camping de Moat;1
BEEGDEN;11
Iendrachtswei Oost;1
Nobelstraat 7-9-11;1
OOSTERVOORTSCHE DIEP-NOORDOOST;1
't Veld / Betuwelijn;1
Schipborg;1
"VV IJsselstreek; Keizerslanden";1
NABIJ KETTINGSBERG;1
"DORPERVELD ; TONGERENSE WEG";1
17.48 AALKEET-BINNENPOLDER;1
WOUDSE POLDER;26
VML.BOERDERIJ DE KNOEST;1
Distelberg;1
T.O. HUNZEDAL 18;1
Pastoor Elsenstraat - hoek Ardennen;1
Terp J;1
KUILSLOOT;1
Herenstraat 98;1
ASSENDELVER POLDERS-SITE B;1
DE GOUW-MAANTJESLAND;1
EIJSERHEIDE;1
BRAKELSE HEIDE;1
"Kavel 171; Ramsweg";1
POTHUIZERWEG;6
VAN DISHOECKHUIS;1
GOLLANDSHOEVE;1
Hei- en Boeicopseweg 54-58;2
VAN HEEMSTRAWEG , ZUIDZIJDE;1
VOORH HR DANIELSAMBACHT;1
MUNNIKSKAMP;1
GASSELTERVELD;3
BEEGDERHEIDE-SITE C;1
IJsselmeer Workum 1;1
VIJVERDAL;1
Cilaarshoek;1
HEMKEWERF;3
"Colijnpad; Kavel L84";1
Tiendweg;1
KAVEL G29;1
MARTHABERG;2
Vastenow;1
MAARENSCHE WAARDEN;1
OLDE BRUSSE;1
GROTE NOORD-ACHTEROM;1
voormalig AMk-terrein;1
VLISSINGEN;1
URKERWEG, KAVEL J12;3
portland;1
HET ENG;1
GROOT FOLTA;1
kasteel Broekhoven;1
HOLSCHERDIJK;1
"Voormalig AMK terrein; Zwaagdijk (Oost)";1
DUISTEREWEG;2
"Voormalig AMK-terrein M13351: Kennedylaan; Havezate Hofstede";1
"ZANDSTRAAT; MODDERVEN";1
SMITSWEG;1
Kerkebuurt 196;1
Midden-Delfland vindplaats 5.03;1
MONSTER;6
Haammakersstraat-Veltumse Kleffen;1
KOM VAN AAIWEG;1
Ijsselweiden;1
NOORDELIJKE MANDER HEIDE;9
DENNENKAMP;11
Dorpsstraat 857;1
"SPEULDERBOSCH; DRIEERWEG";6
KAVEL O9;1
ANNENDAEL;2
GEROLFSDIJK;1
OMMER ESCH;1
HOEK NEDEREINDSEWEG;1
OISTAAIJENSE BAAN;1
VALTHERVELD;2
Kromme Elleboog - Binnenmolenstraat;1
HOEVE AMSTERDAM;2
MOLENZOOM;3
Beukerstraat 64;1
GROTE KERKSTRAAT/KLEINE KERKSTRAAT;1
de Driehoek;1
POLANEN;1
ZIENLAAN;2
LATHUMSE GAT;7
RIJPERWEG-DE HOGE WERF;1
DE NAAL;7
"SLABROEKSCHE HEIDE ; KELTENWEG";1
Bisschopstraat;1
ZUID OLINGER POLDER;1
ADM.PLAATSING;1
HUITINK;1
Nieuwe Beer polder kade;1
MARTENSWAL;1
"Burchtweg; Kavel M9";1
De Israel begraafplaats, weg Assen-Hooghalen;1
POLDER HET OOSTERLAND;2
Liesboslaan 313-315;1
DXV-NOORD;1
DE GOUW-DE VEKEN;1
Buckhorst;1
SCHRIKSESTRAAT;1
Schiedam Boterstraat nrs.22-26;1
VEENSE WEG;2
HOGE HOF TE OOSTERHOUT;1
Noordzee Ballonplaat 2;1
ODBS De Eskampen;1
Mobilisatiecomplex;1
AKKERSE WEG;1
PLATTENDIJK;1
LAURENTIUSSTRAAT;1
HAGENVOORDE;2
DRENTSE AA;1
Meijelsedijk;1
Kraayenholtseweg;1
"KERK V.D. H.SEBASTIAAN; /SEBASTIANUS";1
ERICHEM - OOST;1
RIDDERHOFSTAD;1
Raadhuisstraat - Bringenborg Gendringen;1
STEKSTRAAT;1
TUSSELERDIJK;1
UITGEESTERMEER;1
Nobelweg 52;1
SINT ANTONIUSBANK;3
Buitenwater IJburg;1
Dijkstraat-Witte de Withstraat;1
STEENWIJKERWEG, KAVEL S62;2
ANLOOERWEG-WEST;1
DORPSKERN BOVENKARSPEL;1
SLINGENBERG;1
WOLFHEZERWEG;1
DE POL;11
Huij 4;1
"Holtenbroek; Manifestatie-terrein";1
KLOOSTERHAAR;2
Vrijthof / Burgemeester Meslaan;1
Schoudermantel / Rumpsterweg, oprit A12;1
Zuiderzeestraatweg;1
WESTERMEERWEG, KAVEL D53;1
MOLENSINGEL;2
Kavel R11;1
Ledelplein 16;1
KOOLPAD;2
"VIERHOUTERBOSCH; HET BOSHUIS";7
"Zusterklooster Franciscanessen; Molenstraat";1
"Eemmeerdijk; Kavel N43/44";1
AKENBUURG;1
POLDER BLOKHOVEN;5
Loosche Akkers;2
skkj2;1
Scheiwal-Heurkensveld;1
VOORBURGSEWEG;1
HARDENBERG;15
EMMERESCH;7
DE KAMPBORN;3
Weverseinde;1
W. DEEL RIOLERING BLOKHUISWETERING-VONDELSTRAAT;1
GARTSTRAAT;1
JANSSTRAAT 46;1
OUD RAEFFELDAM;1
WIJNALDUM DRIE;1
SCHELE HOEK;1
De Oude Zoek;2
BAAMSUM 13;1
ROLDUCKERWEG;1
Fort Crevecoeur;1
GOLDHORN;1
Carnisselande Stadse Rechthoek II;1
Kattenveld;1
KASTEEL SEVENAER;1
2230 Beekbergen, Dorpstraat;1
Abersonplein 9;1
Weijerpark;1
M.C. VERLOOPWEG 48;1
PAMPUSPAD, KAVEL AZ114;1
Stiens-Hallum;1
Grootraay;2
NONNENBOS;2
DALJANS VEEN;1
Hanzerak West;2
VALKENBURGERWEG;1
20.43 KRALINGERPOLDER;1
Lammermarkt;2
Stokebrand;2
"DEENSE HOEK ; 'T HOF";1
"KASTEEL LOCHTENBURG; LUCHTENBURG; TERWEY";1
RIJKSSTRAATWEG 69;1
WULPERHORST;2
Vogelenzangsestraat 5;1
BULTVEEN-NOORD;1
VERBURGTSKOLK;10
HOEVENEIND(?);1
Dommel;2
ARENTSBURG-DIACONESSENZIEKENHUIS;2
Meerburgerwetering;1
PAROCHIEKERK ST. NICOLAAS;1
Nobelstraat 16, hoek Welleslop;1
VENNEPAS;1
De Steenbrei fase 2;2
DE MAAT;7
OVELDER HEIDE;1
Laarberg;3
NOORDER DUINEN;2
SCHIETBAAN B LINKS;1
Bosweg;6
MEDEMBLIKKER TOLHUIS-SITE D-E-F;1
GENEMUIDEN;1
DOMEINWEG-NOORD;1
JACHTHUIS, HERTOGIN HEDWIGEPOLDER;1
"ELSPEETERBOSCH; HOGE WEG";5
AARLESCHE HEIDE;3
POTTENBULT;1
"HENNEPSTEDE; MOTTENKUIL";1
Roerkade 11;1
TERP COMMERSWAL;1
04.070 Holyweg 16;1
Lieve Vrouwegracht;1
BRUINE VELD;2
Enter De Akkers III;1
DE LANCK;9
"Laarsenberg ; Heimersteinse Laan";1
De Beldert;2
DE LANTERD, LANKERD, KEUPERHEIDE;1
ERVE SPRINGOP;1
"Voormalig AMK-terrein M9381: Aalkeet-Binnenpolder; Maassluisse Dijk";1
TERSCHELLINGER GRONDEN 4B;1
Holthemer Es;1
LIENDEN;33
WINSSELING;2
Grutterstraat 15, naast Cafe de Grutter;1
Prins Hendrikplein;1
MEDEMBLIKKER TOLHEK;1
ANNAHOEVE;5
Terveurt;3
KRODDEL;9
Polder pekela zuidkant;1
Polderwetering;1
SCHONAUWEN III, DE HOON POLDER;1
Voormalig AMK-terrein M6907 / CMA38H-018: Kasteel Oosterwijk;1
"AALBURG CENTRUM; MUSSENTIEND";1
MEERSE DUINEN;1
D31 - HUNZEBOSCH;1
DE MENTE;14
ZANDERIJ;2
Eerste Kruisweg;1
ELTENSESTRAAT;1
MARIENDAALSEWEG;1
MERENWIJK;3
PASSEWAAIJ;7
"DELWIJNSE KADE ; DELWIJNSCHE AKKERS";1
Singel 66-69;1
DE HOOG;2
Savelsbosch;2
WEESPERSTRAAT;1
Pieter Breughelplein en de Stakenburgstraat;1
ONZE LIEVE VROUWE BERG;3
SCHEER I;1
D25-ZUIDOOST;2
Biest;3
Roggestraat;1
LEGUITEN/LEGUITJE;1
ORANJELAAN;2
Achterstraat 1A;1
Polder Burghorn;1
VOGELENZANG;4
HEERENDREEF;1
DE DEELEN;1
Keersop deelgebied 5;1
Biestgraaf;1
SPOOKESTRAATJE;1
WORDEN - OOST;1
N.H.-KERKHOF;2
BLEYENBEEK;1
VOORMALIGE ST. LAMBERTSKERK;1
Middag-Humsterland;1
GROESKE;1
HOIL;1
A28/VELDKAMP;2
Vindplaats 1, It Aldlan;1
HOENDERNES;1
BERMWEG/IJSSELSTEINSEWEG;1
Koningstraat;2
PIETERSKERKGRACHT 9;1
Schoolstraat, Spekholzerheide;1
Mergelweg;2
Houtse Beemd (akker 14, oostelijk van zandpad);1
BINNENSTAD (KORTE SINGEL);1
HET MARKSLAG;1
(NABIJ HUIS DE STRUYVER);1
HET BERGSKE;2
GRUITBERG;1
DEUREWEG;2
SINT MAARTENSBERG;2
REUTEL;1
SMEELENBERGWEG;2
IJsselmeer Urk 2;1
"Kasteelken; Walsoorden";1
De Woud;1
GLINDHORST;1
Hoog Catharijne Stationsstraat;1
"Striksteeg ; Duthler";1
LEUSDERHEI;2
PIKOREISTRAAT;1
Groeningsche Veld;2
Egmond aan de hoef, Tijdverdrijfslaan;1
VLIEGOP;1
BOURONSBERG;1
DE GRIENDEN;1
NIEUW-NAMEN;5
VROUWENBOSCH;3
MILSBEEK;3
ACHTERSTE ES-NOORD;1
Voormalig AMK-terrein M12888: Westeind 57-59;1
SCHEEBROEKER LOOP - NOORD;1
Oude Postbaan, DSM-terrein;1
Almere Poort, 4E_11 en 4E_24;1
PLANGEBIED NUDEPARK2;1
Gastels Laag;1
DE HOORN-AANSLUITING RIJNDIJK;1
"ANNENBORCH; (ANNENBURG)";1
Waal Lent;1
kasteel Stakenborg;1
Berghuis;1
OUD- EN NIEUWWATERINGVELDSCHE POLDER;1
De Beijerd;1
MALENSBOS;7
HET TWEEDE LARENSCHE KAMP;1
Beekslanden, Regenhamsdijk;1
Zandheuvelweg;1
"Groot Heidestein; Grensweg, Voormalig AMK-terrein";1
Kibbelvaart;2
Striense korenmolen;1
YPESTEIN WATERPARTIJ;1
GROTE TUINSTUK;1
Kavelpad;1
DE ROSKAM;6
"Obrechtlaan; Van Anrooylaan";1
HORSTKAMP;1
Dorpsstraat 173: de Roode Eenhoorn;1
L ABTWOUDSCHE POLDER 18;1
WELTEN;1
Hagenstraat;1
BRIEVERSWEG;1
OSSEKAMP;1
stadhuis, rotonde;1
MAARTENSHOF;2
BAGIJNESTRAAT;1
ZANDVOORT PAAL 69.500;1
Gouden Leeuw;1
Huij 5;1
SPOORBRUG OVER DE BERKEL;1
Het Munnickenhof;1
BARBARA GASTHUIS;1
LOERANGEL;1
WOUDS POLDER;1
HEECHSWEI;1
TUINEN VAN ASSUMBURG;1
Herstraat (perceel 3);1
HOLIERHOEKSCHE POLDER;1
Klein Baarle;2
ZENDERSCHE ESCH;1
HOOGRIEBROEK-NOORDOOST;1
Blatenplak;1
Parallelboulevard;1
Den Uyl;1
ACHLUMER NOORDERPOLDER;1
Onderlangsweg;2
GROTE BERG 54;1
BIJ BOERENDIJK;1
Slikweg;1
Meerdijk (Oude Zwembad);1
BUSSEREINS JAGERSHUIS;1
Uiterwaard;1
Hartense Molenbeek;1
KAVEL J139;1
Kasteelse Bossen;1
kollenberg;1
DIJNSELBURG;2
Fort Vechten locaties I, II en III;1
Passewaaij Hogeweg-Zennewijnseweg;1
"Frankendael; Middenweg 72";1
BEVERKOOG;1
OOSTERDIJK-DE TENT-TUMULUS II;1
CUYPERSBOSJE;1
KONINGSWEG;11
Verbreding Rijksweg A12 Ede-Grijsoord traject 3;2
"Luyksterrein; OVA";1
DIJKLAND;1
Kerkstraat 85+95;1
Frans Kerkhof;1
Looweg;3
BERKENHEUVEL;1
KLING;3
GREBPOLDER;2
RIETLAND;1
MIDDELWEG OOST;1
Rattommerweg;1
"Liesselseweg; Ter Eijnde; Ten Einde";1
WESTERWOLDE;1
"POMPSTATION; SPOORLIJN";1
HOEKSE DIJK, A'DAM-RIJNKANAAL;2
MAATSCHAPPIJ WIJK;1
VERDRONKEN BATH;2
CRAUBEEK;2
RIEKERESCH;1
ST. ANTHONYKADE;1
Doorwerthse bos;1
DE RUSSCHEN;3
Bovenheigraaf;1
Schoolstraat - rioolbegeleiding;1
MOLENGAT 3;1
DE LINDENHOF;1
"ALDEBORCH; MINDERBROEDERKLOOSTER";1
"Colijnpad; Kavel L85";1
GELEEN;1
STIKKE HEZELSTRAAT;1
OUDE HAVEN-OOSTERSTEEG;1
"Krepelstraat; Klokstraat; Plompe Toren";1
01.039 Liesveldviaduct 1961;1
Mentemaheerd;1
Klooster Nazareth;1
UPPELSE HOEK ('MUILWIJK');1
HET VALKJE;1
Minnemastraat;1
KOOLWEG;1
KRAAIJENOORD;1
DELWIJNSCHE AKKERS;3
Sutjensstraat;1
De Lemerij;4
HOEKSE DIJK;1
N237 Tracebegeleiding;1
BUURTSCHE BERG (WIELINGSHEUVEL);1
Mallemolen;1
DOELSTRAAT 43;1
"GOORLOOP ; KASTEELWEG";1
LINDENSTR/NOORDENBERGSTRAAT;1
Heistraat-zuid;1
Hoekelum (locatie 8);1
SPANBROEKERWEG;1
KAVEL C126;1
RODE SCHUUR;1
Buulder Aa;1
DE MOLENBERG;1
Kamersteeg, locatie 3;1
Bedafseweg;1
spuiweg-spuiboulevard;1
"Runderweg; Kavel G158";1
Monding van de Eem;1
POLDER NIEUW RIJERWAARD;2
Peter de Gorterstraat;1
Mendert;1
Schoolweg;1
MARSLANDEN II;1
Foksegatten;1
HOF GENRADE;1
Voormalig AMK-terrein: Polder Strype;1
Friesche Vlaak;1
Broekpolderweg;1
CASTELEYNWEG, KAVELS M32/M33;1
Broeksestraat 46;1
In de Mehre;1
Langlaar;1
Midden Delfland Zuidrand, Poldervaart 1;1
Terschelling Paal 26, 1;1
TJALLEWALLERWEG;2
BURMANIATERP I;1
Zuivelstraat;1
"ROODE BEEK; MILLEN";1
HOOGSTAD;1
HANENBERGERHEIKE;3
HET GOOR;8
Groningerstraat;1
"WEKEROMSCHE ZAND ; HOGE VALKSE DIJK";1
"Hooge-Vaart; Labbegat";1
BURGSTRAAT;1
"KAAI 25; DE STRUYS";1
Dammeland;2
LANGE AKKERSWEG;2
Sportpark de Eendracht;1
3 Notenboomen;1
WESTER NIJKERK;2
R.K. Parochie St. Willibrord;1
HOEVE ERICA;1
West van Houtbroek;1
Irislaan tegenover nr 4;1
LARIKSLAAN 11;1
GOUWE (VINDPLAATS 49);1
TWEE MORGEN;3
Ecopassage, Plantage Willem III;1
N219;1
HUIZE SUIDERAS;1
VOORMALIG KLOOSTER WESTEROYEN;1
De Leijgraaf;1
KAVEL J122;1
Kasteel Herpt;1
Zutphen Centrum;1
ZIERIKZEE MEELSTRAAT 8;1
HEESWIJKSE KAMPEN;17
WAMSTEKER;1
HOORNDERSLAG;1
Winkel;1
Van Veenendaalstraat;1
DE CAVALERIE;3
"Langs de Rijn 6; Tuincentrum Jolice";1
Volkstuinen Olijfkrocht Hoogeweg;1
DIRK STAALWEG 83;2
VELDKAMP;1
OOST-VOORSTRAAT EN OOSTSTRAAT;1
DUIN KOUDEKERKE;1
KLEINE OVERSTRAAT 46;1
LAAGT 6;1
Moleneind;8
"POLDER RAPIJNEN; KASTEEL LINSCHOTEN";1
PROOYENSE SPRINK;1
NIEUWLANDEN;2
DORPSSTRAAT NR. 99;1
OUDE GOUW;3
DEURZERDIEP-VIADUCT N33;1
BEGIJNESTRAAT;1
"Klooster; voormalig AMK-terrein";1
SPORTHAL;2
KEIZERSVELD;1
ODOORNERZAND;3
ZWIJNSBERGEN (VOORDEL);1
WARKEN;1
BUUSDALLEN;2
"KRUISSTRAAT; (BEZINEL.SLEUF)";1
Stampershoek;2
Langs Westfriese dijk;1
01.070 Vleer/Kerksteeg;1
Uddelmeer;1
ZODENDIJK;1
D49 - PAPELOZE KERK;1
BELVEDERE (SITE N);1
OUDE WEI;1
ELEMERT;1
St. Fransiscusschool;1
DE HEIJENSE MOLEN;1
Kerkweg 7;1
Waterstad A7;1
Kloosterbos;3
LANGE WEG;5
RANDWIJK-WEST;1
KERK PRINSENSTRAAT;1
SCHOUWSE DIJK;1
Overgauwseweg 86;1
RAMSDIJK, KAVEL P68;1
Kasteelstraat;1
"20.37 KRALINGERPOLDER; KRALINGERDIJK";1
ERVE HOYCKINK;1
Rijnfront-zuid;1
CAMPING 'T LOO;1
"(MEERWIJK); DEKEN POMPENSTRAAT";1
ODOORN-VALTHE ZUID;1
DALWAGEN-ZUID;1
A12- verbreding;1
Hofdreef;2
PETTEMERDUINEN;1
ZANDSCHE BOSSCHEN;1
DE KREMMER;4
ELBA;6
Brantstraat;3
Noordzijde 117;1
WETERINGHOEK, ZWEMBAD, HEFBRUG;1
locatie 8B schoonebeeker diep;1
Hoge Morgen;2
Schuytgraaf;1
Singel;2
DEVELZICHT;2
Duinhoeve;1
Herenstraat 50-54;1
"Julianaweg; Ireneweg";1
DORPSPLEIN 28;1
ENGWEG OOST;2
Bronnegermaden;1
MAAS-BOULEVARD;1
VEENRUST;1
Molenschot;1
Haitsma Mulierweg;1
KYLLOTSBOS-ZUID;2
Geitenwaardsche polder;2
NUMERO DERTIEN;1
Nieuw Helvoet;1
DE WOERDJES;13
KIJKOVER;3
Locatie Cordstrap;1
DORSKAMP;3
TIGGELAKKER;7
Dongjum;1
"Voormalig AMK-terrein: Polder Krimpen aan de Lek; Oude Wetering";1
NIEUWEDIJK;3
Euratomsingel;1
Oude Gote;2
HUIS ABTSPOEL;1
"HS.KRONENBURG; CRONENBURG";1
Boezem van Brakel;1
Oostrikweg-Zuid;1
Madestein-gemaal;1
Beekveld;2
Rijksstraatweg tussen 157 en 159;1
Zelhem;1
TEEFFELEN-DORP;1
OA DE MALBURG;1
SCHIPPERSINTERNAAT DE KLOKKENBERG;2
O.V.D.NAPOLEONSWEG;1
BURCHTWEG, KAVEL M23;6
De Flierenhoef;2
SCHOLTINCKSTRAAT;1
DE LAARS;4
T WAAL VENNEGIEN;1
DE LAAG;1
OUDE AALDERINKSKAMP;2
VOELSLAK;2
OUD NAARDEN;4
SCHAGEN;1
DE BERKT;1
Schinveldse Es;7
OPLOSE WEG;1
IN DE KAMP;1
BUS;1
"Voormalig AMK-terrein M4154/CMA31C-007: Polder Steekt; Steekterweg";1
Gorsselse Enkweg;1
KIBBELHOEK;1
KERKENHUISWEG;1
Ketelsteeg;1
"NEDEREINDSESTRAAT ; DORPSHUIS";2
Oudewater, lange burghtwal 102 en 104;1
NEELKESBERG;2
"Spinakker; Fluitakker";1
"Voormalig AMK-terrein: Groeneveldse Polder; Duinzicht";1
Passluis;2
"OUDE KERKHOF; TERP TE DORREGEEST";1
Stipdonk;1
MIDWOUD;91
Hoogendijk, Moordhoeksewiel;1
Oude Lakerweg;1
Zwanegatsdijk;1
HEDEL;3
SCHOOLSTRAAT;22
STINS;1
STEENEN POORT;1
KERK VAN MARIA HEMELVAART;1
Julianaplein;1
Rozendaalsche Zand (locatie 6);1
DE KEMPE;1
heeswijkse kampen vindplaats 4;1
Valkenburgerstraat;1
03.001 Kethelweg 7 (naast);1
HEIDEHIEM/WOLFSBERGEN;1
OUDE BROEKPOLDER;2
"Ouwehands Dierenpark ; Laarsenberg";2
rode weeshuisstraat;1
Ljouwerterdyk 10;1
Kampweg, De Beesten, De Beesde;1
GOUWE (VINDPLAATS 48);1
Lipomwijk;3
"Broekeind; Broekeindsedijk";1
RBP 015;1
Speckterbrug;3
HESSENWEG;4
Damsluisweg;2
WANSSUMSE HEIWEG;2
St. Jurriencomplex;1
Hogesteeg;2
TOLNEGENWEG;1
Voormalig AMK-terrein M13542 / CMA28F-A23: Kooiweg;1
NOBELSTRAAT / KAP. BERIXSTRAAT;1
NIEUW-NOORD-BEVELANDPOLDER;1
Zuidhoeveweg 3;1
"DE DONK; HOUTBROEKSE LOOP;VAARSELSTR";1
STOPSBULTEN;1
Boogplein;2
ZWINDERSCHE VELD;1
KAMPER VENEN-WEST;1
BURG. RAYMAKERSLAAN;1
"HUINERVELD ; KOLTHOORNSE WEG";3
Teersdijk;1
FOKKINGESLAG 8;1
MARIA AUXILIATRIX;1
Veldheim;1
voormalige terp Sottrum;1
HUIZE ROSS;1
NOORDZEE MONDING OOSTERSCHELDE NCP BLOK S8;1
SCHOOLSTRAAT 8;1
ALLEMANS VELDWEG-NOORD;1
"Achter de Muren Zandpoort; Munttoren";1
SCHANS POEPENHEMELTJE;1
SCHOUDERMANTEL;1
Beringe centrum;1
CHARLOTTENBURG;1
OMGEVING RIJPICKERWAARD;1
GROENE DIJK;4
POLDER OUDE GOTE;14
Bendelaar;1
Lijstereng;1
YPELO;1
POLDER NIEUWE GOTE;7
KERKENAKKERS 1;1
HERMANSHOEVE;1
LANGE HAVEN;1
"HOOGEBRUG ; HOGE BRUG";1
GIETERVEEN;1
Sibbe;1
deelgebied 5: Leenderhof;1
ST. GALLUSKERK / HERVORMDE KERK;1
UILESTRAAT, W-ZIJDE;1
IJSSELDIJK;2
WEZENKOLK;1
JAN VOORT 2 KANTOORBOS;1
DE HOGE WOERD/HET GEER;1
Renkensstraat 9b;1
SLUFFERD;77
HUIZE BLOEMENBOSCH;2
"SNELLENBURG(H); MINDAEL, voormalig AMK-terrein";1
PAPENTORENVEST (MOLEN DE ADRIAAN);1
OIRSCHOTSCHE HEIDE;4
KAAPSCHE BOSSEN;4
Westelijke Bovenpolder;1
De Breekenhof;1
01.015 Landstraat/Vossenstraat;1
Papiermolen de Vergulde Bijenkorf;1
Dr. Deelenlaan;1
NOORDWIJKERHOUT;2
LOOWEG;5
01.062 Smalle Havenstraat;1
RENGERSLAAN;1
Peursumseweg 30;1
Balensteeg 18-24;1
"WARANDE; BOXBERG; MAASZIEKENHUIS";1
LEEMKOLKWEG;6
"Wolfhoekse Heide; Oude Dijk";1
VAGEBOSWEG;1
GROOT TER WEE;1
Vessem Kerk;1
Marktstaete;2
TEN ZUIDEN VAN MOLENWEG;1
St. Jansgeleen;3
Annendaalderweg;1
voetbalterrein ( oud );1
16.42 AALKEET BUITENPOLDER;1
Oud-Emmeloord;1
ASSUMBURG;2
BOERMARKEWEG;1
Fort Sint Jacob;1
Plangebied Kranenburg-Zuid;1
Boekenderhofweg 15;1
Piushaven Noord-Oosthoek;1
KLEINE BERG 33;1
"MORTEL; voormalig AMK-terrein";2
het Franse Legerputje;1
Griftdijk;2
01.003 Korte dijk/Zwarte paard 1999;1
01.029 Hoogstraat 118/120 (Vellekoop);1
Negentienmorgen Vliet;1
HEULWEG 61;1
LINNERHEIDE;8
Haanwijk 17;1
"MOLEN ""DE GRIENDUIL""";1
Mussenbergseweg 5;1
GROOT-RAAI;1
BUSSEREIND;16
BAETSERVELD;1
S.L. van Alterenlaan 3;2
Zan96p;1
GAGELVEEN;1
Herberg 'De Zwaan';1
DE ASSEM;1
Vredenburg;3
Haagweg 220;2
Erp, Steengraaf-Kerkstraat;1
WEERDEBRAS;1
HEIDENSE WEG;1
"""Het Achterste Hoefke"", De Achterhoeve (Afterhove)";1
Lutterveld (ten westen van Kerk Avezaath);1
HOOIDONKSE AKKERS;10
"Huls; voormalig AMK-terrein";2
AMSTELDIJK-WEST;1
"DONKSE WEG ; MOSIK";1
Erfstraat;1
"Locatie 5 ""Distelheuvel""";1
Vilderstraat, Berkter Hoef;1
De Vergert;2
Trade Poort Noord, deelgebied 7, terrein A;1
Biervliet;1
N-O VAN KLEIN WELSDEN;2
SPOORSTRAAT 1;1
KAWEISCHE LOOP;1
Grave - stad;1
HEERENWEG/NH KERK;1
Aagtekerkseweg/ Buiten Pekelinge;1
Veldsteeg;1
Boerderij de Holten, Klaassteen;2
Klein kasteel;1
KERKAKKERS, VOORM. ST. MARTINKERK;1
Gastransportleidingtraces A-660;9
Botermarkt;3
Horp;1
"BERGWEG; VOORDELDONK";1
1E DORPSSTRAAT / MAURIKSTRAAT;1
"BRAAKWEG; 'T HOOG; AARTSWOUD II";1
ST EUSEBIUSKERK;1
BRINKMANN-COMPLEX-REMBRANDTBIOSCOOP;1
STAPPEGOORWEG;2
Smidsdijk 6;2
Krakelingweg;1
SCHENKELDIJK (MIDDEN);1
Veilingterrein ABC Westland Poeldijk Noordoost;1
Niers 5 jaarboek1;1
BOVENDIJK;1
VIJZELESCH;1
SPAARNE 38;1
"Witrijtse Heide; De Stukken; De Zwarte Bergen; Voormalig AMK- terrein";1
"Vrilkhovensche Akker; voormalig AMK-terrein";1
OVEREIND VAN JUTPHAAS;3
ten zuiden van de Arnhemse straatweg en ten oosten van de Ellecomsedik;1
VOORM. WEESHUIS;8
Havezatheweg 7;1
Everdenberg;2
Hoogwatergeul;3
Kappertsberg;3
DE VOORSTE GEIN;1
Nobellocatie;1
CASTILIENLAAN;1
DRIEVRIENDENHOF;2
"MUNSTERPLEIN; CUYPERSMONUMENT";1
"VERLAATBRUG; AA (OF) WEERIJS";1
CANADALAAN;1
Grotestraat 1;1
"KAPELBERG;";1
ESPELERWEG, KAVEL C120;1
LANDSCHOTSE HEIDE;1
DEM-COMPLEX;1
02.011 Oosthavenkade;1
De Knipe;1
Perceel N van de Hemmerbuurt Kadijk, 350 m west van de Lakemansloot;1
Ketelmeer 1;1
Maasvlakte 2 Wrak 6003;1
Aangelagen;1
JAAGOPPERVELD;1
Mookerheide;1
Rijksweg A2 Noord;1
Geert Grootelaan;1
EMMER ERFSCHEIDENVEEN;1
PARKSTRAAT;10
Moesstraat 46;1
PEPINUSBEEK;1
BALLOO;1
MEDELSE STRAAT;4
Huize Witham Nieuwstadt;1
KERKBUURT ZO;1
Kasteel overhage;1
Hoefseweg 6;1
OOSTERKLIEF;3
GOUDSTIKKIE;3
AERWINKEL;1
VELSERTUNNEL;4
De Plakdel/ Rozendaalsche Veld;1
EIKSLAAN;2
Kolkwijk;2
"Overeind; voormalig AMK-terrein";1
KRODDEL / TURFKOELEN;1
STERRESCHANS;2
Coevering;1
DE GROOTE BONGERD;1
Kloosterweide;2
koningsvennen;1
LUITERS;1
"Groevenbeekse Heide; Oud-Groevenbeek; Watervalweg";1
"HOOGBEEKSKEN; OUDEKERKER VOETPAD";2
DE ASTERD;1
Smits's steenbakkerij;1
DE HOLLENDE WAGEN;4
LOERIK, TERREIN 8A;1
Huygensweg 9;1
Strienemonde;1
DRIEHOEK / AGNES KLOOSTER;1
BAKKERSLOOT;3
Groot Raij;1
EZINGE;1
Kapelsloot, perceel ten zuiden van Oosterdijk;1
A. van Solmsstraat;1
Oude Haven/Havenplein;1
Ven - Zelderheide;1
Kawei;4
"BIJLANDSE WAARD ; DE BIJLAND";1
MARKNESSE, KAVEL S1;1
MAAS HOGENWEERTH;1
Westeraam, Bouwweg De Haak;1
Wijterseweg;1
Wijkseveld;1
BIEBOSCH;2
NOORD MORSCH;1
Schellachse Sprink;2
MARTENSTRAAT-WEST;1
BLOKZIJLERWEG, KAVEL S84;1
VARSSEVELD;1
WEVERSHOEK, DE WAAL;1
mantingerbos en -weiden;1
VENRAYSE WEG;1
DE MIJNTJES;1
DE CAPEL;2
LEESTRAAT 14;1
HARDENBERGER MARCH;1
Meerndijk;3
STEENTILSTRAAT;1
Hekelstraat 19;1
Raadhuislaan 8;1
SCHEDELDOEKSHAVEN;1
HOFLAAN;1
DE KIEFTE;1
"DE DRIEHOEK; STRUIFSTRAAT";1
ESPELERWEG, KAVEL D52;1
Sixlaan 17;1
BONKELAARSDIJK;3
Bentz-Berg;1
Pleinse Dijk;1
HOFAKKERS (Akker achter Hoofdweg 28);1
BINNENWEG;4
SINT JANSGELEEN;2
OOSTKERKE;1
It Eilan;2
KOMMANDERIJE;1
Oud-Wulven;1
Zwanenburg;22
"Voormalig AMK-terrein M7225 / CMA30E-012: Kerklaan; N.H. Kerk";1
Lozerlaan;1
Waterloopbos;1
SCHOKLAND, ZUIDPUNT, ENSERKERKJE;7
ORPHEUSSTRAAT;1
Vroolijke Jager;1
WINTERDIJK 14;1
MIDDELBURG PLAN KLARENBEEK;1
SANDERBOUT II;1
KRUISVELD;1
BORNSE DIJK;4
De Hilver;3
ZWAARDIJK;1
Veerse Meer 1;1
WITTE BERG;1
Bankhoef;1
HANZELIJN, OUDE LAND;1
Achlumervaart;1
"BOSCHOORD/""GENERAAL + MAJOOR""";1
GISTELLES;1
De Smele/Eekhoornstraat;1
LOOBOSCH;1
Pastoor Spieringsstraat/Marktstraat;1
KLOOSTER NES;1
Brouwersmoeren;4
STRAND CADZAND;2
Westervlier;1
VEERSE DAM;1
TIELSE STRAAT;1
Heesakkerstraat 63;1
LANTERDWEG;4
Sint Jansplein;2
"Oud Beijerland A29; Heideweg; Oud heinenoordseweg";1
GROTE ACHTERWEG / DE GEEST;1
St. Canisiussingel;1
Rijksweg A2, vindplaats 7;1
Limbrichterbosch;10
Sjef Remmenlaan;1
RIJSWIJKSE STEEG;1
"EDERHEIDE ; HESSENWEG";1
POLDER HATTEM;1
HALSTEREN;2
LAND ACHTER DE AKKER;7
Brede school Zuurland;2
MARSDIJK:KNOLLENKAMPEN;1
"HSL-cluster 4; Brielsedreef";1
Bovenkil;1
OOSTROMSDIJKJE-MIDDEN;3
Koningswinkel, nabij de Plenkert (Geuldal);1
Lahrhof;1
Ooster kempkensbergweg;3
WIJNARDENHOF;2
"J. V.D. VONDELSTRAAT ; JOHANNA'S HOF";3
VOORSTUK;2
KATTENBOSCH;1
Stellestraat;3
DIFFELEN;4
"AKKER; OOIT WIJKERSLOOT";1
Ettenseweg 9;1
WAPSERVELD;3
SCHEURRAK V;1
DOELSTRAAT;2
WEST FRISIA;1
STADSWEIDE-BOTERZANDESTRAAT;1
Molenstraat;24
TEN HOGEN AARLE;1
Rotterdamsebaan;1
JANNETJE WEKKENWEG;1
Rhijnhofweg;2
AMERONGSCHE BERG;4
Huis Langen;1
KERKEBOSLAAN;1
Oirschotseweg;1
BALLOERESCH-WEST;3
Zuidermeerweg 36;1
Wijk aan Zee Julianaplein;1
"Voormalig AMK-terrein M10662 / CMA37E-094: Woudse Polder; Rijksweg";1
REEENDAL;1
Lekdijk West;1
ERVE MARKSLAG;1
KOEKE BAKKER;2
BORGERBRINK 104;1
GELDROPSEWEG;1
Hanenstraat 12 te Velp (N.Br.);1
PAAL 28;1
Brouwhuis-noord, Hooge Acker;1
"LANDWEERWEG; BLOEMARTSWEG";1
BRINKSTUKSLAGEN;1
Holtenbroek 1, Mozartlaan;1
"Grebbeweg ; Heimenberg ; Grebbeberg";2
Hollandseweg;1
"TORENWIEL ; ESDONK";1
Betenlaan;1
Hoogeland-West;1
THNAS ONBEKEND;1
Tuurdijk/Nachtdijk, Casa Cara, voormalig AMK-terrein;1
Weijland 42a;1
RIVIERVISCHMARKT 19;1
LOOIJSESCHE GRAAF;1
Kasteel Berkel;1
St. Plechelmusplein;1
"WATERKANT; HOEVE 'T SLOT";1
GEM VUILSTORTPLAATS;1
SPINHUISPAD;1
Hoge Rijndijk 88-92;1
TUINCENTRUM DE OOYERHOEK;1
CHAAMSCHE BOSSCHEN;1
Koestraat te Wilp-Achterhoek;1
KAAPSCHE BOSSCHEN;16
DUIZELSCHE BROEK;1
Ter Kenemade;1
"OP HEUVEL ; KLEIN BROEK";2
CAMPAGNE;5
AALSBURG;1
Utrechtseweg/A28, Voormalig AMK-terrein;1
VLIEGTUIGWEG, KAVEL J113;1
Groot Bosch-West;1
SINGELSTRAAT 4;1
Loverbosch fase I;1
KORMELINKS- OF BOAKERSBULTEN;1
VALKENIERSBULT;1
'S HEER ARENDSKERKE;1
St. Landricuskerk;1
ASSERWEG 3;1
HARMENJANSWEG;1
BOUKOUL;1
De Hout;8
KIJFHOEK/EEMSTEIN;1
t Goy;1
Hoflaan 8;1
POSTWEG, HEIHOEK;1
BITSWIJK;1
polder Waard-Nieuwland, kleine molen;1
STEENOVEN;3
hoek Waterkant en Wuiver;1
Herckenrathweg 4;2
TURENNESTRAAT;2
Goudberg;1
Graetheide;4
Gaaikemadijk 2;1
KAMPERESCH-NOORD;1
Postweg;2
Hogesteeg, Centrum, Cuneraweg, voormalig AMK-terrein 11542;1
SITE N;1
HOGE BEEMDERT;2
"STEENSTRAAT; GROTESTRAAT";1
Houweg, De Kieviet 31;1
Moutzhofweg;2
Schip De Meern4;1
"Voormalig AMK-terrein: Vinkepolder; Rijksweg A15; Alblasserdam IV";1
Schaapsdries, Vromberg;3
"HEESWIJK ; HAVENLAAN";1
Wijnterperschar (de poasen);1
DEN DOOM;3
"Oude Haven ; Hans Vriezenschans";1
BEGIJNENHOFVELD;1
WEIDE DE POL/MALLEMSEMOLENWEG;1
Brandevoort;5
Kampweg, Geleenbeek;1
plangebied Voederheil II;1
01.097 Havenstraat de toekomst;1
GROOTE AKKERS;3
Keizerslanden;2
Coovelsbos;12
BROODVEN;6
HUIS TE HOEVE 01;1
GOYERBRUG;2
De Schans;8
"Bergstraat; van Dusseldorpstraat";1
SECTIE BERGHAREN A 396 EN 449;1
KLEIN EGYPTE;1
HET VENKE;1
KOELENSTRAAT;2
KOPPELDIJK;4
NOORDZEE EUROGEUL 17 NCP BLOK R3;1
VEN VAN MUUSBOOM;4
Brink 27;1
Wepsterlaan 6;1
VELSEN 2;4
DE WEYERT;1
Blaak 31, voorheen Cebeco-terrein;1
NOORDZEE NOORDERHAAKS 3 NCP BLOK Q2;1
DE HOUW;2
AALKEET BUITEN 033;1
DEURGANCK;1
MARKT 18;1
"ANTWERPSE BAAN; voormalig AMK-terrein";1
BERNARDUSSTRAAT, ST.;1
EINDSTRAAT 20;1
EEFSCHE ENK;1
Vellekoop;1
Groene Dijk;1
"VML.ROEIVIJVER;ZWEMBAD; OPHOVENERBR.";1
Lambertuskerk;1
"WOLHOEKSCHE HEIDE; E3 STRAND";1
HANKATE;1
Groot Bronswijk;1
MOTTIGER POLDER;1
Gildekamp, Beersebaan;4
"PUTTERBOSCH ; PRINS HENDRIKWEG";2
07.010 Zuidbuurtseweg 1;1
06.161 freegolf terrein uitbreiding;1
Oude Wetering;1
Perceel tussen Ruitersloot en Engelsloot;1
Ged. Nwesloot 161-169;1
GEREFORMEERDE KERK , PARKEERTERREIN;1
BELFELD;3
KLINKERSTRAAT 3;1
GRINTGAT OMSTEG;1
ELLEWOUTSDIJK;1
Dorpsstraat 186;2
INTRATUIN;2
"OUDE TOREN; ST.MICHAEL; DE PLAATS";1
't Rijkepad;1
DE BOLLE;1
Gildenweg;1
WETERINGPARK;1
STEILE LANDEN;1
HOORNDERVEEN;1
Molentocht;1
"Oude Maastrichtse Baan; voormalige AMK-terrein";1
OUD-HAMERSTEDE;1
Koarte Ekers;1
KAVEL P23;2
KUINDERBOS, KAVEL L43;1
Europalaan/mauritiusweg;1
Kavel G36;1
NETERSELSE DIJK;2
FANNENWEG;1
Prunje;2
SCHALKWIJKSEWEG, HOOGDIJK, FIETSTUNNEL;1
DE NACHTEGAAL;2
BIJ DE KERK;2
KRANENGOOR;1
TIEND(WEG)WETERING;1
Pothoofd;1
HEERENLANDJE 1;3
Roosendaalsebaan 5;1
ZEVENBERGSEWEG 42A;1
HOFAKKER/AKKERBEEMD;1
Locatie 29 afvalcontainer;1
NOORDERRINGWEG, KAVEL F70/F71;1
Industrieweg;5
MELICK;4
LOIL;1
OP 'T HOVELKE;1
Houtven;5
COLMSCHATE DE KNOOP HOLTERWEG;1
HOOGHALEN ES HH3;1
De Koppel;1
Schouweg 90;1
WESTERHOF;1
Marie Koenenstraat;1
Koedijk 76;1
Stationstraat 12-18;1
VENLO/TB/1995;1
MIDDENMEER;4
Nieuwe Erven;2
Deurzerdiep, ven op de Kampseheide;1
WERNHOUTSE WEG;1
Mariniershof;1
VALTHERBOSCH-KLEIWEG;1
Binderendreef;1
GESTEL-HOOGSTRAAT-BOUTENSLAAN;1
ZUIDEREILAND;1
GELEENBEEK;9
KOUDENHOEK;2
SCHALKSKAMP;4
houtsbergweg;2
NORGERVAART 09;1
CUNERAWEG;6
VARSENER ES;7
VEERSTOEP;1
Heiligebergerweg;1
LARE;1
PUTBROEK;12
ACHTERSTE KIJKUIT;1
"Othene; voormalig AMK-terrein";1
De Lange Runde;1
ROZEMARIJNSTRAAT;1
Stienzer Hegedyk;1
STEENWIJKERWEG-OOST;1
Berg en Bosch;2
2. KERKEVELD-DOMMELSVOORT;1
Weenapoint First;1
Dekkerswald;2
Binckhof;1
N H KERK FINKUM;1
Petersburg/Garstenstraat;1
SCHUTSWEG-OOST;1
OUDE MAATS;1
DIEDEN;1
Kruisberg;1
UBBERGSE VELDWEG;1
OLDEHOOFSTER KERKHOF;1
"KAVEL P34; ZUIDERT";1
Kasteel Vredenburg;1
Hoofdstraat 102-104;1
PIETERSTEEG;5
Ulingshofweg;1
GEREF. WEESHUIS AAN DE HOGE WOERD;1
SCHANSWEG, KAVEL K57;6
Voormalig AMK-terrein M10494/CMA38D-033: Willem Alexanderplein;1
PAARDENSTRAAT;1
N.H. OF OUDE KERK;1
HOOIDIJK/SCHAAPVENEN;1
ST. PAULUSABDIJ;3
SLOT LOENERSLOOT;1
Reedijk;2
Schapenstraat;1
ZEESTUK;3
VELDHUIZEN B;1
Spaarneziekenhuis;1
PEISENLAAN;2
WESTERBOEKELWEG;1
ACQUOY DORP;1
Voormalig AMK-terrein M13369 / CMA28A-A02: Ommerweg;1
Rootakkers;1
SCHOLTINGSTRAAT;1
KLOOSTERPAD;1
HOOGTERRAS;10
Natuurtransferium;1
Heide Scheiwal;1
Horlogiersdreef;1
SPOORBRUG-VOORVLIET;1
Schipborg, Hunebed in de Strubben;2
BEEKMANSDALSEWEG 9;1
De Hoekstee;1
TUINENLAAN;3
Luchen;2
LEIDSE WALLEN, DORPSSTRAAT;1
Hogelandje;1
Rondweg Weerselo vindplaats 2;1
NOORD AA;1
Vensterstraat;1
EEMSKANAAL;1
Hulst;1
Varsseveld kerkplein 17;1
GROTE MARKT;8
BOMMELSE LOO;1
De Ret;1
GERICHT;1
Obbicht;1
KONINGSPADE;1
BEVERSESTRAAT-DE HORK;1
PEURSEMSEWEG;2
GROENEVELDSE POLDER;1
riddershofpad;1
KAVEL P191;1
HEMMENSESTRAAT;1
MEIJENDEL;1
Bloklandsekade;1
Cuneraweg 219;1
Unastraat;1
WELY;1
GASSELTER DENNEN;1
"GROOT DORREGEEST; FLORENTIJNSE WEID";1
POELSE KUILEN;3
WAALHAVEN;1
Voormalig AMK-terrein M12890: Westeind 33, 34;1
STHEEMANSTRAAT;1
De Kets West II;1
GRIETJENSGERICHT;1
Nieuwe Kade;2
Weerterhof;1
"Zwembad 'de Wetering'; Veerwagenweg";1
DELDEN;2
SCHOTHORSTERLAAN;1
Hekelstraat;1
Kerkgracht;2
Bieshorstlaan landgoed Pelgrum;1
GENDERDIJK;1
Smitterijweg;1
wijk Nieuwland bij Hoogland;1
"De Werf; Polder Holland";1
HET PLANTSOEN BUREN: HET KASTEEL;1
SCHERMERSDEEL;2
KASTEEL VAN HEEZE;1
de Wetering;1
LIMBRICHTERBOSCH;2
KNIPHORSTBOS;3
RIETBOS;1
KAPELSTRAAT;5
Vriezeweg;1
Zuideresch, Loo-akker;1
BUDELSE DUINEN;1
13 AGGELEN;1
Plangebied Kerkebuurt 190;1
DE LIJNSTUKKEN;1
Hekerweg/Akker aan de Hoek;1
RIJNSBURG - ABDIJ;1
"De Berkenhut; voormalig AMK-terrein";1
STRANDPAAL 89-250;1
Oudedorp;1
LUTJESWAARD;1
Grote Noordwolderpolder;1
Smedenstraat 475;1
Stokheuvels;1
Zwarteweg 12;1
Vrakelberg;5
DE HOEF II;1
Vicaris van Alphenstraat/Kluisstraat;1
VOORTSESTRAAT;1
MIDDELVLIET-'S-GRAVENDEELSEWEG;1
Oranje Nassua's Oord;1
STERREBOSCH;1
ALDERVELD-JUFFERSVEEN;1
KAPELDORP;1
Zuidsingel;6
SCHOORLSE BUURT;1
FRIDHUISTRA;1
DROSSEWEG;1
Mallumse Molen;1
Den Burg Volmolen;1
Sportcomplex Boshuizerkade;1
RAAKS (BOUWPUT PARKEERGARAGE?);1
PUTBROEK, ANNENDAALDERWEG;1
KERPELGAT;1
'T SANDT;1
Kulturhus;1
KERKEIND 5, 6, 8;1
SCHIMMERT;1
DE HAAR-ZUID;1
16.06 AALKEET BUITENPOLDER;1
Oost Kanaaldijk 1;1
ESPELERWEG, KAVEL C119;1
ERMELOSE HEIDE KETELTJE;1
TERREIN EERSTE NED. KALKBRANDERIJ;2
NOORDBARGER BOS-ZUID;2
BOSSCHENHUIZEN;2
ZWARTE WEG, voormalig AMK terrein;1
Cuijkse Cantheelen;1
Militair terrein;1
WOESTE ESCH;1
Van Hoornekade;1
Tiendweg 1;2
NH Kerk te Hummelo;1
UICOOTSCHE HEIDE;1
Koppelberg;3
GULIKKERWEG;1
"Bosschenhuizen; voormalig AMK-terrein";2
Brielse Meer 02;1
STIFTSCHE UITERWAARD;1
ACADEMISCH ZIEKENHUIS;1
LUTKE ESCH;3
Zure Maat;1
18.20 DIJKPOLDER;1
HAULERPOEL;1
Meerweg;2
De Lange Steeg;1
Oosteind van dep. lukmade;1
HASSELSE KAMPEN;1
HAVELTER MEENTE;3
MOERSTRAAT;5
SLEUF W.M.L.;4
PASTOORSBOS;1
POLDER SANDELINGEN AMB;2
ZUIDELIJK VAN SCHUURMOLEN;1
LOOERENK/'T MEYERINCK;1
Eckart;1
Roghorst;1
LISSE;3
RHIENDERSTEIN;2
Doctor J.P. Kruimellaan (ong.) te Garderen;1
KNOOPPUNT B;1
Muggeplein;1
Tollebekerweg- kavel H37;1
SNIJDERSVEERBEEK;1
BROEKKANT;1
WIJNALDUM ZEVEN;1
NABIJ OVERHOEKER ESCH;1
polder Veckhoek (Seggelant);2
"GENERATORCENTRALE ; KNUTTELWEG";1
ERVE KINKHUIS;1
Thales - Haaksbergerstraat;1
VALTHERMOND;2
"Salverdaplein; Torckpark";1
LANGE BEEMD;1
BUNDERTJE;1
Steensel-Noord;1
De Zanderij DAO 2005;1
Joossesweg;1
Burgzand Noord 9;1
HOCHTWEG;1
Kloosterdreef;2
LAARSCHENBERG;9
"Centrum; De Bolle";1
BLARICUM;1
"LEESTENSE ENK; MARGA KLOMPELAAN";1
BIEUW;4
WOERDSTRAAT;1
"EERSELSE DIJK ; DE PAN";1
kasteelterrein Rosenburgh;1
DE BOEDELHOF/BOEDELHOFWEG 4;1
Tweede Kostverlorenkade/Bellamystraat;1
VALTHERBRUG;1
Raarveld;2
WILDERVANK;2
Blatumsedijk;2
GROOTE DIEP;1
Doonheide-Molenbroekse Loop;1
Huis Ter Mee;1
ASSENDELVER POLDERS-SITE E;1
LEUTH;2
EWIJK-DORP;1
POLDER ACHTERPOORT;1
"WESTENDORPERHEIDEWEG ; STAVERDEN";1
POLSTRAAT 16;1
Plangebied Brouwhuizen;1
MIDDELGAT 2;1
Heerweg, ten zuiden van Heerweg 9;1
SCHOKLAND, KAVEL P32/33;1
SCHAKERLOOPOLDER;14
Hoekelum (locatie 10);1
De Loswal;3
Hoolstraat;2
SLUITGATWEG, KAVEL E170 EN 171;1
Kleine Koppel;1
NOORDZEE EUROGEUL 11 NCP BLOK S2;1
"De Uilenburg ; provinciale weg  N837";1
NOORDZEE NCP BLOK P15 4;1
"RABOBANK ; HERENWEG";1
WITSTRAAT DE 8 T/M 20;1
"POLDER MOLENAARSGRAAF; KWELDAMWEG";1
OLDENZAALSESTRAAT LANGESTRAAT;1
DE BATTERIJEN;1
'T WAAL KREUSKAMPEN;3
ESLAWALD;1
Zijdstraat 76;1
Hertogstraat 19-21;1
SCHOLTENSKANAAL-POSTWEG;1
MIDDENLAND;3
HAAREN N-BR;1
BEEKHUIZERZAND VOETGVIADUCT;1
DE NOORDEN;1
ZWART DRIESSTRAAT 1;1
Medel;5
"De Tangh ; Stokweg";1
DEN ESCH;1
Hunzebergen;2
Teersmortelweg;1
GROTE MARKT 7/8;1
TONCKENSBOS 32;1
HOOG BUURLO;1
Museum Kamstraat 51;1
"20.36 KRALINGERPOLDER; KRALINGERDIJK";1
Strijperstraat;2
ROERSMASATE;1
IJSSELMEER ROTTERDAMSE HOEK;1
LEEDIJK / BEUSICHEMSEWEG;1
Geldelooze Pad;1
01.100 Markt  Gat in de Markt onderzoek;1
BORGERCOMPAGNIE WESTKANT;1
WESTER ES;1
BALLOERVELD;14
DALE;3
KLAAS HOORN-EN KIJFPOLDER;1
Gemaal Oosterpolder;1
GRIJZE STEEN;1
06.169 Pruissingel;1
LEURSCHE BOSCH;1
Voorthuizen Kromme Akker;1
GROOT ROME EILAND;1
MARKELOSE WEG HOEK VEENWEG;3
OUDE VEERHUIS;2
HAATLANDERDIJK, ERF 65;1
Terschuren;2
GROTE DOBBE;1
DREISCHOR;1
"MAASDIJK; EMPEL-DORP";1
Klarebeek;1
RIJNBANDIJK;3
Kattenleger te Bemmel;1
HOOGLANDSE JAAGPAD;1
Frenkenbaan;1
HASSEBERG;6
OUWELING,DE;1
ZWAARDEBUREN;1
"Stokweg ; Utrechtsestraatweg";2
KERK IJZENDIJKE;1
Strandwal Limmen-Heiloo-Alkmaar (locatie 1);2
MUNSTERPLEIN;2
Oosterveldsestraat;1
"Weg van Jonkerbos; Tarweweg";1
Castilielaan-zuidwest;1
Ameland Paal 19;1
"COBBEEK;";1
Reijakkers;3
Dorpsstraat 49-51;1
ZUIDERHEIDE;19
Smitsweg-Wilgenwende;1
ST.-MAARTENSKERK;1
WOEZIK;3
NOORDWAL 82;1
GALANTIJNSE WAARD;2
Borgharen;1
Oude Torenstraat;1
De Verbinding;2
Ankersweg;1
NAUW VAN BATH 2;1
ST DONATUS;4
RBP 014;1
GOOISE WEG, KAVEL U113;1
GEVERIK;1
KALENBERG;12
Van Vredenburchweg-Bomendepot;1
ESBROEK/DE HEUVELEN;1
BRUINEHAAR;1
MOSWEG;1
Burgwal, Middenstraat;1
SPORTVELD 'DE BURGWAL';1
KAMP;3
ELFVEEN 2;1
"01.050 Delftse veer ""Wedde""";1
Hoge Tieflaar;5
HAARLEMMERHOUT;1
Lange Akker;2
Stichtse Brug, Kavel ZK05;1
"'S-GRAVENHOEK; EMELISSEDIJK";1
NIJLANDER VELD;5
RIESENBERG;1
Mariakerk;3
Grote Koppel nr. 8;1
"Zwijnsweg; Kavel Q65-I";1
Konijnenstraat;1
MIDDENWEG;10
Moleneind 44;1
N236 tussen Hilversum en Wijdemeren;1
Dyksterhuizen;1
Groene Long;2
'T SLOT;4
Knoevenoordstraat;1
Markdal;1
WATERIGEWEG;1
Burg. Molenaarhoeve (bospad);1
BRUINE HAAR;2
Gezondheidspark;1
DE MARSCH;4
WOLFSWAARD;1
"Donkersvoort; Uiversnest";1
Dr. Huber Noodtstraat;2
VALTHERBOSCH OOST-KAMPERESCHJE;1
LANDGOED WATERLAND;1
MIDDEL;5
Paardenwei;3
Polder Noordzijde;2
Zelhemse Enk / Provinciale weg vindplaats 3;1
D32E?/DENNEWEG;1
"Polder- over Slingelnad; Klein Roozendaal";1
Loo;1
"ACHTERPARK ; WILHELMINADAL";1
HOLIERHOEKSEPOLDER;17
UULENBOSJE;1
DE DOEZE;12
Kolenstraat 7;1
VOORSTRAAT 34;1
NOORDZEE NCP BLOK L17 (L14 2);1
GEDEMPTE OUDE GRACHT 20 - 22;1
DEUTZSTRAAT HOEK KERKWEG;1
STRAND WESTHOVE;41
UBBENASE WEG;2
Zijlvesterweg 8;1
Kasteel Montfort;1
Moussaultstraat 7-11;1
01.028 Waalstraat 57/59;1
ROTVEEN;1
KERK VAN DE HEILIGE STEPHANUS;1
Oosterhagen;1
SINT-HELENAHEUVEL;1
"VIERHOUTERBOSCH; DE FRANSMAN";1
DE WAAI;1
TRAAY, HEUVEL 4, voormalig AMK-terrein;1
JAVARUGGEN 2;1
"Bergermeer; Oud-Landgebieden";1
WESTERSTRAAT;9
ten oost-noordoost van de molen;1
DE PLEI;1
Hooge Berkt;2
HULST;2
RECHTEREN/HESSUM;1
ESSENPAS;1
"STATIONSTRAAT; OP DEN BOSCH";1
POTLEE;1
Agnietenstraat;1
Kaiserstraat;1
Yangtzehaven;1
Eindsestraat 1;1
RIJKSWEG A28;1
TERREIN KORTE BREESTRAAT;1
OUD OOTMARSUMMER VELD;1
SPORTPARK GROENVLIET;1
POLDER MASTENBROEK;1
WAR;1
"VOORMALIG UNITASGEBOUW; KERKSTRAAT";1
Grote veldstraat, voormalig AMK-terrein;1
BREEMAAT;1
HOUTWAL;1
LAAGHALER ES;1
PIEPERSVELDWEG;2
Stiphoutsbroek;1
Smedenstraat 98;1
"DE HOEF ; KLEINE BEERZE ; DUKESVOORT";1
WEEZENHOF;1
BROEKHOVENLAAN;1
hoek Markt - Veestraat;1
BROEKERWEG;2
HOOGBROEK;20
DEVEL/MUNNIKESTEEG;1
CAMPERDUIN;2
HANNEKENSWERVE;1
Rijksweg A2 vindplaats 10;1
Zanddijksepoort;1
POELSESTRAAT/SCHERMERSDEEL;1
01.031 Markgraaflaan 90;1
HENSBROEK;1
POLDER STRYPE;1
HOEKSTUK;1
H. Avelinghstraat;1
vindplaats 8;1
DE GRUTTO 07;1
RENGERSKERKE;2
Berkelsingel;1
ZUYLENSTEIN;1
POTHUIZER WEG;3
Uffelsestraat 6;2
STADSMUSEUM;1
"ZUIDERPOLDER ; ZEVENMAAT ; GENIEWEG";1
MERCKENBURG;1
Hernens meer;1
Vlasbaan;1
GROSTHUIZEN;7
STEENBOS;8
Waltingaleane 13;1
NET INDUSTRIETERREIN;1
Kerkebogten, deelgebied 2;1
DORPSKERN;5
Lijnbaan;1
"KANUNNIK VAN NUIJSSTRAAT.; SCHINVELD III";1
DE STEEG 2;1
KREKELBOSCH;2
HAARTELSE DIJK;3
Bijsterveld;2
"OVEREIND 6; voormalig AMK-terrein";1
VOORST;4
IJZEREN MAN;3
IJSSELMEER VROUWEZAND;1
"Uiterdijkenweg; Kavel R85-II";1
MARIAVELD;1
HOF TE WATERINGEN;1
Kamperesch;2
Kikkerpoel;1
Cuneraweg 384;1
WOUTER JANSWEG;3
Baexemerweg;1
LEMSTERWEG, KAVEL K28 EN K29;1
HOOGE GRAZEN;1
NOORDZUIDWEG;7
ANGERLO KERK;1
"LANGEWEG; WOESTEBERG";1
DE VORK;1
Kerkstraat 11;1
Noordzijde 1;1
PLETKUIL;1
BELTWEG;2
VAN DER HEIJDENSTRAAT;1
Driesprong;1
HANNIE SCHAFTWEG, KAVEL J86;1
Oude Adegeesterlaan;1
EASTHIMMERWEI;1
BOERDERIJ 'DE BUNZING';1
FORT RAMMEKENS;1
BLAUWEKAMP;2
Valtherbosch;1
Gilzese Strijpakkers;1
Kloosterstraat/Hnadboogstraat/Sint Janstraat;1
MEDEMBLIKKERWEG;1
NOORDZEE EUROGEUL 21 NCP BLOK P17;1
PAPENDRECHTSE KREEKRUG;1
Malderburch;1
IJdoornpolder;1
Barthomeustoren;1
POELDIJK NO Vindplaatsen A en B;1
AALKEET BUITEN 061;1
VOSSE- EN WEERLANERPOLDER;2
DEMERSTRAAT;1
DOELEN/KLOOSTERSTRAAT;1
HUIS DE TIMMERMAN;1
LENGEL;1
FONTYS;1
Gegevens van voormalig monument 15358, CMA-nr. 39H-071;1
MAASKANT;1
DIDAMSEWEG;1
BROEKSITTARD;2
KARSTRAAT 6;1
BUURT 3;1
KUINDERWEG, KAVEL M34;2
KLEIN BOESCHOTEN;1
Bredaseweg 204;1
Sportvelden Oscar Carrestraat;1
Dinxperlosestraatweg 145;1
RWZI-Haarlo;1
NABIJ ELSMORS;1
EISCHENBROEKSCHE LOOP-OOST;1
Het oude Kerkhof;1
Geest 43;1
Prinses Margrietstraat 22;1
Uiterwaarden oostoever Pannerdens Kanaal;1
GROEVE VAN HARMELINK;1
Stationsstraat 29-29a te Wehl;1
"09.17 ZOUTEVEENSE P; WILLEMSOORDSE W";1
Volmaweg;4
"SPRIELDERWEG; WATERWEGJE";2
Prelaat van de Bergplein;1
Golfbaan Vredenseweg;1
KAVEL P35 (LOKATIE 4);1
WIERDENSE ESCH;1
NABIJ WEERNINK;1
TRACE RIJKSWEG 33;1
"VARA-TERREIN ; RAPENBURGERSTRAAT";1
KOOISE BERG;1
N.VAN LANGE BOSWEG;1
Aan de watermolen, Tungelroysebeek;1
Beyerd-Vlaszak;1
"Voormalig AMK-terrein M4072 / CMA30G-043: Centrum; Grote Markt; Laan";1
"GROOTE HEIDE; BLOEMARTSWEG";1
"Donkestraat; voormalig AMK-terrein";1
Prinsenbeek;3
"Bosbeek; Haesselderveld-Oost";1
RAALTE;2
Schollenkamp;4
OP DE HEI;2
Verlengde Tuureluur;1
BERG VAN DE WAARD;1
Plangebied Rijnsoever-Noord;1
"OLIEMOLEN/HOUTZAAGMOLEN ""RIETVINK""";1
06.164 Broekkade 2;1
De hoek;1
KAVEL L27;1
Wolfsveld;4
ZEIJER STRUBBEN;2
RVK lage maaskant;3
ARCHEM;3
KAVEL B208;1
De Slagenweg;1
Beekse Akkers;4
TEGENOVER PANNENKOEKENHUIS;1
Plan Lobelia;1
HOLTHEMERBROEK;1
"MIJNDEN; (BY:) ""WELGELEGEN""";1
ZWINDERSCHE ESCH;1
STOKSTRAAT 51;1
09.15 ZOUTEVEENSEPOLDER;1
BRUG PEKELDERDIEP;1
ZOMERWEG;4
Defensieweg 4 (MOB-complex, Burgweg);1
PASTORIELAAN;1
Bousberg;9
"Molenweg; Ophoven";1
EGCHELSE HEIDE;1
Terp Groot Palma;1
WOUDVAART;3
OUDE BORCULOSEWEG;1
ZELDERSCHE DRIESEN II;2
Het Heike;1
Overgauwse weg;1
St.Joseph/ Kattendans;1
LEESTENSE ENK;7
ROODE STEEN;1
Natersedijk;1
Leeuwerikenveld 2;2
MIDDENSTRAAT;1
ZUIDSLEENERVELD;1
Pijkestraat;2
"NEDEREINDSESTRAAT ; FRUITSTRAAT";3
CARPE DIEM;11
Maireweg;1
MOEDERS WERF;2
KOMSCHOOL;1
WILGENHOEVE;1
Casinodancing Jan Deckerstraat;1
Havenstraat;4
"NEDEREINDSESTRAAT ; HUIS GROENENDAAL";1
DALFSEN;5
Sjelter;2
BRONSGEEST;4
Over de Voort;1
Kapellaan;1
TIMERMANSBOS;1
TWEEDE WEG;1
WESTDEEL RANDWEG-ZUID;1
HEEREBAAN;1
DE BUCHT;1
Roermond - Straat;1
HEESBROEK;2
WILDERNIS-DE TIP;3
DIEPENDAAL;9
't Slot;2
JANSSTRAAT 16 (JANSPOORT);1
"Achterbergsche Hooilanden ; Maatsteeg";1
Kapel-Avezaath, Moleneind;1
17.BE AALKEET BINNENPOLDER;1
Withofcomplex;1
Zuivelweg;1
Biesweerd;4
SCHEBBELAAR;2
Sterckwijk, vindplaats 4;1
RUIGENHOEK;3
BABILONIENBROEK;3
EEXTERVELD-ZUID 4,5;1
SPOORDIJK;1
Flintplein;1
Voormalig AMK-terrein M13770 / CMA28E-A05: Geesterse Veldweg;1
"ROND ""DEN HOFDIJK""";1
HENGVORDER VELD;1
MARIENGAARDE;2
Kooiweg;2
Schabos;2
"Molcoterrein; Kraanvogelstraat";1
KABOFFERIJ;3
S1461 St Janstraat Kapellebrug;1
HUNNEBOS;1
Huize Baarschot/de Herenhof;1
VARKENSMARKT T.O. FIRMA MULDER;1
Vismarkt;4
Emmen;1
IT EILAN;3
"Nobis; Ommelseweg; Neptunusstraat";1
Rimburg;2
"LANDGOED WICKENBURG ; BEUSICHEMSEWEG";1
DE ZANDPLAAT;1
TEN Z.VAN NED CAR;1
MORTELSHOF;14
Luistruik;1
DIANAHEIDE;1
BALGZAND;4
KRUISBERG;8
Negentien Morgen Vliet, Blauwe Steenweg - N;1
DE HULDERT;1
LIMMER POLDER;1
LAMILLUS KLOOSTER;1
Broekstraat;5
ROLDERWEG;1
Oude Haven;1
OUDE STRANDVLAKTE;1
VARENHOF;3
VAN ESLAAN;1
TILLIGTE;4
"PATRONENHUT; HOENREBOOM";1
ST NICOLAES IN VAERNE;1
Schilberg;3
ERVE KOLKMAN;1
GROOTE TOMBEN;1
"Hopweg; Kavel K34-35";1
Kasteel Neerijnen;1
JEZUIETENSTRAAT;1
HOOGBULTEN WEG;1
Borgelink;1
ACHTER BUURTHUIS KERKVELD;1
PYKESWEGJE;2
WEURTSE BUITENLANDEN;1
GROENLANDEN;1
DE WEEM/TURFWEG;1
Voormalig AMK-terrein M12895: Dorpstraat;1
EMMERHOUT;4
MENDES DA COSTALAAN;4
Rechterense dijk;1
"ALVERSCHOTEN; ASSELSCHE VELD";3
Heagedyk 39;1
OMMEN;14
ARNHEMSESTRAAT;1
HOEK HERENSTRAAT - BURCHTSTRAAT;1
"Hopweg; Kavel L61";1
VALENTIJN;5
BRAAMT;1
MARIAPEEL;1
GAALSCHE HEIDE;16
Den Doel;1
Veegtescher Bos;1
de Reefjes;1
KORTBOSSEN;1
Baden Powellweg;1
LAKEMONDSCHE TOCHTSLOOT;2
STRANDLOPERSTRAAT;1
BENNEVELDERVELD-SCHAAPSTREEK;1
GROENHIL;1
MESCHER HEIDE;1
OUDENBURGSESLUIS;1
OMGEVING SCHOOL;1
GALJOOTWEG, KAVEL AZ79;1
GERTLANDSDIJKJE;1
HEEREDUINEN;1
ISABELLAWEG;1
VOGELTJESLAND 3;2
"Heiligenbergerbeek; Lockhorst";1
HARTELKANAAL;8
SWALMDAL;1
Raaijweide;3
Voorstraat;7
OVERDIJK;1
"Voormalig AMK-terrein M10358: Aalkeet-Binnenpolder; Zuidbuurt 26";1
Skillaerd;1
Noordelijke Stadring;1
DREISCHOR BLIJKZIGT;1
HERNEN -DORP;1
GROLLOERVELD;1
TRICHTERVELD/ULERVELD;4
HOGESTEEG 10;1
Turfhaven;1
WOERD;20
STRATERIS;2
WESTRUP;1
Julianakanaal;1
BOCKHOF;1
Kerkstraat 9;1
Oude AA;1
ZWARTENBERG;2
WEST TERSCHELLING;1
Grote Overbrug;2
Hoogdijk terrein 89;1
BOS EN HEI;1
DOORWERTHSCHE BOSCH;2
KL BERGERWEG;4
Tielsestraat 163;1
OORDKAMP;1
Herstraat (perceel 15);2
DENNEGOOR;3
"ABTSTRAAT; PETERSLAAN";1
"Palenweg; Kavel E160";1
Amelbergaweg;1
DEN DRAAIJKIKSLOOT;1
BRIENENSHOF;8
Eethen (NB) de Hoek;1
HOLLANDSE IJSSEL;1
"Dongeburgh; De Vesting";2
PADDEPOEL;6
THAN ONBEKEND;1
LANDGRAAF;5
"Baardmeesweg; Kavel M43-44";1
LANTIE;1
Havik nr. 8-14;1
"Voormalig AMK-terrein ODB45917/M425: Grienewei; Groeneweg; Sanewei";1
Zoekweg;3
vindplaats 10;2
TOLLEWAARD;2
STOKVISDENNEN;2
Hambloksestraat-Maaswaalweg;1
HANGWAARD;1
KEMPENWEG;3
JUNNE;3
Grote Kerkstraat 27-29;3
VELDHUIZEN;5
Jetting 1;1
GANZENMARKT;3
SINT-CATHARIJNEKERK;1
PASTORIE;5
STOMPENDIJK;1
KLEINE KAMP;2
HOOGE HIL;1
Sportpark harga, deelgebied 4;1
RANDE;5
Steenhuis;4
Goudse Rijpad (Limes);2
NH KERK JOHANNES DE DOPER;1
N210/C. G. Roosweg. Vindplaats 2;1
Oever stadsgracht nabij heemtuin;1
DIJKSTEEG / WESTNIEUWLAND;1
Oranjeboom/Drie Hoefijzers;1
Maarnsche Berg, Hydeparklaan, Voormalig AMK-terrein;4
PERCEEL DAAMEN;1
HOF WELGELEGEN;1
DE KEEG;1
OUDE GROENMARKT 16;1
HOLSVELD;1
"Juinfabriek; Binnenhaven Noord-Oost";1
OUDE IJSSEL;4
Haasterveld;1
Hooge Burch;2
ZUIDERVEEN;7
Van Elkweg - Papenstraat;1
PLANKSTRAAT 8 T/M 10;1
Netten;1
NOORD STAVERDEN;2
Kastanjeln;1
Vonk en Vlam terrein;1
"Scheldelaan; Scheldestraat";1
Ten Vorsel;1
BIJ SMITSVEEN;2
GELPENBERG-NOORDOOST;1
KOOTWIJK 6;1
HET BOSCH;5
MISPELHOEF;1
Hoek Beukelsstraat/Oudestad;1
Gein-Noord;4
BURG.MEIBOOMSTRAAT;1
OUD SLOT;1
hoek Slimtocht-Voetakkers, ten westen van Voetakkers;1
MONTAUBANSTRAAT;1
LANDGOED HEECKEREN;1
HEEZE;3
Nieuwstraat 22-38v;1
TORENVEEN;3
LOOVELDEN;1
LEMSTERVAART, KAVEL K40;1
BOZUMERZIJL;1
Duinweg;1
DE BEEKEN;1
HOUWSESTRAAT;1
Ochten;1
De Sonneruyter;1
HARTE;2
BREDEVOORTSESTRAAT;1
Maenecoulsweg;1
"VREDEOORD; DE WATERING";1
NICOLAIKERK;1
Nessepolder;1
"Zwijsweg; Kavel Q65-II";1
WESTERWEG;16
VELD BIJ ROEGHOORN 1;1
Dijkstraten;1
"LOMBOKLAAN ; UILENTOREN";1
GROOT-KERKHOF;1
PAS VAN TERNEUZEN;2
LAPPENPAD AAMSVEENWEG;1
Kern Ospel;1
NOORDZEE;2
DE WHEE;1
Bastion Baselaar;1
Plangebied Lijsterstraat te Overasselt;1
zone FB;1
WITTEPAAL;1
Barentszstraat;1
Uivermeertjes- Oost;1
HELDENSE DIJK;3
4E STUK;2
VREDENSTEIN;3
BROUWERIJWEG;3
de Vries;1
ADELAARSTRAAT;1
Viaductweg 1;2
PRINSENHOEF;1
LONNEKER BERG;1
VOUERSVELD;1
LOODIEP;1
Lienden;1
ACHTER DEN KAMP / HEIDEVELDWEG;1
PELMERSHEIDE;1
TOLKE VEN;1
TRACE S11, LOCATIE 2;2
De Pegel;1
Veilingterrein;3
Looierssingel;1
BESTSE BERGEN;3
TONCKENSBOS 19;1
EEKWAL;1
INDUSTRIE-TERREIN;1
BLOEMENDALERWEG (VINDPLAATS 25);1
DE ZEIS;2
WIJNALDUM I;1
Oostvoornse Meer 1;1
ENGELSTEDE;1
BISSCHOP;1
De Boogaert;2
Kropswolderpolder;1
Westsingel;2
Lanterdijk;1
LUTTER MOLENVELD;1
Rheezerbrink 7a;1
HEILOO;1
Herkenberg;3
Slot Moermond;1
MARQUETTE - BOLLANDERBEEK;1
"GROOT LINDENSCHE SLUIS; 'T WESTEN";1
"Visvijverweg; Kavel G33";1
"Eedeweg; voormalig AMK-terrein";2
Winkelsterlaan;1
"Houtweg; Mortelkoel";2
PASTORIE IN DE PAS;1
Hoeve Wijdonk;1
NOORDER LEKDIJK, VOORDAAN;1
HIL EN LAGE HIL;1
NOORDZEE NCP BLOK Q2 02;1
VLIEGVELD;2
01.006 Markgraaflaan/Schepenstraat Hoge Werf;1
Galder-Noord;1
Jan van der Heijdenstraat;1
Landgoed Heeckeren;1
ZEESSE;3
Geestweg;2
"Epse-Noord; Olthof";1
01.082 Fransenstraat;1
TOERIST;1
Brienenoordbrug;1
TUSSEN EENIGENBURG EN TUITJENHORN;1
SPAARNWOUDERSTRAAT 22 - 24;1
"NIJVERHEIDSSCHOOL; VERGERSWEG";1
GRONINGERSTRAAT;2
"Voormalig AMK-terrein M2967: Hoofdstraat; Rijnoever";1
DIEPESTRAAT/DE GROOTESTRAAT;1
Zuid Esch;11
STILLE WEI;1
EINSTEINSTRAAT 17;1
Zeggenweg (Urkhoven);1
VOORSTREEK;1
SECTIE P;1
GROOT-DRAKENSTEIN;6
POLDER WESTZAAN;3
"TUUNDERT ; KOKS";1
POMPSTATION;3
Friesickweg-Loilderhofweg;1
"""VARKENSLAND""";1
LUCHENSE HEIDE;2
"MORTEL-ONTGINNING; voormalig AMK-terrein";1
Roond;1
OOSTWAL-AGNIETENKLOOSTER;1
SPOORWEG / BOSSTRAAT;1
OVERHAELEN;1
BEUGENSEWEG;4
BERGERDEN;2
NABIJ LIGTENBERGERWEG;1
EREMIETENBERG;4
DE GINKEL;7
Bollingawier 2;1
"Hattemer Mark; Dunsborg";1
Dorpsstraat 27-33;1
NIEUWEWEG 2 VOORM. HOENWAARDSE POORT;1
Kaai;1
Stationsweg 135, 139, 153;1
CONGRESGEBOUW;1
"Ol Borgstee; Oude Diepje";1
Vleuterweide (Limes);1
Oudewijk;1
SMEDESTRAAT (VAN KROCHT TOT GROTE MARKT);1
RIMBURG;2
DUIVENAKKER;2
Torenstee;1
PAPPOTTEN;2
1R Stichtsekant;1
NIEUW BRUNINK;1
WOLFHEZERBOSSCHEN;2
BOOMGAARD IN DE DUISTERESTRAAT;1
MIDDELKERK;1
Maximapark-Europaweg;1
Van de Mortelstraat;1
Molen Concordia;2
Eikelenveld;2
KWIJTERS / RUMPT;1
NIJENSLEEKERVELD;5
Zuidwellestraat;1
Vrijheidswijk Centrum;1
"DE HOGE WOERD; LANGE PAD";12
Admiraalsweg;2
Blindenhoek 6;1
Dorpsstraat, visvijvers;1
GTRACEE GASLEIDING-ELDIJK;1
"Oude Inschot 2; Hoppa 2";1
Oosterpark;1
Heufkensveld;2
"ST MAGDALENAWEG ; ESDONK";2
OPLOSE DIJK;1
SANFIRDERRIJP 17;1
HENGSTENKAMP;1
"ENGELMUNDUSKERK; BREDERODEKAPEL";1
KAVEL E158;1
MEULUNTEREN;1
Venlo Maaswaard;1
Zwartlaag;1
VAALS;2
POLDER GROOTEWAARD;1
Voormalig AMK-terrein M10440: Kanaaldijk;1
19.06 OUDE CAMPSPOLDER;2
Beekerweg;1
Noorddijkerweg;1
Oosterkemkensbergweg;1
DE WISSCHEN;1
HEGE TRIJE, ZUIDERBUREN;1
BERG VAN TROJE;1
Oostwouderdorpstraat 69;1
"Reumersweg ; Lijstereng";1
MOKERPLAS;1
POELBOER;1
Schipborgsche Diep;1
Schandeloseweg 1;1
WAARDSCHE;2
Horn;1
Klepperhei;1
kasteel Maurick;1
01.006 Maassluis Reinestraat;1
ONDERWEG;17
HOOGE HEIDE;7
WAAL (SLIJK EWIJK);1
Spoorzone Dordrecht-Zwijndrecht;1
AMBTSPERK I;1
'S-GRAVENHOFPLEIN;2
"Staartweg; Kavel D124";1
16.74 AALKEET BUITENPOLDER;1
OP DE THERMEN;1
Limbrichterbosch: Steinakker;1
Boomgaardstraat;1
"MELDIJK ; DE KRIJGSMAN";1
MOTTENKUIL;5
TEN HAGESTRAAT - RECHTESTRAAT;1
HONDENSPORT-TERREIN;3
Molenweg 9;3
Vroonlandseweg;1
FRANSCHMAN;5
de Putsteeg;1
Heihofweg;3
GRAVINNESTEEG 1;1
HERIKERWEG 16 ERVE IKKINK;1
OOIJEVAARSNEST;1
Groote Markt 11;2
KASTEEL TERWORM;1
HEREWEG;2
"GROOT KRAANVEN ; GROOTE HEIDE";1
HAMERAKKERS;1
ROTTERDAMSE WEG 205-SITE 5.03;1
Bergseweg 2a;1
Zanddijkse Weg;1
WARMOESSTRAAT;1
terp Tjessens;3
BOOG D-ZUID;3
Waardenbreukske;1
PLEIN ACHTER RAADHUIS;1
GROOT JUCKEMA;1
"Mannezeesche Watergang; Mortiere";1
VOORSTE OSSEVENEN;2
Oudemolensche Diep;4
LOERIK BINNENWEG;1
MEER EN BOS;1
NOORDZEE EUROGEUL 5 NCP BLOK P18;1
Kruiskensweg;1
WOLFSBERGERWEG;4
Somerenseweg;1
POLDER TULL EN WAAL;1
VERWERIJSTRAAT;1
Zelhemse Enk / Provinciale weg vindplaats 2;1
Westergouwe Deelgebied 3;1
Gasterse Holt;1
HULSFORT;4
Prattenburg;1
Herenstraat 142 a en b;1
NOORDZEE BOLLEN 4 NCP BLOK S3;1
Hool;2
NIEUWE KAMP;1
BOOR-vindplaats 17-134;1
"DUIVENAKKER ; TER CUYLEN I";1
BERG HEIDE;1
DUIZELSEDIJK;1
NIJKERDIJK, KAVEL OZ36;2
Kerkenhuis;1
SPAANSE STEEG - OOSTELIJK KOPJE;1
BIESTERVELD;9
WATERLEIDINGBEDRIJF-POMPSTATION;2
Plangebied Leemslagen;1
NIJMEGEN -WEST;1
Plangebied Heickmann;1
BACHSTRAAT;1
SPOORLIJN / BLAKTDIJK;1
Avestein;1
???-SITE H;1
Waterdael (vecht nr3);1
"Voormalig AMK-terrein M10336: Polder Nieuwe Gote; Lange Weg";1
"Voormalig AMK-terrein M10466 / CMA38C-054: Polder Schuwagt; De Veen";1
Rijksweg A2, vindplaats 6;1
SMITSLEANE;1
KERKWEG III;2
De Duinen;1
POLDER NOORD KETHEL 16;1
's-Gravenshof 2';1
Lubberstraat;1
"HET FORT; DE PRATHOEK";1
DUITSE BOCHT;1
Harens Broek;1
Papiermolen de Oude Voorn;1
KOKSTRAAT 14;1
BULLENKAMP;8
Groot Kasteel;3
ELZENWEG;1
EEXTERVELD-ZUID 2,3;1
"Westerringweg; Kavel C69";1
DE ZAANDPLATTE;2
Wouwsestraatweg;1
Ham;2
ROTTEVEEN;2
Aelserhof;1
OP DEN KNIP;4
ten zuiden v.d. kerk + het hoger gelegen kerkhof;1
OV - knooppunt Gieten;1
DE PALEN;2
USSELERVELD;1
DIEPENHEIM;4
Princenhagelaan Procureursdreef;1
WISSCHEN;1
BOEKEL;1
WAALKADE (ACHTER DE VISMARKT);1
"KAVEL P33; MIDDELBUURT";3
VASSER VELD;2
Kersbergenlaan 13-15;1
EENUMERHOOGTE;2
Troelstraweg;1
HET LAIJKE;1
Mereveld;1
Keienberg;1
Poortmannen;1
Boekweit-oord/Herenweg;1
ZWARTE KAMP;2
Houtemmer veld;2
KONINGSTRAAT 26 (MARIAMAVO,BINNENPLAATS);1
Koerspad;1
Plangebied Plaksewei te Bemmel;2
'T GEMET/TEUNTJES LAND/GR. AK.;1
17.34 AALKEET BINNENPOLDER;1
Doorneind;1
GANZENMARKT/STADHUIS;1
LLTB-gebied;1
DE GLINSTERBERG;1
MEERGRAAF;3
Stadsbrug;3
Zuidbuurtseweg;2
OVER DE IJSSEL I;1
DE KOPPELHOEF;1
DE HEERSMORTEL;5
"Mammouthweg; Kavel Q11";1
DOLDERSUMER ES;1
HOFLAND;2
Lage Schoense;2
Noordhoeksewegeling;1
GROEVEWEG;1
Bilt;1
d'Ulven;1
DE SLIEK AAN DE HESSENWEG;1
DE SLAAPHOF;1
"DRUNENSE DUINEN; VELLOON";1
HAMBAKENSE WEG;1
HEGELSOM;1
ANREPERVELD-RUIMSLOOT WEST;1
BARAKKEN;2
Veesteeg-West;1
D'HOOGTE;1
VIJFTIG BUNDER?;1
"OUD DIEMEN ; T/O VAN HET KERKHOF";1
NOORDPOLDER VAN DELFGAUW;5
ALTENA;1
ESBROEK-HEUVELEN;2
HOEVE LISABETH;1
OUDORPERPOLDER;1
"Baardmeesweg; Kavel Q18";1
Uiversnest;1
Slikkenburg;1
Noordwolderweg 111;1
"TRAPVELD; FORUM HADRIANI";1
"KNUTTELWEG; ASAKKERWEG";1
"HEYTSVELD ; BORRETSTRAAT";1
Schaapsven;3
TORENPLEIN;1
ZWANENWATER;4
Oosterstraat/Oudewijk;1
EEM;1
WITRIJT;3
HONDERD MORGEN;1
Dijkversterkingsproject Opheusden Rijswijk;1
HOPWEG, KAVEL K28;1
Zandsepad;1
Bolgerijsekade;1
NOORDELOOS;1
kloosterplein;1
NIEUWLEUSEN;1
PEPER EIND;1
Langenoordstraat;1
CANADAPARK;1
DANIELPAD;1
Roermond-Straat;1
Wit Monnikhuis;1
GROTE MARKT 16;2
O.L. VROUWEKERK;2
Dongerburg-De Vesting;1
HEI OOSTENRIJK;2
ST BONIFATIUSSTRAAT;1
TOUWLAAN/KASTEELLAAN;1
OOST VLISTERDIJK 28;1
ORANJEWEG;1
Linnerheide;8
WILP;1
Westeinde (kavel oostelijk van nr. 13);1
RVS Kazerne;1
"BOWLINGCENTRUM; RIJKSWEG ZUID";1
PAPENSTRAAT 59;1
ST PIETERSKERK;1
roodvoet;1
Polder Steekt (Limes);1
borrekuil;1
Cromwijck;1
LOHOFSTRAAT-PRINSENHOF;1
HOENSBEEK;2
"Bergstraat; Grote Berg";1
OOSTERVOORTSCHE BURG-WEST;1
PLAN WALDECK;1
BROEKSTRAAT/TREINSPOOR;1
Rijn;1
FLUITENBERG;3
Bossche Broek, Horziksestraat;3
SPAARNE 23 (ACHTERHUIS EN TUIN);1
NEURUMER ES;1
Walikerstraat;1
"MEEZENBROEK, LANGS MOLENBEEK; Caumerbeek";1
HOLLANDSE KADE;1
Mariadorp;4
NOORDZIJDER;1
"STAKENBERGWEG; BERKENHORST";1
HEEMSER ESCH;3
Grote Markt: GRM05o, Buitenhof: BUI05o, Kerkplein: GRK05o;1
"GROTELSE LOOP ; MILSCHOT";1
DE VLISSING;5
"Revalidatiecentrum Blixembosch; St Marie";1
Ringweg;2
ROOD;1
"PUTTEN OOST; HUNNENPAD";3
"OUDBORG; OUDBORCH; RATHEM";1
"Voormalig AMK-terrein M4064: Centrum; Annastraat; Drie Hoekjes";1
Groenmarkt-Urilift;1
Haven bij Veerplein;1
KERK VERRE WEIDEN;1
POLDER OUDEGEIN;2
HOGE WIER;1
THANS ONBKEND;1
DE DONK;3
HUIS TER LEDE;2
01.101 Markt Gat in de Markt;1
Waterval, Raarslakweg;3
lekdijk / het klaphek;1
Sluis 7;1
MAKKENHOOGTE;1
"Poort; Spoorlijn";1
Aan het Water;1
DE BREMER;1
De Roef;1
Lokkerstraat;1
WESTERRINGWEG, KAVEL C83;1
RENTENIERSTRAAT 4;1
OOSTEIND;5
VOORM. DORPSKERK;1
HAZEPUTTEN I;1
DUIVELSBERG (1);1
NOORDBERG;1
Rijtuigwei;1
DE BUURT;1
D2 - STEENAKKERS;1
DAMPLEIN;2
VOORMALIGE ABDIJ;8
BLOKHOVEN;2
Tuinveld;1
Noordzee Eurogeul 23 NCP Blok P18;1
Voormalig AMK-terrein M13260 / CMA38G-A14;1
VOORM.OPENB. LAGERE SCHOOL;1
DE EENDENKOOI;2
"Vinkenweg; Plan Phytonova";1
RECTUM;6
BANEN;1
Graveland-Zuid en Spaanse Polder;1
Coldenhove;4
Amstel achter de Stopera;1
POLDER HOOGEIND;2
Noord-westelijk van NAM emplacement;4
Plasmolen;1
FRENSDORFERWEG;1
"Schepelenberg; Huldtoneel";1
Pieter de Hoochlaan;1
TOLBERTER PETTEN;4
Paddepoelsterweg 8;1
BAARLOOSE WEG;1
Oude Enck;1
ACQUOY HEUVEL;1
DE POEL;8
Speelhuislaan 173;1
ARIK;1
MOLENWEI / GASFABRIEK;1
W.ALEXANDERPLANTSOEN;1
Van Maerlantlaan 6 en 8;1
MOLENDIJK - CIEWEG;1
"Zuiderringweg; Kavel O38";1
Effatha;6
OOSTEINDE;1
VERGIERDEWEG 52 (SCHOTERKAPEL);1
POLDER VAN JAN HEIN;2
Begraafplaats Nederlands Hervormde Kerk;1
KASTEELRUINE BREDERODE;2
KONINGSTRAAT;13
D6D;1
OPHOVEN;20
BLANKENBURGSESTRAAT;1
OUDE BOOMGAARD/HOEK L.KERKSTRAAT;1
Plantenstraat / Rutgersdijk;1
Poelendaelsingel;1
MOLENSTRAAT;53
SPIJK;13
"Voormalig AMK-terrein: Vleutense Wetering; Huis te Vleuten";1
OUDE AMPSEN;1
Koterhuizen;21
Harstewei;2
NACHTDIJK;4
Bunnerweg;1
KORTE DAM;1
ZICHTENBURG LOZERLAAN;4
Zelhem-Provinciale weg;1
Lagestraat/Kerkstraat;1
KORTE DUINEN;2
SCHERPENZEELSEWEG;2
ERVE SCHOLTEN LINDE;2
Mieke de Brefstraat, kloostertuin;1
T LEIJERWEERD;1
De Groene Buffer;1
Burghseweg;1
SCHERPENBEK;3
PANWEG;2
HOOGKARSPEL;1
Zandwinput;1
OPMEER;4
ASSENDELVER POLDERS-SITE N;1
"Zuidblok; Middelblokseweg";3
NOORDSE VELD 8;1
"Sint Jansplein 3A (""De Keizerin"")";1
WESTEIND;1
OUDEMOLENSCHE DIEP-NR.2;1
POLDER OUD-MARKENBURG;2
DE MATJENS;16
Zeelandia;1
20.34 KRALINGERPOLDER;1
ANNERTOL III;1
Leestense weg /de Kei;1
LOOISE;1
Hogepad;1
DE HUTTEN;1
BEEKSLANDEN;11
LANGS ANDERSCHE DIEP;2
07.078 Maassluissedijk Vergulde hand west 1;1
9.N321/DE BUNGELAAR;1
BANTERWEG, KAVEL G34;1
TERHEIJDEN SPOOR;1
Kadestraat;1
De Boedelhof;1
LEPELAAR;1
GALEKOPPERDIJK 9;1
BOSBEEKWEG;1
Regge;1
HOOGSTRAAT, BRAHMSLAAN;1
PAASKAMP;2
Groenwegske;1
afvalwatertransportleiding;1
LENT NO;1
JOSINK ES;1
WIELINGEN 02;1
Rollenweg/ Limbrichterbos;1
REKERLANDEN;1
NEKKEVELD;19
BUURSCHER ES;1
HAMMERWEG;1
Wieken Vinkenhoef, perceel 687;1
Boerderij Maaszicht Munnikenweg;1
"BABYLONISCHE STROOMRUG; OOST VAN DE HOGE WOERD";1
R.K. KERK TE BATENBURG;1
Kruisstraat 16;1
RUITERSTUK;1
Jaagopppersveld;1
Loilderhofweg 2a/b;1
VOSKUILENWEG / SANATORIUM;1
Paasloerweg 12;1
Schouwenbank 4 NCP Blok S5;1
"BEGRAAFPLAATS; KORTE MATEN;KERKVAART";1
IJSSELMEER KREUPEL;1
VEENHUIZERVELD;1
Monsterseweg 194 landhuis Ockenrode;1
"Vliegtuigweg; Kavel P4-I";1
BOMENWEG, KAVEL O79;1
Negentien Morgen Vliet - Smidsweg;1
"OOSTERBUREN; BORG GAYKEBORG";1
LAHRHOF;2
OUDEVLIETWEG ZUIDZIJDE;1
Parkelerweg 27;1
Bankje van Zoutelande 1;1
Kleverkerksepad;1
Botsestraat - zwembad;1
MELMERWEG;1
Lieve Vrouwerkhof 19;1
HEILIGE GEESTKAPEL;1
OTTERSHAGEN;2
"GINNEKENSTR./KARNEMELKSTR.; LOMBARD-";1
STAVOREN OBJECT 18;1
GROOT KOLFSCHOTERDIJK;1
UITGEEST;4
Burgemeester Krollaan - Mierloseweg;1
Boekenderweg;1
DE HAVERLEY;2
NABIJ VOORMALIGE VISPOORT;1
NOORDBUREN;2
vindplaats 2;1
VRESSEL;1
VALBURG-DORP;1
SPARRENLAAN (LANDGOED GROENENDAAL);1
GELDERSCHE GRACHT;5
Beerseweg;1
Laarstraat 24;1
Sandelingen Ambacht;1
MOLENSTUKKEN;4
Voormalig AMK-terrein M10414 / CMA37G-045: Marathonweg;1
Huizerweg 8;1
LANGE VEN;4
LANGVEN;5
Rodezand 24;1
OUDELANDSEDIJK;1
"Molenesch; Meulenbarg";1
terpen nesserwei;1
TEWIJDE;1
Boerenheide;1
WEERSELOSE VELD;3
De Groene Linde;3
PEERDEKOPERS;1
Hensenbosch;2
DEN BOEL;7
KIBBELVEEN;1
KAD SECTIE D 1642;1
Burgermeester Jaslaan Terrrein de Vlaming;1
Bisschoppelijk College;1
Westeraam/Parklaan;1
KADIJK 23A;1
HUISWAARD;1
Boeicopseweg 54 - 58;1
Neerpolderseweg 70A;2
"KASTANJELAAN ; OSSENDAMWEG";1
Oude Kleverkerkseweg;1
Dorpsstraat 55;1
BUNGALOWPARK;2
NIEUWE LANDEN;1
Muldersteeg 6;1
KUINDERWEG, KAVEL M24;3
MARIA GIJZENSTEEG;1
"Molenwerf; voormalig AMK-terrein";1
Utrechtsestraat;1
ELMPTERWEG;2
RIETWEG, ANSJOVISTOCHT, KAVEL R49;1
Hoge Dijk;1
BORCULOSCHE WEG;1
VOGELZWIN NCP BLOK L15;1
DALENOORD;1
KASTEEL DE GROENEBORG;1
HILLEGERSBERG;2
Hunzebergen-Noord;1
POLDER WESTGEER;1
Kamperpoort;1
Moerwijk-Oost;1
ZUIDWESTERRINGWEG, KAVEL H53;1
VEER- EN WAARDERPOLDER;1
WESTSINGEL;1
Hoxwier;5
KLOOSTERTUIN;1
MELKSTEEG 1;1
Station Lage zwaluwe;1
'S HEERENLOO;1
OVERLANGEL;1
DE ZUIDERT, RONDOM DE TERP (LOKATIE 13);1
BAKKERSTRAAT 1982;1
LANGEINDSESTRAAT;1
Hafakker;1
KASTEEL ROZENDAAL;1
"Wijbosch; Kapeleind";3
DE PLAGGENMARS;1
GROOT TERWEE;2
LIEBERGERWEG JAARSMA;1
TEXELSTROOM 9;1
"HELFTHEUVEL; WK.KRUISKAMP";1
DE OUDE WIERS;3
VRAGENDER ESCH;1
HUISKENSHOF;1
Westeinde 58;1
IJsbaanweg;1
Sint Joost;1
"JUTPHAAS; 'T KERKVELD";1
TEMPSPLEIN;1
GROTE WOLDWEG 90;1
"Voormailg AMK-terrein: Polder Nieuwe Gote; Sliklandse Weg";1
NEPTUNUSSTRAAT;1
GELDERSEDIJK;1
RUITENBURGERSCHANS;1
ZUIDLAARDERWEG-DE SLOKKERT;1
Kloosterstraat, Korte Dijk en Molenstraat;1
"Schollervaarweg; Kavel M42-I";1
BOESCHOTEN;4
HOLTINGERHOEK;17
MANDERSTREU, HUNEBED O2;1
Prinses Marijkestraat 2;1
UITERWAARD VAN DE LINGE;1
DE WILDE HOF;2
HAAKSBERGERVEEN;2
KOLSTER;1
Rulse Brug;1
D54B;1
Hooiweg (onder Paaslo);1
RECHTSTRAAT 80;1
HAVELTERBERG, HUNEBEDWEG;1
BALKENGAT DOKSTRAAT;1
"HASSELSVENEN; HASSELSVENNEN";1
"HET LEESTEN ; NOORDWEG";1
KERKPLEIN 10;1
Havenkerk;1
ELSENWEG;1
GINNEKEN;3
ALMEN;2
Akker tegenover ingang Kasteel Limbricht;1
NOTTER;1
"PEPPELERWEG ; SCHOVENHORST";2
Latestraat;1
NUTTER;6
Heiboschweg / Haeselaarsbroek;1
TERKOOIJEN HOEF;1
RIJKSWEG 34-WEST;2
LEPELAARWEG, VOGELWEG, KAVEL MZ25, wrak 61;1
't Reut;3
"SPORTPARK ""DE BURGWAL""";1
HOFSTRAAT 45;2
DE POLLE;1
Terweistraat;1
RYKSWEG NOORD;1
RENKUMSCHE BEEK;1
Trekweg 13;1
BEEKERBAAN 47;1
AALDERINKSHOEK;1
DE HEIJNSE MOLEN;1
toverland;1
VROENHOF;2
TEN ZUIDEN VAN ZUIDERHEIDE;1
VLIELANDERBALG I;1
ELSMORS POSTWEG;1
DE HEL;4
HUIS HET BLEK;1
Stadsrondweg oost;1
Arentsburgh volkstuinen;1
Dorpsstraat 60;1
Breekweide;1
DE GARSTE;3
"Maarnse Grindweg; De Halm";1
Kerkstraat 23;2
Lage Markt 79;1
ZOELMOND ZUID;1
Nieuwland II;1
Huis te Vleuten;6
Baseldonk;1
MIKKELDONK;1
Vinkenbuurt;1
Den Burg;1
TJUMMARUM DORPSTERP;1
Konijnsweg/Lijsterbesstraat;1
Leemputten;1
DEUTEREN;1
SLEIJEBEEK (GRINTGATEN);1
"Genneger buitenland; Havezathe Verburg";1
Houkersweer;1
Bloemstraat/Laat Houtmarkt;1
GEBROKEN SLOT;1
Cabralstraat 27;1
NCP BLOK S1;1
Van Stolberglaan;1
Pelmolen;1
de Haar;1
HOOGSTRAAT IIA;1
Polder Breukelerwaard;1
HARCULO;1
APENBROEK;1
Buitendijk 2;1
Esdoornstraat;4
BAKKUM;1
D 31;1
HET HOGE HUIS;1
DE HEESAKKERS;5
UKERWEG, KAVEL J12;1
WOEZIKROT;1
'T OUDE HUYS;1
Oude Berkt;5
Polder Mijnsheerenland van Moerkerken;4
KERKEVELD, GEMEENTE WIJCHEN;1
LUCHTENBURG;4
NIEUWENDIJK 194-196;1
BARGER OOSTERVELD/NOORD;1
ERVE DE KIEFTE;2
Aardborst;1
Wilp-Achterhoek;1
SCHIPDIJK-LANGEVOOR;1
HET GRIET;1
Hoofdstraat 9-15;1
KROMME ELLEBOOGSEWEG;1
A50 Valburg-Grijsoord;1
GROOT BOLLER;7
ESCHARENSCHE VELD;11
TELGTERVELD;1
HOF TE BAAK;1
SCHOKKERBOS, KAVEL E131/J141;1
"Casuele; Hedwigepolder";1
Veemarktterrein;2
ENGBERGEN;5
Giel Peetershof;1
POLDER NOORD KETHEL 14;1
RINGKADE;36
locatie 6;1
ERVE WANSINK;1
PUTH;1
Laarakker;2
STOUTENBURGERLAAN;1
Ter borch;1
Vogelfort;1
Achterweg 2;1
Garage Zwart;1
Op de Bus;2
Ee Terp;1
Houtse Beemd;12
Grotekerkstuin;1
Dr. Dreeslaan;1
S HEERENKAMP;2
Fluittocht Westzijde;1
MATSLOOT NOORD 10;1
Meerlo (Violierstraat/Ereprijsstraat);1
BIJ ZWARTE WATER;2
Houwakker;1
Huis het Medler/ De Pol;1
MIDDELSTE KRUISWEG;2
Platte Bend;1
BEERTSTERWEG / VAN GOGHLAAN;1
Hoofdstraat/kasteelstraat;1
locatie 2 schoonebeeker diep;1
Klein Baal;1
HET HOFKE;1
"Voormalig AMK-terrein: Waterweg; Havenweg";1
Koppestraat;1
Eerste Kloostersteeg;1
HELLUM;1
"Voormalig AMK-terrein M9464 / CMA37E-073: Holy; Ziekenhuis";1
"DE WOESTIJN; ELSPETERWEG";2
CALSUM;26
Groeningsestraat;1
OUDE MOERDIJKSE WEG;1
BARONSBERG;3
OXE;4
KRABBEWEILANDENWEG;1
HAAMBERGS KOELEN;1
WOUDPOLDER-KROMMENIE I-VINDPLAATS 3;1
fietspad N225;3
grafkelder D17;1
HUIS BOEKELO-BRINCXGOED;1
"Perceel ""Bali""";1
BATESTEIN;1
KAZERNESTRAAT;1
16.68 AALKEET BUITENPOLDER;1
Stoofstraat;1
W.DANIELSLAAN;1
"NELISKE; OVERENBOSJE";1
ZOUTSTEEG;1
N-H KERK;2
WIEDE;2
Oude Borculoseweg;1
OUDE KLOOSTERWEG;1
POLDER DE WELVAART;1
"Schokkerringweg; Kavel P23-II";1
Loohorst;1
Veldheuvel;1
Aan de Rijp;2
Mastmolen;1
BINNENSTRAAT;2
"Oud Kerkhof; de Lente; voormalig AMK-terrein";1
De Heuvel;4
NH KERK (VM. ST. MAARTENSKERK);1
WALIENSE ES;1
kasteel te Mierlo;1
Bogardstraat;1
GRENSPAAL 461/ GROOTE HEIDE;1
TEXLA;8
01.109 Gedempte Biersloot;1
POLDER BLIKHOVEN;1
TOOROPSTRAAT;1
BOUQUET;1
DE TRAA;2
"Linge Hamsche Bouwing; Kerk-Avezaath";1
Stationsemplacement;1
STARSSTRAAT;1
GROTE KADIJKSE WETERING;1
BIJ ZINKFABRIEK;2
Binnenweg 34;1
Veersweg;1
Hoogstraat 122;1
ZUURVENSPOLDER;1
VEEDIJK-OOST;1
Kasteel Wittem;1
AMSTERDAMSE WATERLEIDINGDUINEN;1
"Drietorensweg; Kavel Q38";1
MARIENHOF;1
Wijdeveld 2;1
Haelensbroek/Haelerbroek;1
Ruiting;2
"Mestweg; Julianastraat";1
OERDEWEG;1
TURELUURWEG, KAVEL KZ46;1
't Watertje;2
AKELEISTRAAT;1
Krommestraat 50 A;1
ELST-ZUID;1
Cortenoever;1
Kerkverreweide II;1
Noordeinde 4A;1
Loodholsweg;3
Broeksittard;4
Kivieter Heitje;3
graafsedijk 21;1
Remmersteinsche Bosch;5
Heidseweg 9;2
Kappelleweg;1
"DEUSING ; LEIGRAAF";2
Rietvink 3;1
VISVIJVER, KAVEL G20;1
Brabantstraat;3
Stelle;1
BARLAGEVELD;1
DE MEER / GRAANBERG;1
LEUTES;3
Steenwijkerkamp 2;1
MUGGENHOEK;1
Fonteijnenburghlaan, locatie 3;1
FLEDDERS 5;1
STAVOREN BLOKHUIS;1
NIJMEGEN ANTUM;1
Oostvoornse Meer 9;1
Koog 17;1
STEEGE;1
DREMPEL VAN BATH;1
Hofmeijerstraat 10;1
"DE WOERD; VINDPLAATS 16";1
Veere-Petersburg;1
HARTELSTEIN: EMMAUS;1
ACHTERLAAN;1
Plompe Toren;2
HOOGBRIEBROEK;1
SNEVERT;1
Westkade;1
Rieterweg;1
D20?;1
handelaarsstraatje ( vindplaats 8);1
"WOERD ; HOGE WOERD";1
Lange Bunders en Slangwijk;1
VLOEDGRAAF;4
SPAARNWOUDERSTRAAT 93 (HK. KORALENSTEEG);1
REESHOF;1
Waalseweg 80;1
Wieken Vinkenhoef, perceel 328;2
Vikinghof;2
KOLKWEIDEN;1
HOOGE VELD-ZUID/OOSTERVOORTSE BRUG;1
FORT FERDINANDUS;1
DE EESE;20
Dorpsstraat (ong);1
COOLSINGEL;1
RAVENHORSTERWEG;4
BERKELSE AKKERS-AKKERWEG;1
locatie 11;1
"VONDERWEG ; AA";1
Noordoosttangent, Enschotsebaan;1
OUDE ROSWINKELERWEG;7
KEURSLOOT;1
HAVEN VAN CUIJK;1
DE CAMP, MICHIELSKLOOSTER;1
VLIET ZUIDZIJDE;1
Park Zuidergaard;1
St. Lambertusweg;1
Kavel G43 en G44;1
VELTWONING 06;1
NUL;1
LANGE WIJNGAARDSTRAAT;1
VOORM.KASTEEL SCHALKWIJK;1
TRONDE;2
TAARLOSE VEENTJE;5
IJZENDIJKE MAURITSPOLDER;1
DE KOEKESCHUIT;1
Kranensteijn Wijkhuisweg;1
HEESENLANDJE 2;1
Arcen;2
LANGE AKKERS;3
ZANDERIJ BARON VAN HARDENBROEK;3
ARENBOSCH;1
SCHEER VI;1
KETELMEERWEG, KAVEL E113;1
ELFERINK ES;1
NIEUWENDIJK;3
WOLFERINKSWEG;1
GOUDENREGENSTRAAT;1
DALMSHOLTE;2
VUYLCOOP;1
DEURZE/DUURSE IN DE KAMP;1
HEUMENSE WEG ZUID;1
Veenderij;1
WITTE HERENSTRAAT 49;1
Renderklippenweg;1
Ambachtstraat (ong.) te Didam;1
"KRABBENHOEK; FORT ZANDBERG";1
HULLENOORD;1
"Neushoornweg; Kavel O090";1
Kwakelkade;1
ZORGWIJK;1
't Schilt 60;1
KENNEDYSINGEL;2
KEIZERSHOF;3
VLIEGTUIGWEG, KAVEL P2;2
DE EEP/DE UILENBURG;1
BOORD;11
TRAJECT R22;4
Hoge Hofstraat 5-11;1
NIEUWE STUKKEN;1
JILLESWEG IN DE POLDER OUDELAND;1
HULSHORSTERZAND;5
SCHOKKERRINGWEG, KAVEL P23;36
SINT JOOST;1
GEMERT;1
Ten oosten van eendenkooi, in grafheuvel;1
Zwolle Meddoseweg;1
Stox;1
STUITLAND;2
Akker ten zuiden van West, ter hoogte van nrs. 6-8;1
KOUWENHOVENSELAAN;1
BEDAFSCHE HEIDE;1
OPPERDOES;82
KAAIDIJK 2, voormalig AMK terrein;1
Dorpsweg 52A;1
URKERVAART, KAVEL J9;1
Op het Schild;1
D44A-ZAALHOFG;1
Almenum;1
KALVERHEMSHEUGTE;2
DE HAARBELT;1
SCHOONE GRUB / ABRIS;1
MIDDELAARS HUIS;1
HAANSLOOT;1
ZUIDERVELD WEST;1
Bosscherweijen;1
ZANDHOEF;2
Boschplaat 1;1
WOLVEGAASTERWEG;1
ERMERVEEN;1
Mekkelhorsterstraat;1
DEN HEUVEL;4
Sluismolens;1
Oerle Zuid fase 1;1
Wigledam;1
SCHOORWIJCK;1
"KATTENBROEK ; HOOGLAND";1
Van Ruysdaellaan 2, Dr. Neherlaboratorium;1
Rijsingen;1
BADHOTEL;2
HOEFSTRAAT;2
Haardijk III;1
polder Matsloot Roderwolde;2
HUIS TE GENDT;2
POLDER NOORD KETHEL 19;1
BAARSKAMP / LIZESLAND;1
KARREWIEL;1
LAAREIND;10
Backbone A12 Lunetten-Veenendaal;1
Kluutweg 7;1
KORTE KLEVERLAAN;1
Hoek Oude IJssel en Aa-strang te Engbergen;2
RAVELINGSTEEG;1
KASTEEL GRASBROEK;1
POLDER ARKEMHEEN;5
RAALTERWEG;1
DE VECHT;1
Martinilaan 12;1
NOORDZEEKANAAL;3
Westvest 2;1
Stockhorstweg 5a;1
Veestraat 19-21;1
"SCHOONDERBEEKLAAN; HET HEERENBERGJE";1
WIJKERSLOOT;16
HOOGRIEBROEKSE HEIDE;3
Biebos;4
DWINGELOOSE HEIDE;1
Landgoed de Eese;1
CABERG;1
Wilhelminasingel 3;1
CASTELEYNSWEG, KAVEL M28;3
"KEIJENBERG; FLUITENBERG";1
POOLLAND;1
SCHATTENBERG;2
RAESVELT;1
Wieken Vinkenhoef Barneveldseweg 10;1
WEERD;3
Poternestraat;1
"KOPPELSPRENGEN ; DE WAPENBERG";1
Starkenborg;1
Nederhagen;1
Veerdam, rivieroever;1
WEG HOOGHALEN-AMEN;1
kloosterstraat;1
BIJSTERHUIZEN NOORD;1
VINKENLAND/VINKENAKKER;1
KLEINE HORST;2
Plangebied Broedershof;1
Den Hoorn;1
'T WOUD;1
LICHTAARD;1
SCHELLEKENSBERG;6
PERCEEL VAN DER HOOFT;1
17.41 AALKEET-BINNENPOLDER;1
Otterlose Hek;1
Zwaagdijk Oost;2
De Hemel;1
DOOVE WANDER;4
SCHALKWIJKSEWEG, OUDE POELDIJK;1
De Ruiting (de Klijnen Acker);1
Vlijmense Weg;2
OUDE BOUWHUIS;1
Fornheselaan;1
Tongerseweg;1
Kloosterstraat;13
Trafostation;1
KLUTENWEG, KAVEL G17;1
LOERIKSEWEG;1
ZUIDPOLDER;1
"Kuilweg; Kavel U86";1
"Molenweg; voormalig AMK-terrein";1
"OIRSCHOTSCHE HEIDE ; OIRSCHOT III";1
Regenboogstraat 35-56;1
terp naast Watthstate;1
A-28;2
Voormalig AMK-terrein M12887: Westeind 71-72;1
Amelterbos;1
Marktstraat 10;2
kasteel Zuidewijn;1
TAMMINGABORG;1
Klein Sonsbeek, Herenstraat, Pelikaanweg;1
Columbuskwartier;1
Huize Vliek;1
HERBERG DE KAP;1
LANDWEG;1
KAVEL D 48;1
Oranjeplein - Burgemeester Stemerdinglaan;1
AMSWEER Z;1
KERKMEESTERS WERF;1
"Oud Kerkhof; voormalig AMK-terrein";9
SCHEEWEG;1
CARTIERHEIDE;1
RIED-OOST;1
H. Heukelsweg;1
MVK Valkenburg grondverwerkingsinstallatie HHR;1
Emmalaan 2;1
KOLHORNSE WEG-BOSDRIFT;1
NAAST GROOTE DIEP;1
FRIJTHOF;1
ZONNESTEEG 1;1
BERG EN DALWEG;1
Jagershoek;1
ECKSCHE WAARDEN;1
BELVEDEREWEG;3
SCHAAPSDIJKWEG TUMULUS C;1
HOGEWEG 4;1
Rijndijk 332;1
DE TABAKSCHUUR;1
De Zitterd;4
Laarsenberg;8
Lange Nieuwstraat 422;1
'T HOGE DUVEKOT;1
DENNENOORD;1
Huibert Pootstraat;1
MIDDEN-DAATSELAAR;1
WITTELTERVELD;2
LEEGVELD;1
Holtenweg;2
HASSELER SCHOOLWEG;1
DEURZERDIEP-OOST;1
HOOGE BANK;1
VRIEZENVEEN;6
FRANSEWEG;2
KERKESTUKKEN;1
Almen-Zuid 1;1
Noordwestoever meerburgerwetering;1
KERKHOVEN;1
ERVE RIEKEMAN;1
Lent-Zuidoost;1
Meerstad - vindplaats 2a;1
"Autoweg ; Larikshof";2
Heerdstraat;68
BREEZAND;7
wijk Buijse;1
BOVENSTE KROMAKKERS;3
SCHAESBERG;1
NIEUWE STUKKEN-NOORD;1
HAZENBERG, voormalig AMK-terrein;3
De Steenmaat;1
Gouda Zuidwestelijke Randweg, vindplaats 2;1
KATTENVELD;3
Promopark;1
De Dijk 64, Den Hooghen Horst;1
IJHORST;1
ZEIJER ES;1
Westereems 1;1
RIVIER DE WAAL;1
ZIJBROEK;1
Corverbos;1
Kanaaleiland;4
Ouwelinge;1
OUDE WEIDEN ZUID;1
Centrumplan Neede;1
"BOERDERIJ ""DE ACHTERSTE LOMPERT""";1
Shell-terrein;1
EE;1
Marktstraat;6
Ferwerd- Bethanie;1
UITERWAARDEN;1
LANDGOED HYDEPARK;1
BIJ EGGE;1
HULSHORTER ZAND;1
VEENEBUREN;1
Klaas Osingastraat;1
ZWEEFVLIEGVELD;1
TONCKENSBOS 06;1
Hegedyk;1
"Meeuwenweg; Kavel E46";1
TICHELHUIS;1
BLAUWE KAMP;9
GRIJPSKERKE;1
Hart van Soerendonk;1
MOLSKUILKENSWEG;1
ENGELSLOOT;1
Maasdijk;6
KRAYELSCHE BEEK;1
Den Sliem;1
BERGERHOF;1
"KERK V.D. H.MARTINUS;";1
"TONGELAAR; TONGELAER";1
Archeologische zone 11, Cronesteynse polder;1
WEST VLISTERDIJK 5;1
PANNENSTEERT;1
KAVEL P47;1
De Putsteeg;1
LOTHARINGSE BOS;1
KESSEL-DONK;1
"De Burd; Boarch Slaat";1
KASTEEL WESTHOVEN;1
FIETSPAD ELSPEET-STAKENBERG;1
Erfgoedkwartier;1
KERK WINDESHEIM;1
Nieuw Landen, Burgvallen;1
Oostereiland;1
Die Jaght, Vuurbaken;1
BIJ NAPOLEONSBAAN;1
KAASMARKT;1
Lamperense Veld;1
DE KORENMOLEN;1
ADDERBROEK 2;3
NIEUWE WAAY;1
De Buurt 104;1
DE NOORENBERG;1
20.32 KRALINGERPOLDER;1
Oirschotseweg ( vindtplaats 1.);1
STRIJPSCHE KAMPEN;1
01.003 Kortedijk/Zwarte paard 1987;1
ZWANEMEER;1
HOGE WOERD (OOSTELIJK GEDEELTE);1
VERLENGDE VOGELAAR;2
"HEIJMHOEF ; A2";1
KALFSHEUVEL;4
OOST VLISTERDIJK 21;1
Noorderhaven;1
VOORSTERVELD;12
N210/C. G. Roosweg. Vindplaats 5.;1
Kosterije;1
DE HEMIGT;1
Pollartstraat;1
"Hopweg; Kavel K47";1
"Frieseweg; Kavel F36";1
Klinkerstraat;2
Hernense Meer;1
Mooi Zeegse;1
VALBURGSEWEG;3
KROMVENNEN;1
LIENDEBOS;2
SUERMONDSWIJK-ZUID;1
Peerke;1
NOORDERSTRAAT;1
Kerkebogten;4
Wielewaalterrein;1
MEDELAAN;1
DAM 8;1
Venushoeve;1
"OP DEN BOOMGAARD/BOGERT; BLOEMWEG";1
Polder Achthoven;2
EXLOER KIJLPLAATSEN;1
DRIEL-ZUID;4
LANDHUIS OLDIJK;1
Schepersdijk;1
Ten Noorden van Horn;1
EURSINGE;1
PLR HEER OUDELANSAMBACHT;1
"Castelynsweg; Kavel M24";1
KADIJK 15;1
't klooster;1
DE HEUL;2
ERVE LENSINK;1
PADEPOELSLOOT-PADEGATSLOOT;1
Oostvoornse Meer 8 Zuidoeverwrak;1
"QUATRE-BRAS;ZEISTERWEG";2
Munsterplein;1
DE LEETE;1
TEUGE;1
Ekschip;1
Westerwal;1
RBP 027;1
KLEIN ZUNDERTSE HEIDE;3
AALKEET BUITEN 079;1
DE TIP;1
Dorpsstraat 28;1
Hoekpolder/RHP 3;2
DANIKENBOS;1
RIJKSWEG;11
Van Starkenborghkanaal;1
ZUIDZIJDE 85;1
KORTEWEGSE BOS;3
De Volgerland-Oost;1
VIERLINGSBEEK;1
HATTELAAR;2
VOORMALIG HUIS RUIJSDAEL;1
AVENHORN;110
Mariekerkseweg;1
BIJ SCHOONEBEKERDIEP;1
LIBEEK;2
WESTFRIESE ZEEDIJK;3
T PEESKE;2
MEERLOSE BAAN;5
KRAKEELWEG;1
Groot Vergoor;2
Tweede Doodweg, Buitenplaats Olthof;1
Laarhoven;1
DE BROEKEN - NOORDOOST;1
I(SM)-PELINCKWEG;1
L ABTWOUDSCHE POLDER 12;1
PATERSWEG;1
Kreek, Sint Anthonypolder;1
Bomvrije;2
Bursestraat;1
Groot Heidestein: Voormalig AMK-terrein;1
SCHAPENWEG;1
Spoor, Enschotse Akkers;1
Overslagterminal;1
KUIKVENSEDIJK;1
Locatie Zeumeren;1
ANNENBORCH;2
PUT VAN WEBER;1
Wal 30;1
Plangebied Wynserdyk;1
Aaldert;1
"POLDER LAAG-BLOKLAND; DE PUT";1
Scheveningseweg;1
Wylerbaan;1
BAGIJNHOF;2
KNOOPPUNT GORKUM;1
DIJE KOOGDIJK;1
Rotterdam IJsselmondse Randweg;1
"HET KERKJE; SCHARN; VIJVERDAL";1
ZEUGENWOID  STROOKWOID;5
Voormalig AMK terrein 11388;1
HOGE LOO - HOGEWANDWEG;2
PAARDEBROEKEN;1
Schipleidelaan;1
Zuidelijke Achterweg 4a;1
DOMMELOORD/DOMMELRODE;1
Spijkerhofdwarsweg;2
VOORTHUIZENSEWEG;1
OUD SCHERPENBURG;1
HEERBAAN;2
ORSBACHERWEG;3
Oude Sluis;1
BAKELSE DIJK-DIERDONKSCHE BEEMDEN;1
MINSTRAAT;1
"20.40 KRALINGERPOLDER; BURGERDIJK";1
Loonse Molenstraat (ong.);1
"WILHELMINALAAN; BURG.V.ROOSMALELAAN";1
Varkensmarkt 2001;1
GIERSTRAAT 50;1
De Hoogert;14
LAGE WURF;2
LANGS BOTERDIEP;1
HINKELOORD;1
17.AB-17.AH  AALKEET BINNENPOLDER;1
COUDENHOVEN;1
Betuws Bedrijvenpark;6
Domburgseweg;2
Krawinkel;1
BALANS II;1
Wielhoef. Blauwe Hoef;1
BAKENESSERGRACHT 49;1
Oranje Nassau's Oord;5
MAARHEZER HUTTENDIJK;1
KUUINDERBURCHT I, KAVEL M131;1
"natuurgebied ""Ingendael""";2
STROETENDIJK-STRENGENWEG;1
De Mendert fase 1 t/m 9;1
NIJPELS HUISKE;1
HELDENSE BOSSEN;2
"Herenweg; Kruisweg";1
SLAPERDIJK (TEN W VAN);1
Achterdijk, Heeckerenshoeve;1
"BRONSGEEST; VAN BERCKEWEG";1
Witterveld;5
De Vlijt;1
Helleputten omgeving;1
HET SPIJKER;1
Handelsweg;1
Krankeledenstraat 20-22;2
BEUSICHEMSEWEG, OOSTERLAAK;1
Veldekelaan;1
Luk;1
HEIDEHOF;4
kasteel Onsenoort;1
"DE NIEUWPOORT; DE NIEUWSTAD";1
01.004 Maassluis Schans/Kerkeiland;1
DOUSBERG;6
St. Medarduskerk;1
DRAAIBRUG;3
ROLDERSTRAAT-STRENGENWEG;2
BEUSICHEMSEWEG;13
UILENBROEK;1
Voormalig AMK-terrein M13261 / CMA38G-A15;1
Witmoesdijk 3a;1
Havengebied;1
"Drontermeerdijk; Kavel P104-I";1
Romeinse weg;8
Melatenweg;2
HAGENEIND, BOERDERIJ J.STRUIK;1
De Hoge Woerd-Noord;1
Vinkelsestraat;1
J. Lugtmeierplantsoen;1
SCHOKKERBOS, KAVEL J139;1
BIJ RADIOTELESCOOP;1
NIJKERDIJK, KAVEL OZ35;2
Voormalig AMK-terrein M10700/CMA38C-061: Ambachtsesteeg;1
"Voormalig AMK-terrein:Polder Nieuwenhoorn; Zwarte Weg; Bonseweg";1
HET SPAT;1
BOLLEBERG;1
Hoogenberg;10
LAKEMOND;1
Hoge Steeg;1
KLEIN LIER;1
Mannenhuisstraat 8-14;1
GROENMARKT - ST. JORISKERK;1
ONDERDUIKERSWEG, KAVEL C115/C116;1
KATSE VEER jaarboek2;1
Campina Melkunie;1
Mariahoop;6
TWEEDE WALSTRAAT;1
DEURZERBROEK/N33;1
KUINDERWEG, KAVEL M132;12
Nassaulaan;2
Kollum- Noordoost;1
WESTERDOBBE;1
"WAALOEVER ; PASSEWAAIJ";1
DE DELL;6
Dordrechtseweg;1
Vinkenpolderweg (deelgebied 1);1
VRIJHOF;1
Barwoutswaarder;1
JOHANNES POSTWEG, KAVEL J63;1
KEMPISWEG;1
Everse Akkerpad;1
Als Rien;1
KERKHOF IN OUDE BROEKPOLDER;1
Waalbandijk, Lambertuskerk;1
STAATSMIJN MAURITS;1
GRINDGAT;2
De Kroon;17
LINDEPAD;1
Bischoppelijk College;1
OMGEVING MEIJEL;1
OUDE STEENOVEN;1
St. Catharijnehof;1
BIJ LINDER WEG;1
CISTERSIENSER ABDIJ;1
Sterckwijk, vindplaats 6;1
Burg. Knappertlaan en Warande;1
EIGENBLOK;1
KLEEF;1
Hommelheide;4
Oude Maastrichtse Baan;2
OP DE BELT III;1
Echterstraat 10;1
KASTEEL SANTHORST;1
kanaal wessem nederweert;1
Bazeldijk / Burggraaf;1
NOORDZIJDE HAVEN;1
Hongerenburgweg;1
HUIS DORTH;2
Herstraat;3
Slotbosse Toren;1
Valksestraat;1
Oosterhoutsedijk;2
ROUWKUILENWEG;1
Karel V straat;1
GROTE VELD;1
BOVENKERKSE WEG 49;1
MOLLEKOTSWEG;1
ROOKHUIZEN;3
Lagedijk-Noordwest;1
POTHUIZERWEG, DE BOTHOL;1
STATIONSPLEIN;3
GIERSTRAAT 4;2
DE GRITTERT;1
Bontehondstraat;1
Olde Brandenburg;1
"Kwekerij ; Startingerweg";1
Achtmaalse Baan 46-48;1
APPELENBERG;3
Parkeerplaats P3 Oud Amelisweerd;1
Selterskampweg;2
Kaapduinseweg-Verlengde Dishoekseweg;1
CREMATORIUM;1
PORTELWOID;11
"Dam; Czarinastraat";1
POPPENDAMME;2
DE HEUVELEN;16
DOMO-FABRIEK;1
TUSSEN HEYTHUYZEN EN BAEXEM;1
Rondweg wesepe;1
De Traan;1
STRAND VLISSINGEN;1
Voormalig AMK-terrein M10416 / CMA37G-047: Zuidbuurtseweg;1
EMMELOORD;1
akker Steenhof;1
LEBUINESKERK;2
SLOTVEEN;1
"KLEINE KAVELING; (HONGERENBURCHT?)";1
Maastrichterweg, Molenweg;1
02.001 Maassluis  Johan Evertsenlaan;1
Broekhof;1
"Brikpad; Kavel A88";1
T KETELTJE;4
"Voormalig AMK-terrein: Haneven; Koude Water";1
Lage Giessen;1
KENNEMERPLEIN;1
Wieken Vinkenhoef, percelen Van de Hoek;1
Complex 12;1
VALDEUR;1
BROEKDIJK;3
KOUDEKERKE;8
Coehoornsingel 3;1
Lage Heide vindplaats 4;1
KUINDERVAART, KAVEL L27;1
"Weelweg 1; Banenburg";1
DE ZWAAN;1
KRUISHERENSTRAAT;1
DE BORN;1
Noord-Kethel, Poldervaart;1
Herenstraat (riool);1
Van Ghentkarzerne;1
Stichtse Brug;2
WOOLDERESWEG;3
PLANTAGE WILLEM III;86
Kavingsbosch;1
PRAETS;2
HENGELVELDERSTRAAT;1
VARENSCHUT;1
Kootwijkerbroekerweg 86;1
PASSEWAAIJSE HOGEWEG;1
Prinses Beatrixlaan Bozenhoven;1
SCHEEPMAKERSHAVEN;1
HERTENKOLK;1
'T HOLT;1
Wageningseweg te Andelst;1
Vijverweg Oost - rioolbegeleiding;1
Weelhoek;1
Sint-Hubertuskapel;1
Breedlersestraat 20;1
ST MARTINUSKERK;1
Burgermeester de Bruinstraat;1
WEZELSCHE BERG;3
GELKENES;1
Stormswinkel;1
Kasteel Beers;1
hof te Valkenswaard;1
DE HEID;5
SCHOOLDIJK;2
"Laagt; Emmikhoven";1
06.123 Westlandseweg Kolpabad;1
EINDHOVENS KANAAL;1
"Buiskerkse Sprienke; Westkapelseweg";1
's-Gravenweg 148;2
PLOMPE TOREN;2
PLEZENBURG;1
LOOESCH;1
Kleine Breul;3
Lindestraat;1
Bouvignelaan;1
Hanssumer Weerd;2
Abcoude Aquaduct;1
Oosterlaak-oost;1
IJZERLO;2
KLEIN WITSEM / DE PUTBERG;1
BEYERLUST;3
Schild Es;2
Emperweg 23;1
VOGELZAND VI;1
STOLVEEN;1
KLEINE KORRENBELT;1
HEERSTRAAT/BOXMEERSCHE VELD;2
DE WATERVAL;1
Poelendaelesingel;1
HOENDERNEST;2
01.026 Waalstraat 38;1
HSL-Cluster 3 Heerjansdam-Zuid Develweg;1
01.004 weeshuis;1
LANDGOED NIEUW RODENRIJS;2
Ploegstraat, Nijmegen-Zuid;1
STRUIKVEN;1
Kavel B3;1
"DE OUDE MOLEN; VEESTRAAT; KAPEL";1
HUIS MENSINCK OF BOTSHUIS;1
RUGGEWEG;2
Doonheide;1
Verdronken Rilland;1
CASTELREESCHE HEIDE;1
HALFWEG;3
KERK TE HEILLE;1
De Strubben;1
Esbeekse Dijk;1
EIKEVEN;1
Nieuwelandse hoeve;1
Kotterbos;2
Lummerwetering;2
Wijtenhorst - Douwelerheide;1
BIJ OUDE TOLWEG;1
JANNYHOEVE-WEST;1
Zuilen, Thorbeckelaan;1
REUTUMERVELD;9
DE ZEIS/ WICKENBURG;1
VUYLCOPSE KANAALDIJK, voormalig AMK-terrein 2943;1
NOORDVELD 1;1
Carillonstraat;1
Voormalig AMK-terrein M13903 / CMA28H-A23: Glipsdijk;1
ELSWOUTLAAN (RAMPLAANSPAD);1
Het Broek, Gestel;2
BEGRAAFPLAATS  BEEKSTRAATSCHE AKKERS;1
Zorgcentrum;1
OOSTMANSKERKE;1
De lucht;1
VERLENGDE OOSTERWEG;1
Grotestraat;5
DE SNELLE;2
DJATI RONGO;1
DORPSSTRAAT 72;1
"Haageind; Groot Kasteel";1
HELLGENHUUS;1
Grotestraat 31;1
hanenstraat;1
VREVELINKSHOEK;1
Bleekersstraat 6 t/m 8;1
KIEVITERIJ;1
TUSSEN DE KUIPER EN SCHOLTHOF;1
"Voormalig AMK-terrein M9440 / CMA16G-A01: Gasthuisdijk; Roekebosch";1
LANGE RAAMSTRAAT 20 - 24;1
Vermeersweg 60;1
LEPENHOF;1
GIJPENKAMP/KOSTERIE;1
DE LUBERT;2
Dorphof;1
Gaasperwaard;3
LEENTJERWEG 5;1
NOORDERWEITJE OUWE WOID HOOIL.;1
Oude Postkantoor;2
DE LICHTENBERG / AMERSFOORTSE BERG;1
RANDENBROEKERBOS;1
in riviertje de Vlier, aan het Haageind;1
BIESTVELDEN;1
ORANJEKANAAL ZUID;1
WESTMEEP III;1
"DE KUIP; MAARWEG";1
Vismarkt/Groene Plaats;1
Krukkem;3
ST ODAPARK;1
Slappeterpsterdijk II;1
ALIKRUIKWEG, KAVEL Z27;1
GROENEBOS;1
BELVEDERE (SITE J);1
"TRASMOLEN ""ROZENBURG""";1
14.05 COMMANDEURSPOLDER;1
OOSTERDIEP;2
Hezelstraat 22;1
Steenstraat Zuid;1
Galgenwaard/ Cromwijk;1
BANEKATERVELD;1
Jan van Rijzewijkstraat;1
kasteel Cranendonck;1
Voormalig AMK-terrein M13336 / CMA16G-A07: Thijlingerhof;1
Lage Giessen 11;1
"Reumersweg ; Koerheuvel";1
DE HUCHT, voormalig AMK-terrein;1
Priem en Rassenbeektocht;1
Burgemeester Van de Mortelstraat 10;1
Elsdonk;1
POLDER HET NIEUWLAND;2
BEEK;9
Kromwijker Dijk, Omega;1
Hof Borculo;1
Kampsteeg;7
DE MEEENE;1
ZANDVELDERVELD;1
Gemeentehuis, Jagtlust;1
In De Mehre;2
Achterdijk 7 (Van Moorsel);1
Marktveld;1
"HET SLOTJE; BOSSCHEWEG";1
HORNIXVELD;3
HOGE WOERD 2;1
"ESCHOTERVELD; APELDOORNSE WEG";1
LOO MALLEM;1
KURSTJENSBOS;1
KERSPELWEG;1
Buitenbrinkweg;1
Zevender;1
DIJKWEG / RAVENSEWEG;1
WALBURGSKERK;1
"Hanzeweg; Kavel N96";1
Snelweg / Rijksweg A15 (aanleg);1
HET NOORDENVELD;1
Westerseweg 16;1
Jacoba van Beijerenweg;2
"Voormalig AMK-terrein; Groote Heide; Grenspaal aan Katteput";1
ONNEN;1
Tjeppenboer;1
Op Den Drul;5
Fort Henricus;1
ekerschot;1
van Hogendorplaan;1
FALIEBERG;1
NOORD KETHELPOLDER 03;1
BALKBRUG;1
WALDGRAAF;3
DE KAAI;1
"Voormalig AMK-terrein M8794 / CMA37B-015: Kanaalweg; Blakervaart";1
Drimmelen - Terheijden, Kleine Dreef;1
LANGELAAR;1
RIJSVOORDE;2
De Horzak;2
Fluunseweg 14;1
Engelenburgerlaan;2
SLUFFERDSBERG 2;1
Genneperweg;1
Luchtenburg;1
Nederlands Hervormde Kerk van Hummelo;1
KLOOSTERSTRAATJE;1
PLAGGEMARS;1
Zandweg 2;1
HUIS WILDENBORCH;1
BERGAKKERS II;1
Kraanbraken;5
GP 150;1
Katwijk Havengebied Fase 3b;1
"KERKHOF; MOLENWEG";1
Oude Bodegraafseweg;1
MOB terrein;1
"RANUM-NOORD; GROENE WIERDE";1
ST PIETERSTRAAT;1
16.57 AALKEET BUITENPOLDER;1
Pastoor Graatweg 32;1
Kijfhoek;4
TOUTENBURG;1
Solvay;1
Goorsloot;1
RUTTENSE WEG, KAVEL A91;1
Vreding;1
Nieuw Amerongen;2
BALLINKHOF;18
DE MORSCH;1
Heilaarddreef 17;1
De Dollen;3
KORTEHOEVE;1
Kronenburgsingel / Parkweg;1
KLUTENWEG, KAVEL C103;1
DE KOUWENOORT;1
AALKEET BUITEN 032;1
POLDER GROOTE- EN KLEINE LINDT;1
PADSTUK-DRES;1
DE NEETH;3
Muusweren;1
Sloehaven Z;1
LUNEVEN;1
KIEVITSVEN / DE RAAM;1
"Lozerlaan; Vrederust";1
Cineac Buitenhof;1
Sondervickcampus;1
VOORMALIG ABDIJ;1
OUDE MAASLANDSE DIJK;1
VOORSTUKKIE;1
TONCKENSBOS 10;1
WOORD-ZUIDZIJDE;1
"RENHOEVE ; WATERSTRAAT";1
Veldweg;6
"Kasteelberg; Boerenberg; Grachtstraat";1
Kasteel Maelstede/Bogerdlaan;1
GEEARSTAAT E.A. (HET SPIJKER);1
PEY;2
NOORDBARGERES III;1
Stadsplein;2
MOLENVELD-WEST;2
PLAS VAN SCHOULS;2
Leakwerderwei 7;1
prins hendrikstraat;1
Steenschuur 11;1
LINDENHOLT;1
VOORSTRAAT 19;1
ASPEREN;1
HAERTELSTEINSCHE VELD;3
INGEN;23
't Wildrijck;1
NOORDSLEENERVELD-ZUIDOOST;1
Dr. Leurszijstraat;1
BAGGERGAT DE BERGEN;5
Klappermanstraat;1
PHILIPLANDSCHE STELBERG;1
Kasteelpark;2
SPOORTUNNEL LOMBARDKADE-LIBRIJESTEEG;1
BLOEMSTRAAT-OOST;2
HOGE WERF;3
RIJNSTRAAT 63 65;1
HET STERRENBOS-CENTRUMPLAN;2
KERKELANDEN;1
GEYSTEREN;1
HUIS VERWOLDE;1
Soerlant;1
Plangebied Kromme Elleboog te Meppel;1
19.25 OUDE CAMPSPOLDER;1
Leurse Leigraaf;1
KERKEDIJK;1
VICARIESTRAAT;1
DE WILDBAAN;1
"DE GINKEL ; AMERONGSE SPOOR";1
Essche Stroom;1
EEKSESTRAAT;3
Volhouden;2
Blankenberg;2
KEUPERHEIDE LANTERD;1
De Goudberg;1
"BEEKSTRAAT 26; SCHINVELD IV";1
Kloosterbosch RD;1
Marktpad;1
"Maasdijk; Lombardstraat";1
DE HOOGE VROONE;1
Spittaalstraat;2
BRINK;7
WESTAKKERS;4
Het Meer;3
De West, deelgebied B , plangebied 2;1
"SPRIELDERBOSCH; PEPPELSE WEG";1
STIPPELBERG-SITE 11;1
KAVEL E4;1
waterleidingtraject Ruurlo-Eibergen;1
Zanderij;1
GIBSONSTRAAT;1
KLEINWIJK;4
LAGE BLOK I;1
HOOGSTRAAT 16;1
Echt Zuid-Oost fase 1;1
HOENDERSTRAAT;1
AMERBRUG-ZUID;1
Wieken Vinkenhoef, Hogeweg 241;1
VINDPLAATS C.;1
Norgstraat;1
Ooster Kemkensbergweg;1
Voorsterberg;1
Plangebied Zuyderhoeck;1
Wierum-Nes;1
PITTESTEEG;3
"Aan de Somerse Hut; Booldersdijk";1
Gasthuis Sint Jan de Deo;2
Hoep-Noord/ 'tweede bruggetje';1
Meischevoort;1
WITTELTERMADE 4;1
SPOORTUNNEL NOORDEREILAND;1
UDDELER HEEGDE;2
SPIEKER;1
KIEVIETSTRAAT;1
SINT URSULAKLOOSTER;1
GROOT-HAASDAL;2
"Kraaienbosch; Lindeboomweg";1
Tuin tussen Westerstraat 85 en huis aan de Harpstraat;1
Crommentuynstraat;2
"Klokbekerweg; Kavel G73";1
Heerdweg;2
MESCH;2
POLDER SOUBURG;1
Deurne-Binderen Zuid II;1
VLIEGVELD NERHOVEN/GILZE-RIJEN;1
Lange Voorhout 17, Hoge Nieuwstraat 18;1
CRAPOEL;1
Brede School Prins Frederikstraat;1
BROEKELDBOSCH;2
BRAKEWEG;1
Compressorstation Wijngaarden;2
NICOLAASKERK;1
Looerenk;1
hellingweg;1
DE SCHUPSTAL;1
PADDEPOEL IV;2
STAMPERSHOEK;1
MORTEL LINNERBOS;3
Veestraat;13
Proefsleuven WACO-leidingtracee Delfzijl Geefsweer;2
"Kronenburgplantsoen; Utrechtse Straat";1
SCHURENBERG;1
KAMPERSHOEK-LOCATIE A;1
NOORDZEEKUST VLIELAND 2;1
Epse-Olthof Noord;1
Molenstraat 176-178;1
Krabbeschans/Bewester Eedeweg;1
De Soom;2
Europaplein 2-4;1
Surfplas Zuid;2
Op het Elde;1
PONTE AVANC?;1
HOUTKAMP;1
WATER MEERWIJK;1
Bato's weg;1
GROND BAKKER LOEFFEN;1
"'T OUDE KERKHOF; (RUSSENKERKHOF)";1
Dorstseweg/ Seminarieweg;1
CONCORDIA;5
POLHAAR-OOST;1
Rijndijk 1;1
Achterkabel;1
DE BISSCHOP;17
"STEENSELSE WEG; WOLFHOEKSCHE HEIDE";1
REIJMERSBEEK;1
BOOMGAARD GEINOORD;1
Oostvoornse Meer 3;1
"ROODE BEEK; SCHUTTERSPARK";1
KOENTJESBOS;1
Klingelbeekseweg/ Utrechtseweg;1
ST. LIEVENS MONSTERKERK;1
Bovenkamp II-Wezeweg 4;1
Bolwerksweide;1
Brouwershavense Gat 7;1
Kraaijenberg;1
Bekhof;1
HOUTENSCHE WETERING;1
"Touwlaan; Kasteellaan";1
Joute v.d. Meerweg;1
GOUDEN STOEP;1
OUD HAERLEM;2
Kloosterstraat 36-38;1
Paasloostraat;1
VOORMALIG KLOOSTER MARIENHOVEN;1
Schuurkerkpad;1
DE ROETERT;4
Nicolaasstraat;1
PEDAGOGISCHE AKADEMIE DE KOPSE HOF;1
SCHUTTERSVELD;2
"LAANSTRAAT ; C1000";1
Heisteeg;1
STEENFABRIEK DE MEIJERIJ;1
OELEMARS;2
HAVERLANDEN;2
TUINBOULEVARD;6
DE KAMPEN;22
HULHUIZEN;1
Fietspad Dronrijp-Hatsum;1
Dorpsstraat Zwaag;1
Hoekdries;1
RIMPELEN;1
ZELDERSCHE DRIESEN IV;2
NAAYT TOOL;8
Kanaaldijk/Zonneweid-Noordzijde;1
Sportpark Rauwenhof: Rauwenhofhal;1
04.009 Maassluis Rembrantlaan/ Gerard Douplein;1
GROENINGSEBERG;2
LIESVELD;1
Middelweggebied;2
ZAAILAND;1
STEENWIJK;17
OUDE VENEN;5
Zalneweg Noordzijde;1
Sanghorst;1
AALKEET BUITEN;1
KAPPENBULTEN;1
Dorpsstraat 1-7;1
Waalstraat 19;9
"Polder Henswoude; Ruige Sloot";2
BLANKENHAMMERWEG, KAVEL N12/N13;1
DORPSSTRAAT 79;1
MODDERBEEK;1
De Fleerde;1
MARIAGASTHUIS;1
Holkerweg;1
Middelsee;1
VRAGENDER ES;3
TER WALSLAGEBRUG;2
Geleenbeek;3
DE GRAVENBELT;1
TRIMUNT;1
AALDEN;2
SCHOPPENAAS;2
KLATERING;1
Steenoven;1
Het Slot;1
Noordzee Roompot 2;1
Houtse Beemd (akker 14);1
ACHTERDIJK, DE WITBOOM;1
Van Amerongenweg;1
BAKELSE DIJK / DE HUTSENBERG;1
ZONNENBERGERWEG;1
POLDER NIEUW BONAVENTURA;1
Verzorgingsplaats Bisde;1
DE TABAKSSCHUUR;1
WERCHERENDE STRAAT;1
GROTE HOUTSTRAAT 121 (SPORTWINKEL);1
SMIDSKOLK;1
DORPSWEG 10;1
UILENGAS ERF;1
BURGWAL 78 - 90;1
ASDONK;1
Queens Boroughstraat;1
SLAVANTE-DOUANEKANTOOR;1
POLDER ZUIDEINDE;2
ELSENERBROEK;5
OUWE WEID;9
SPORTTERREIN;10
Huis-Kasteel Westering;1
Dorshout 23 en 26;1
KESSEL-DIJK;1
Sint Martinuskerk (kerkhof);1
WAYENSEDIJK-UTRECHTSEWEG;1
HERMANUS;1
DIJKPOLDER;3
Nieuwezijds Kolk;1
Kromme Mijdrecht vindplaats 4, DRV-11-2;1
Kloosterhof;4
Groot-Wolfslaar;1
DE HOEF, ST.JANSBEEK;1
EXLOO;7
HAARLERVELD;4
Euvelgunne - lokatie Driebondsweg;1
Boterstraat 4-6-8;1
OUDE DOETINCHEMSEWEG;2
Spuistraat/Coosje Buskenstraat;1
KERKKRING;1
01.25 WOUDSE POLDER;1
HOLLESTEEG 2;1
Uitbreiding Kampakkers;1
Bagijnestraat;1
DE GOUDTUINEN;1
MOZES EN AARONKERK;1
Sambeek en Grave;2
BURCHTWEG, KAVEL M23/24;1
"Landweg; voormalig AMK-terrein";2
Stein Winkelcentrum Fase II;1
Scharenburg en Kerk-Avezaath-Lutterceld II;1
HENGSTENBERG;1
KATTENLEGER;1
ERVE ROTERMAN;1
Galdersche Heide, vindplaats 3;1
VROENHOF / HOUTHEMERVELD;1
BEUKENALLEE;1
Verloren Zeeg;2
OUDE NORGERWEG;1
Dorpsdijk 204- 206;1
DE VOORDE;3
SLUISWEG;3
GROENEWEEGJE;1
VOSBERGEN;1
Twijgenweg-Hoornse weg;1
HOLLENBERGERVELD;1
OUD EMMELOORDERWEG, KAVEL P14;13
Ossenbroek 3;1
Noordzee NCP Blok G16;1
VLETGAARSMATEN;1
JERUZALEM;1
QUALIENBERG;1
MEINERSWEG;2
BOMMELSESTRAAT/PAASWEG;1
KRABSTEEG;1
17.BD AALKEET BINNENPOLDER;1
BONGAARD;1
"Doodweg ; Westerheide";1
OPRIJLAAN BOERDERIJ KONINGSBERGEN;1
ZEIJERVELD-NOORD;2
01.07 WOUDSE POLDER;1
RHIENDER ES;1
16.94 AALKEET BUITENPOLDER;1
HEILIGENBERGERWEG;1
de Plantage;1
De Steenbrei fase 1;1
't Zwin;1
Kerkstraat/Catualiumplein;1
"GLIPPERDREEF (TUIN VAN HUIS ""MEERZICHT"")";1
Blixembosch noordoost;2
GOOYER WETERING;2
Hof te Bladel;1
Groenzone Harnaschpolder;1
Arentsburghlaan 1;2
NOORDWILLEMSKANAAL;1
DE OSSENWAARD;1
BIJ MEEUWENVEN;1
TOV EELSMA STATE;1
OOSTERVOORT;1
KLETEBERG;1
1E NIJEVEENSE KERKWEG-OOST;1
"KRONENBURG; KROONENBURG; KRAANENBORG";1
Torckpark;1
MARSDIJK (T.O.V. VECHTEN);1
Wyldehoarne;1
"Bremlaan ; Nieuwe Veenendaalseweg";1
Langven;2
BIJ JACHTLUST;1
Hoogstraat 57-61;1
De Kampen Oost;1
Reusel ( vindplaats 5);1
ELSTERSTRAATWEG;6
Spoordonkseweg;2
Ramsburg;1
HET SCHIER;7
LEERSUMSE VELD;2
ARN VAN HEUMENSTRAAT;1
BOLHOERNSDIJK-MARSSTROOM;1
"Vlotgrasweg; Kavel F12";1
BUSWEIDJE;1
HUIS TE MADE;1
KOEBERG;1
HOOFDWEG-OOST;1
Gaagweg;1
ROSANDEPOLDER;1
16.70 AALKEET BUITENPOLDER;1
A12, noordzijde;1
WIJNBERGEN;4
KONIJNEBERGLAAN;1
LANDGOED HOOGHALEN;3
OTTEMA;1
Lindevoort;1
Oost-Voorstraat 59;1
VALLENBERG;1
NEDEREIND;4
RIJNSTRAAT 7;1
Tuinen van de huizen ten westen van de hoofdstraat te Kessel;1
Noordzee Eurogeul 26 NCP Blok R3;1
Bierkaaistraat 30-Dubbele Poort 4-8;1
WAALKADE/GROTESTRAAT;1
Snellius en Gorleus locatie;1
DRIES;2
Heerenstraatje;1
DE ELSMORS;1
BOSSCHERWEG;3
ENGELSE STOOF;1
Markt/De Kwakkelaar;1
HULSDONKSTRAAT;1
kasteel Bergvliet;1
ENTER ESCH;1
Mauritshuis;1
ANTONIUSHUIS;1
LOBBERDENSCHE WAARD;5
SMEULBRANDEN-VALTHERBRUG;2
OOSTERBOEKELWEG (VINDPLAATS 42);1
Tjonger;1
DUIKERSLOOT-NOORD;2
SCHIPHORSTEN-ZUID;1
Kerkplein;24
Camping Nooitgedacht, voor de visplaats;1
ZUIDENDIGER VELD 3;2
16.60 AALKEET BUITEMPOLDER;1
Ankergebied 4West wrak 2;1
Stappers Dries;1
Westerstraat nr 55-57;1
HUIS HERXEN;1
FORT ST.LIVINUS;1
"Onderduikersweg; Kavel G37";1
DWARSPLAATSEN;1
HONINGLO;1
GRIJZEGRUBBEN;3
De Omdraai;1
De Woude - Kruiakkersloot;1
Vorstengrafdonk;3
ZUIDEINDE WEST 16-16A;1
De Kollenstaart;4
Het Sprakel;1
O.A. BATAUWEG;1
D51-ZUID;1
AMSTERDAMSEWEG;1
VUURPAD, SECTIE B;1
HOUTVEN;5
Duivelsbruglaan en Bouvignelaan;1
GROENINGSE VELD;1
Achter de Kamp;1
Burgemeester de hoop park;1
BRUNSSUMMERSTRAAT;1
Groeneweg, rotonde;1
WESTABTSPOLDER/ FOKKERWEG;1
"ST.CORNELISKAPEL; CORNELIUSKAPEL";1
POLDER DE OUDE UITSLAG VAN PUTTEN;1
Berkmeerdijk 17: aan weerszijden van huisje;1
westoever Goorloop;1
Nieuw Wateringse Polder;1
TEN O. VAN BUGGENUM;1
Lykfeart;1
"HET BURGJE ; VINKENBURGWEG";1
Greenportlane;1
Pannestert;1
"Noordwolde; De Hoeve";1
"ENGELSCH BROEK; ROODE BEEK";2
DE BEUKHORST;1
ST.JANSTRAAT;1
KASTEEL SYPESTEIN, SIJPESTEIN;1
HUNZEBOSCH;2
OUDE TELGTERWEG;6
Rijnhoek;1
Bovenstehuis;1
REGULIERENKLOOSTER;1
Pieter Vreedeplein;1
OUDE VORENSCHE KANAAL;1
ALOYSIUSWAL;1
Slingerbos;2
Kiltunnelweg;2
Wesepe;1
TER HAGHEN;1
MEELDERBROEK NABIJ GRENS;1
Waalheimerweg;1
perceel ten zuiden van de Kleingouw;1
'T GOY/GROENEDIJKJE;1
Prins Hendrikstraat, Ginneken;1
Konmingsstraat/ Gasthuisstraat;1
gasselterweg;1
TEN ZUIDEN VAN TRAFOSTATION;1
D32E/D?-DENNEWEG;1
DE BORG;5
Kievitstraat;1
MARANKA;1
Vrijthof;2
Reijmersbeek;1
Turfkade 35;1
KERKSTRAAT 49-53;1
Westhoven Leemskuilen;1
parkeerplaats P3;1
BAARLAND;2
Den Molins Hoeve;1
"HUIS DE TOREN; DE THOOREN";1
BENTHEIMER GRAVENESCH;2
Wilmink;1
Odijk west;1
"Waalbroek; voormalig AMK-terrein";1
de Kaatse Hoeve;1
STUK VAN DE NONNEN;1
Engelenweg 20 te Loenen;1
'T-Prooyen;1
HOOGE WEIDE;1
Kerkestraat;1
Park Brederode;1
DOORNKADE;1
Schagerkogge;1
Weiland Leyduin;1
COENDERSBORG - SPORTVELDEN;1
Kommiezenbos;2
HEMA-terrein;1
Kerkstraat 77;1
Vijverweg noord - rioolbegeleiding;1
ST.JANSKAPEL;1
VESSEMSEDIJK;1
HEUGEM;7
"BARONSBERG; CHOORBEEK";1
SCHOONENBERG;3
Achterzeedijk 57, VELO-terrein;1
Golfbaan;5
"Gasthuisstraat; terrein drukkerij Verbaak";1
LEIJSENVEN;1
BALLOERVELD - OVERDIJKSVELD;1
DE KWAKKENBERG;1
OOSTERBROEK;2
NIEUWLANDSEPOLDER;1
Taarlosche Diep;4
MEER EN BOSCH-LAAN VAN MEERDERVOORT;2
de Woud;2
St. Willibrordusput;1
Nes (Dong) Terp;1
KEIZERHOF;1
Enkhuizen 1;1
TEXEL PAAL 26, 4;1
"CENTRUM; MOLENAKKER";1
Sjukmahus;1
Langewijk/Mercator;1
BRUMMENKOUL;5
Paardenmarkt;4
TWEEDE DORPSSTRAAT;1
TUINPAD 20 EN 22;1
Slenaken camping;1
DE GROTE HARREN;1
"Schutterhof; Clasinastraat";1
Kampse Straat 1;1
HULZEN;2
Archeologische zone 2, Oostvlietpolder;1
EERDE;1
RIETVINK;2
Duinlustparkweg (De Blinkert);1
KERKDELLEN;1
ACHTERDIJK/ELZENWEG;1
NOORDZEE NOORDERHAAKS 6 NCP BLOK Q2;1
OUDE BOOMGAARD;1
"Lytse Wei; De Hond";1
HEELSUM;1
"Palenweg; Kavel E165";1
OUDE DEVENTERWEG / BRINK;1
Overdiepse Oever;1
"Molenwijk; Gildenhof";1
MEERSENDIJK;1
KAVEL E170/E171;2
POSTELSTRAAT 8;1
BEERSEMAASWEG;1
WOLVENPOLDER;1
BRANDJES;1
TEN NOORDEN VAN SPEULDERVELD;1
ERMELO;3
Steendam;1
BEGRAAFPLAATS NIEUW RODEN - TUM.2;1
VOORDAM;1
Van Maerlantlaan;1
"Zandmaas; Proefproject 3";29
WELDAMMERLAAN;1
Pastoor Maasstraat;2
STRAND ORANJEZON;7
IJMUIDEN;1
De Eeke;1
MANHORST;1
Hoek Peeberg/Burg. Voetenstraat;1
Jongenhof;3
Honte 2;1
ELLERTSWEG-OOST;1
KROMME RIJN;8
Noord-Oudeland;2
Hurpesch;1
BEERZERHAAR;2
"HOOGEN STEEN; STEENAKKERS";1
HOORNSE MEER;2
klinkerstraat 13-31;1
MOLBERGSTEEG;2
terrein Dupre;2
Meddosestraat;2
GAARSHOF;1
GRASBROEK;4
Boekelhof;1
Achterwillenseweg 98;1
Meelstraat 11-19;1
BIJ ST.MAARTENSKERK;1
'T Veld;1
KATERVELD;1
MATENA;1
Uiterdijkenweg kavel R3;1
BUNNIK;12
BREEDSTRAAT;3
"Missiehuis Vrijland; Dreijense Weg; Johannahoeve";1
DOM;1
"Utrechtseweg; Hof ter Weyde";1
NOORDZEE EUROGEUL 15 NCP BLOK R3;1
01.31 WOUDSE POLDER;2
KINKHOVEN;3
Emmeriksstraat;1
MAAR WEST;1
BURCHTPLEIN;1
TONCKENSBOS 08;1
HAREN;4
VISWEIJ;1
Smokkelhoek, perceel S178;1
Oosterweg;6
Sinnebuorren;2
HEESSEWEG;1
"Voormalig AMK-terrein M10338/CMA37C-028: Polder Naters; Naterse Dijk";1
Strijkviertel;8
"Dorpsstraat 56; Giessen Nieuwkerk";1
Beugen-Zuid;3
VLEDDER ES;1
Hondsdijksepolder;1
DEVENTERWEG;1
perceel ten westen van de Herenweg;1
VELDWEG-ZUID;2
Karthuizer Polder;2
RAVENBOSCH;1
DE WITTE HOEVE;1
Graldastate;1
Looierweg;1
"Voormalig AMK-terrein M7494/CMA30G-027: Centrum; Rietvink";1
EVERSDIJK;1
Autogarage BS4carpoint;1
Waalweg, Ridderkerk-Rijsoord;1
Achterweg 11 (Afvalwaterzuiveringsinstallatie);1
DE TOES;2
SCHATBERG;1
'T LAAKSE VELD;2
Voormalig AMK-terrein M13561 / CMA29A-A05: Ottershagen;1
De Enk/Zuiderpark;2
GERBRANDASTATE;1
AAMSVEEN HOLTERHOF;2
"LINDENBERG; HOOGSTRAAT; RIDDERSTRAAT";1
DE NONNENBERG;2
SCHALMEDEN;6
HELLE;1
PERCEEL JEURISSEN;1
"LAMBRECHTSVELD; VALKENBURGERWEG";1
"Appelvinkweg; Kavel M22";1
DE DONDERSLAG;2
LANGE VOORHOUT 8;1
SMALLE BEEK;3
WITTESTEIN;1
De Groene Wig;1
ZANDDEPOT;1
Aan de Majoor;1
Chopinstraat;2
NEERPOLDERSEWEG;3
Cirkelbos;1
Grintweg;1
Nieuwveld;2
"ROODE BEEK; ISENBRUCHER MOLEN";1
Polanen;2
DE SMAL 3;1
JACOBA VAN BEIERENWEG;1
Kavel R3;1
GORSSEL;1
ELSEN;19
Binnenwijzend nr. 60;1
ERVE SEVERT;1
Klein Dorregeest;2
Natte vloertje, Beneden Molendijk;1
DE RIMBOE;1
POTHUIZERWEG 1;1
OOST-INDIE;9
OLDENDIEVERVELD;2
VOORWERK;1
Hoefsestraat en Zesweg;1
BUURSE;9
Drachterveld;1
KLIKJES SLOOT;3
MONNIKEN GROOTLAND;1
WESTERESCH/SPORTVELD;1
Van Assendelfstraat;1
Abtswoude;1
"UDDELSE BUURTVELD; ZANDSTEEG";1
Natuurvriendelijke oevers Erichem;2
RAALTERWEG 34;1
EVERSE AKKERS-CLUSTER 4;1
Molenstraat Kerk-Avezaath, Lingehoeve;1
KOZAKKENPUT;1
Nieuw Rhijngeest-Zuid;1
QUADENOORD-VINDPLAATS B;1
SLUISBUURT;1
KAVEL J1;1
AHR-transportleidng Delft-Berkel en Rodenrijs, Tracedeel AHR-Y9;1
ZANDKREEK;2
WEITJE VAN BREURE;1
Havenstraat/ Brede School;1
STEENFABRIEK, VOGELENZANG;1
OOSTROMSDIJKJE, RIJNHARD'S HOEVE;1
DE HORDE;1
Het zoomgebied;1
NOORD HINDER;1
RETERSBEEK;3
Enclaveberg/Elzenberg;1
Hedikhuizen dijk;1
NIEUW KERKHOF SECTIE E 4963;1
BOOMDIJK 4;1
ZALTBOMMEL;1
Hollestraat 28;1
KOLKMANSBRUG;1
NIJKERKERNAUW 1;1
Nijevelt;1
BEUNINGER VELDWEG;2
Weiversloot;1
"Hopweg; Kavel L76";1
Assum afslag A9 Heemskerk;1
Ommelseweg;1
SCHAAPSDYK;3
Den Hoek;2
Oranjeboomstraat;1
Heuvel;4
BERKELSBROEK;1
Stelleweg (Mannee);1
LIJSTER ENG;1
OUDE WEG (TUSSEN SPOORBAAN EN OUDE WEG);1
WAARDJESWEG 65;1
TER WISCH;3
Tergouwen;1
KOUDENHORN (POLITIEBUREAU);1
ONDERWEG 11, 13, 15, 17, 19;1
Plangebied Uithoflijn te Utrecht;1
Kalterbroeken;4
TREKVAART;2
ENTERBROEK;3
VLIELANDERBALG VI;1
Steinerbos;1
MUYTERTWEG;1
KLOKKENBERG BASISSCHOOL;4
AALDERINK;2
"De Koppel 4; Ten noorden van St. Petruskerk";1
HERTEKAMP;1
WILLEMSHOEVE;7
HAESSELT;1
De Holten III en IV;1
Mariengaerde;1
ZWARTSCHAAP;1
MINISTER TALMASTRAAT;1
SCHARBERGWEG;1
HEAREWEG;1
Voormalig AMK-terrein M10419 / CMA37G-050: De Hoogkamer;1
MORTEL/LINNERBOS;1
het Aa-dal;1
AALKEET BINNENPOLDER 034;1
elsteren;1
DUURSCHE WAARDEN;1
SOLBERG III;1
Tabakssteeg;1
`t Schuutske;1
Hunnerpark;4
WIJNGAARDEN;1
Westeind;2
Zelhemseweg 15;1
HOOGSTRAAT IV;1
WESTENSCHOUWEN-WESTERSEWEG;1
ZEVENHEUVELENWEG;4
GEBROEDERS KONIJN;1
SLIJPKRUIK;2
ONDER HET HETGEN;1
EERSTE VERLAAT;1
POMPWEG;4
NOORDEINDE 94;1
DE HOOGSTRAAT;17
Kerkstraat 87;1
LOSSE STUK;2
Gardeniershof;1
Sint Nicolaasdijk 34, Brunnepe;1
RIJKEL GRINTGAT;1
SPRINGOP;1
JIPSINGBOERMUSSEL;1
02.016 Bolderwerk 40-50 (Touwbaan);1
19.21 OUDE CAMPSPOLDER;1
BUDEL RINGELSVEN;1
VALTHER BOSCH - OOST;2
ZUIDERAKKER;1
Boschakkers;1
Europapark;2
ROESSINKWEG;1
Hezer Eng;1
MARIENWAARD;2
MAROLLEPUT;1
ZWANBURGER POLDER / ZIJL WARMOND;1
Voormalig AMK-terrein M13821 / CMA28F-A30: Haarlerveld;1
ONDERDUIKERSWEG, KAVEL C106;1
LANGESTRAAT 44;1
WELSCHAPSEDIJK;2
"HONIG ; TEEFFELEN I";1
KAREL DOORMANWEG, KAVEL J70;1
ERVE BIEZEBEEK;1
"Bergerweg; Welschenheuvel";1
Ankergebied 7 Wrak 1;1
POLDER NIEUW ROCKANJE;1
RIVIEROEVER BUITENWAARD;1
Begraafplaats Zevenberg;1
DE ZANDMOLEN;1
Maasplein;2
Zuidmaten Oost;4
Moerstraatseweg;1
TIEFLAAN;1
"Croy; Veerkampen";1
Jon00o;1
"KROMMENIEDIJK 65 ; WOUDPOLDER";1
MOESBOSCH;1
PROVINCIALE WEG- ROUTER POLDER;1
EGELSBROEK;1
LIEZE;2
ZELDERTSE WEG;9
KROMMENIEER WOUDPOLDER;1
FRANKRIJK;1
Voormalig AMK-terrein M12903: Oosteind 36;1
D14;1
SMB /MER N322;1
NOORDMA;2
"Gijsenberg; Sint Hubertusmolen; Beukenweg; voormalig AMK-terrein";1
MEPPERVELD;1
OUDE SCHANS;4
Bogardstraat 24;1
TWEKKELO;2
POASEN;1
Korte Bellingstraat/Solmsbolwerk;1
DRIEKIEFTENWEG;1
WIJKSE VELD II;1
Van Panhuysstraat 53;1
Winsum-West;1
Zuidwelle;2
HEUVELEN ESBROEK;1
NUNHEMMERHEIDE;1
GALDERSCHE MOER;1
KERK VD H LAMBERTUS;1
Wolfsputten;1
SCHOTKAMPWEG;9
Sallandse poort oost;1
Jaagpad;1
MISSETTERREIN;2
Grote Stukken;1
NYVELT;1
POLDER NOORD KETHEL 18;1
"Elandweg; Kavel K35";1
VENNEWATER;1
VOORMALIG WITTE HUIS;1
01.005  Brede Steeg;1
Moriaanshoofd, Taaijersweg;1
Schouteneinde 66;1
Wal 16;1
KLEIN DRAKESTEYN;1
BREEWERT;1
Op de Knouw;1
NIEUWE DIJK-NOORD;1
DIKKENBERG;7
Mgr. Bekkerslaan;1
A4 Omlegging;1
HUIS DE KIEFTSKAMP;1
WITTE VELD;3
GROOT PHELSUM;1
't Sittert;1
RUNDEVEEN;4
Generaal de Bonskazerne;3
"Oude grindweg; Grote schutskiuil";1
ZENKELDAMSHOEK;2
Boerderijk De Holten;1
VEERPLEIN;1
NIJLANDSCHE WEG-NOORD;1
Reusel-Beukenlaan;1
Eemsmond/Loppersum/Bedum/Winsum;1
NIEUW-ANNERVEEN;1
REPELWEG;1
TERSCHELLING PAAL 20;1
BROEKEN-DE LAAK;1
Achter de Konijnenberg Manege;7
LEGERPLAATS HARSKAMP;2
Hoogeweg 45;1
De Aspert;1
Oostvoornse Meer 13;1
"SCHINVELDER HUSKE; HET HUISKEN";1
ULGERSMAWEG;1
KERKHOF NH KERK;1
Rijksweg 57, vindplaats 2 Veere Olmveld;2
"BRUGAKKERS; LIMPESENDIJK";1
Vindplaats 3, deelgebied 7;1
Annestraat;1
BROEDERSPLEIN/GASFABRIEK;1
DE OOY;4
MAASKANT 5;1
NIEUW-GRATINGA;1
HEERBAAN ST ST JOZEF;1
SPORTTERREINEN;1
JIPPINGSVEEN;1
VELDAKKERS 2;1
Rijnsburgerweg 6;1
ACHET HET EIND;1
Medemblik Westerhaven 1;1
Gelderakkers;2
Grathem;2
Holswick;1
Bangert en Oosterpolder;5
WOUDMAN;2
TUINCENTRUM JOLICE;1
"NIEUWE HAVEN/ -DIEP; RIJKSZEEHAVEN";1
STEENWIJKERWEG, KAVEL S64;1
BOVENKERKERWEG;2
KERKMEESTERSWERF;3
Praktijkschool Pro Almere;3
BELLINGWOLDER VENNEN;1
Kromme Weg;4
Irispad;1
LAWICKSE ALLEE;1
Nijkerkerweg;1
PEPENUSBRUG;1
SNAAIER;2
JOACHIM OUDAANSTRAAT;1
MEERWEG;4
Korzotheater;1
Leechein;1
ST LAMBERTUSKAPEL;6
Broxven (achter de veldkapel);1
HUIS RIJSWIJK;1
Vaartweg 52;1
Heikantsebaan;1
BUITENEINDE 23;1
Muurhuizen/Stovestraat;1
LANDSCHAPSBOS-SLUISVIERWEG;1
Midbuul;1
KETELMEERWEG, KAVEL E116;3
OUDE LEEMKOLK;1
MEEZENBROEK;2
VIERSTRAAT;1
RIJNSLOOT;3
SMAKTER VELD;1
Het Hof van Hillegom;1
"WIESELSCHE BOSCH ; WIESELSE WEG";1
"Voormalig AMK-terrein M10486: Polder Wijngaarden; Provinciale Weg";1
DE OUDE HOFSTEDE;1
VAN DER VLUGTPAD 6;1
BENNEVELDERVELD;12
DE KOMMEL;2
HARINGWEG, KAVEL M87/M88;1
Stuwpand Grave locatie 17;1
Kroostweg-Noord;3
"De Rondenborch; De Prangen";1
Voormalig AMK-terrein M12911: Noordzijde 21, 22;1
Aloysiuslocatie;1
Kottenseweg/Eelinkes;1
VREDEHOEVE;4
KOP VAN NOORD, SCHOUDERMANTEL;1
WESTERLAND;16
"Emergis; 's-Gravenpolderseweg";1
WIJNALDUM-DORP;2
KERKSINGEL;2
'S HEER HENDRIKSKINDEREN;1
Tolhuisweg;1
DEVELWEG 139;1
Busparkeerplaats;1
BOERDERIJ VAN W. DE JONG;1
HENNISDIJK;6
RONDWEG, DE GAARDE;1
HOOGE VENTERINK;1
ELZENHOF;1
HEMELRIJK;2
KORTBOSSEN NOORD;2
MIDDELBLOK;2
KAMPERSHOEK-LOCATIE C;1
Stichtsekant 1-R;2
Leendert Abrahampolder;1
Vijverhof (Valkhuis);1
Grondradarstation Seeadler;1
WOUDBLOEM;5
SCHAGCHELSTRAAT 39;1
Bleijenbeek;1
NOORDERHALTE;1
Blauwstraat 54-56;1
KAALHEIDE - KRICHELSTRAAT;1
De Stoep;2
Van Dijkhuizenstraat;1
HAVINGA'S REED II;1
Boompjes;1
ST. HUBERTUSMOLEN;1
Hams Veld;2
Hooghaler Binnenveld;1
AARDAPPELBEDRIJF;1
GOORZICHT;1
IJburg fase 2;1
STROOM ESCH;1
SLOT HAAMSTEDE;5
NESSE TIENDWEG;1
HOLLEWEG;4
Nyenrode;1
DORPSTRAAT HOEK LOOSTRAAT;1
C&A;1
Ruitersteeg 2;1
GROOTE BEEK;1
Sangersweg;1
OVERBOSCH;3
VINKHUIZEN;1
DE KUIL;2
VLIEDBERG;1
GRAFKELDER PLANT.W.III;1
"Schaapskooi ; Levendaalseweg ; Laarsenberg";2
VERLENGDE PARKWEG;3
HARTELDIJK;1
ZUIDELIJK VAN KEUTENBERG;2
Tussen Eerste Heulbrugstraat & achterstraat;1
"Onderstalstraat; Ruimzicht, voormalig AMK-terrein";1
Saterloseweg;1
KEIZERSWEI;1
FRANKESTRAAT 8 - 24 (C&A /DOOPSGEZ.KERK);1
ACHTERSTE PIPPERT;1
Vlakkeriet;1
Osstraat 2;1
Zuidhaffel 10;1
BOKKEBOSJE;4
KRANKHOEK;2
HOOGMEIEN;2
OOSTER ZEGVELD;1
ERICAWEG;1
FANNEWEG;1
NABIJ WOOLDER ESCH;1
ROL-project I, II en III;1
DE BEKKENHAAR;1
Klein Pasfort;1
WEESPERPLEIN;1
OOSTMOER;1
SIJMEN BLOK;1
OUD EMMELOORDERWEG, KAVEL J131;1
rivierenwijk;1
"VOERENSTRAAT; HEERENWEG";1
SIJBOLTSHEERD;1
Kapelstraat;8
SUVENEN;5
HOGE KAMP;5
JUNNERVLIER;1
"KAVEL M132; BURCHTBOS";1
MEEUWENSE STEEG;1
ZILVENSCHE HEIDE;1
Transportsysteem Lochem-Zutphen;1
A2-A79;1
Noordzee Petroleumbol 2 NCP Blok S5;1
LEEBRUG 1, SPOOR WESTZIJDE;2
NABIJ WINTERWEG;4
EXLOERWEG-WEST;4
HOFWONING T WOUDT;1
Perlstein;1
MOLLAAN 1 (SAXENBURG);1
BEEKSDIJK;1
SAS VAN GENT;1
REINTJESBOS;1
Bakelse Bossen (Straakven);1
H.C. DE JONGHWEG;3
OPSTALWEG 1;1
DE HOUK;1
"Borculoseweg; Baak";1
Zwaluwsestraat;1
Veen;1
MOLENHEIKE;1
WARWIJKSESTRAAT;1
HAVEZATHE HET WELEVELD;1
LOILSCHE VELD;1
GALECOPPERDIJK, ACHTER FRANS HALSHAGE;1
Milheeze Griendsvenstr., Gemert Gem.huis, Bakel Achter de Molen;1
DE RIJN;1
SINT ANTHONISWEIDE CRUCKELANDSWEIDE;1
VELDWEG;7
Roegoorn;1
SILVOLDE;4
STRANDPAAL 64G;1
"Voormalig AMK-terrein M10663 / CMA37E-095: Woudse Polder; Rijksweg";1
LEKERSTR. 71;1
BROEKSDIJK;1
Walik;1
ZUID POLSDEL;1
"BEUTENAKER WEG; WATEROP";1
NCP BLOK N7 1;1
BARGEN;17
TEN WESTEN VAN SCHOKLAND, SECTIE E;1
KERKAKKERSTRAAT;1
HORSTWEG;2
BRUGHOFWEG;5
meester van der heijdengroeve;1
Schutterspark;1
WESTZIJDE AANSCHOTERGAT;1
HUIS TE BLOTINGHE/HODENPIJL;1
OEVER OUDE MAASJE;5
ZES MORGEN;21
DE ELF AGGELEN;2
DUINWEG;6
NOORDZEE NCP BLOK P9;1
PALINGSTRAAT;1
Leidscheweg;1
KOEMARSENDRIFT;1
ZANDHEUVEL;1
IN DE HORSTEN;3
SCHOKKERRINGWEG, KAVEL P25;13
Haelen-Meidoornlaan 12;1
Haarsterweg;1
Hogelaan, Emmaplein, park bij Schiedamseweg;1
POLDER OUDELAND;1
Gravenweg;1
AAMSE PAD;1
WIJKERBROEK;1
Kloosterstraat 11;1
Terpen nesserwei;1
DOELMANHOEVE;1
KLEIPETTEN;4
NEDERWEERTERDIJK;2
Horsterzoomweg, voormalig AMK-terrein;1
BEVERWIJK;4
Vonderen;1
hoek Kormme Steenweg - Eikendreef;1
CHARLOTTEBURG;1
BURGWAL 95;1
BEVRIJDINGSSTRAAT;1
"DONDERBERG; voormalig AMK-terrein";1
OUDE BUSSUMMERWEG;1
Kortenoord;1
RUYSDAELPLEIN 40;1
SPAARNWOUDERSTRAAT 80;1
ROMEINSE WEG;2
HOLLANDSCHE VELD;1
"LANDGOED GENBROEK;";1
STATIONSTRAAT;4
ST. JANSSTRAAT-HOTEL KRASNAPOLSKY;1
Vijzelstraat 121-131;1
TER BORG;1
KUINREBURCHT I, KAVEL M131;1
HELLEGATSWEG;1
Camping Maaszicht;1
HOGE BOS;7
Leuvenumsche veld - Flevoweg;1
Rozendaalse Zand;1
kermisterrein Platvoetsdijk;1
BLAUWE SLUIS / HET GEWANDE;1
EMELAAR;1
KEMPKE HET;1
Van Genkstraat 6-8;1
Loenen Rijksstraatweg;1
ONDERWEG 29, 31;1
Onderdijks;2
overhoverenerheide;1
Ossewaard;1
TEN OOSTEN VAN DE KERK VAN SPIJK;1
T HAANTJE;1
Stammenderbos;2
Schippersvaartweg 21 (Nieuw Schimmelpenning);1
Kaapsche Bosschen, Voormalig AMK-terrein;1
STEVENTJESHOFPOLDER;1
Nieuwland Oost;3
"'t Hert-zuid; voormalig AMK-terrein";1
"DIERGAARDE; DIERGAARDSBOS";1
STUWDAM;4
Pastoor Jacobsstraat 12;1
NORGERHOLT 1;1
HIJKERVELD;4
groenloseweg;1
De Vijf Schelpen;1
DARTHEIDE;1
Bouwmansweg;1
LONNEKERMARKE;1
KAVEL P14;2
VAN HEEMSTRA-/HOGE WEG;1
NOORDSCHE VELD - NOORD;1
DE BERG;1
Martiniplantsoen;1
Akkemansbeek;1
BERGVOORT;1
ONLAND 6;1
Acaciastraat;1
HOOGHALER BINNENVELD;1
HET SUNTEN;3
NOORDZEE BRUINE BANK 4 NCP BLOK P7;1
OISTERWIJKSE BAAN;2
Haven 14-30, 52;1
Westergouwe;2
DE ROOS;1
OUD DIEMENERLAAN;1
RIJNSTRAAT 3-13/19-23;1
OUDE STAD;1
GRIFTDIJK I;2
Noord van Schrevenhofbroekje;1
HANZELIJN NIEUWE LAND;1
WIJKSTRAAT;1
Raard-Dorp;1
EPPEHOUTSWEG;1
Entre-Deux4.00;1
KAVEL E90;1
RBP 012;1
Palenweg, kavel E174;1
THABORKLOOSTER;1
ZUIVERINGSINSTALLATIE;5
Akker ten noorden van het dorpslint;1
OOST VLISTERDIJK 11;1
KLEINE FLUITERSWEG;1
WIESELSE WEG;1
SCHATSBORG;1
De Druppels;2
DE UITHOF;1
MAASTRICH-AACHEN AIRPORT;1
"Groenewoudseweg; Kavel P15";1
Grotemarkt Markthal;1
"Harenberg 1 ""De Kaardebol""";2
Vliegbasis Soesterberg;1
De Notel;1
Aardebolleweg;1
DREUMELSE BERG;1
REDEWEG, KAVEL P32;1
Hellebroek;1
BOSCHWIJK;1
Smithwijk;1
MARKT 9;1
QUADENOORD;31
NIEUWE LAAKWEG;1
Huize Malburg;1
LANGE KERKSTRAAT 50;2
Voorstraat 46;1
BURG.STRUBENWEG;1
"Locatex ; gemeentewerf";1
Voormalig AMK-terrein M13229;1
KLEINMEER;1
Bertus Leendersweg;1
Kosmoslaan;1
HOFSTAD, ZUIDGRENS, FIETSTUNNEL;1
A VAN HEUMENSTRAAT;1
OOSTERKAMP;2
VORSTHOF;1
BURGWAL 61;1
NABIJ KLEEFSE BEEK;1
GROEVEVELD;1
Dorpstraat;8
VEERSLOOT-RAZEND ZWIN;1
Servennen Straat;2
SPAARBEKKEN ANDIJK 1;1
KAVEL P35;1
DE TREEK;1
DE HOOGE AKKERS;1
Marickenzijde;1
Zuidmolenstraat 30;1
Egboetswater;1
LEEDIJK, LOERIK III, OOSTZIJDE SPOOR;1
"GRAVENSTRAAT; RAADHUISSTRAAT";1
LANGS GALGENKAMP;1
EDESCHE BOSCH;1
ROBBENOORDSE BOS;1
ESPELO;6
Plangebied Burchtgraafstraat;1
BERGSKE;2
Brouwhuis, Maaslaan;1
MAAS Empel 01;1
LIEVE VROUWESTRAAT;1
WESTERBROEKEN;2
Bennemeer;1
BOSPAD, KETELTOCHT, KAVEL N45;1
SCHIPSLOOTWEG;1
"SCHALKWIJK; POLDER BLOKHOVEN";1
MELICKERVEN;1
GOORVAN;1
HAARLEMMERSTRAAT, C&A TERREIN;1
"Voormalig AMK-terrein M4031 / CMA30D-004: Lozerlaan; De Uithof";1
Middelweggebied, deelgebied 1;1
LOEVESTRAAT 18;1
06.124 Surinamesingel 121;1
Odendael;1
Stroothuizen;1
ONDERWEG-KERKEIND;1
Koningsdijk;1
BNMO-centrum;2
OUDPOSTKANTOOR;1
SCHUTSWEG;1
DE LAAR - EENDEKOOI;1
Plangebied Varkenswei;1
MEENTWEG 15;1
HEIDENS ROT;1
D32C? - EXLOOERWEG;1
02.001 Westlandseweg (Oranjepark);1
SCHOTTERSWEG;5
"EDER HEIDE; KREELSE WEG";2
Broxven;1
PAARDENMARKT;3
DE BERK;6
BIERDIJKERVELD;1
TUIL;1
CADIER EN KEER;1
Coriopolis;1
HEIJEN;6
HEIJZENSE DIJK;1
BANHOLTERGRUBBE;2
DEN BURG;60
Laardereng. voormalig AMK-terrein;1
KADEMUUR WELLE ONDER DE LINDEN;1
TERKOIJEN;2
"LAARWEG ; HOOGE AKKERS";4
STATION STAATSSPOOR;1
MELKSTERSTRAAT-DE WELLE;1
Valkkogerweg 12;1
Kornwerderzand IJsselmeer;1
DIEZERSTRAAT 100;1
locatie 5;1
KRANENBROEK;10
GOESSEKEPOLDERE;1
OUDE WARANDA;1
Hoofdweg/Kloosterweg;1
JOHAN VAN OLDEBARNEVELDLAAN;1
VERDRONKEN RILLAND;2
DONKERE BEGIJNHOF;1
DE BURD;2
Fort St. Jacob;1
SCHELLUINEN;2
Strikberg;1
Friescheveen, Schipsloot;1
PEILMOLENWEG/ELZENWEG;1
aanleg N23 tussen Lelystad en Dronten;1
DE HAAR 2;1
NEDEREINDSESTRAAT;13
ELSENERVELD EN VEEN;1
Fietspad Wilgenweg;1
VILLA'S GOLFTERREIN;1
Harregat;1
VORTUMSE BERGEN;2
parkeerterreinen Bavo en IJsseland ziekenhuis;1
GRATHEM-URNENVELD;1
Rooise Zoom, Veghelseweg, Verwestraat, Sluitappel;1
"Loswal Cuijk; gebied 6000 jaarboek1";1
'S-GRAVENHOF;1
Veldhoenlaan (vervanging riool);1
Veld/ Akker;1
Hoofdstraat 116-124;1
Fluitenberg-Koeweide / Oude Diep - Oude Kene;1
NABIJ HET SEMINARIE;1
De Vlijt / Korte Hoogstraat;1
PLAGGEBERGFLAT;1
OP DEN BELT;2
beemden zuid;1
WAGENSTRAAT, BONAVENTURAKERK;1
DAALAKKERS;1
Zwaluwenburg (locatie 4);1
GAANDERSE WEG;1
BREKTUM;1
Bosgebied West;1
Stepekolk Oost;1
HERTOG ALBRECHTSTRAAT 402-410;1
IJZENDOORN-DORP;1
EMMERMADEN;2
kasteel Drieweck;1
TEMPSPLEIN, OPENB. LEESZAAL;1
"Boekweit-Oord ; Herenweg";1
KASTEEL TE ANDELST;1
Sterckwijk, vindplaats 1;1
Beamkamp/Heaburgen;1
Basse/Voshoek;1
HET HAAGJE;8
Buitendijk 4;1
Hendrikkade/Havenstraat;1
"POSTHUMUSTERREIN; HARLINGEN HAVENKWARTIER";1
"PUTTERBOSCH; POSTWEG/BOSRAND";3
WIJK-DORP;1
Zwarte bergweg 14;1
Hoogstraat 30;2
FRIESSE VELD;1
PEELSTRAAT;2
Esters Veld;3
RAFFAISENBANK;1
kasteel Walstein;1
Voormalig AMK-terrein M13244: Graaflandse Dijk;1
"Luycksberg; voormalig AMK-terrein";1
ERVE MEERDINK F5;1
BERG EN DALSEWEG;2
"HEKSENBERG; SCHRIEVERSHEIDE";1
kerk Oudendijk, Dorpsweg 24;1
BALK;1
RIPPOLDER;1
Sinoutskerkseweg;1
Amstenrood I;1
't Schuutske;2
Hekkelerdijk;1
ENGHUIZEN;2
Groote Veen;1
TWISK;29
Hema Peulenstraat;1
LEEUWENBRINK;1
DEN BURG WEST;1
VOERENDAAL-TEN HOVE;5
BROUWERSHAVEN;2
"FORT VECHTEN ; TERREIN 1A EN 1C";1
DE VIJFHUIS;1
BAHNEHEIDE;4
RIJPERWEG;1
NESSEDIJK;1
VOORSTRAAT 60;1
CAFE DE ARK-TUMULUS XIII;1
Torenbroek;1
Het Prieel;1
LANGS GROOTE DIEP;1
Ginnenkenstraat 117;1
Schijfse Baan 19 (bloemenveld 1);4
't Sloe;1
St. Jansheiken;1
"DE SCHANS; SPAANSE SCHANS";1
Dijckerwael;1
KLUTENWEG, KAVEL C102;2
KESSEL-DORP;1
MENSVOORTSCHE HEIDE;1
Markermeer Schellinkhout 1;1
SCHOONOUWENSE WEG 34;1
VERDRONKEN OORD;1
TEEFFELSE SLUIS;1
Peschstraat;1
Technopark Schoondijke;1
Grotestraat 371-373;1
SCHIETBAAN A RECHTS;1
Rietdijk 74a;1
Hollende Wagenweg;2
Zijdam 5-6;1
Noordbarger es I;1
BOOTSTRAAT 16;1
Voormalig AMK-terrein M15387 / CMA37G-060: Polder Nieuw Piershil;1
Beukenlaan;1
Bevermeer;1
KEETEN 7;1
POLDER DE BENNEMEER;1
PEESTERWEG-OOST;1
LOTTUM;1
VLAKE;3
OOSTERGOUW;3
DE BRUL;1
Polder Lange Meren;1
DE BOSCHPLAATS;1
Archeologische zone 10, Oostvlietpolder;1
Mildert VP1;1
"SCHAAPSKOOI ; MAASPOORT";1
VEULENSE WATERWEG;1
Plesmanplantsoen;1
MUNNIKERWEG;1
Cuneraweg 362;1
VALBURG-MOLENHOEKPLEIN;1
WOERDJE T/O VAN DE OSSENWAARD;1
Wetsingerzijl;1
BIJ DE MOLENWIEL;1
Pothstraat 15;1
Cortenbach;2
Anderense weg;2
Stationsweg, Cuneraschool;1
Woordsesteeg (ong.);1
WINTERDIJK 15;1
RUTTENS HOFSTEDE;1
FOPPENPOLDER 012;1
Kastanjelaan te Roermond;1
Hoflaan;1
ZUIDERPOLDER (NOORD-OOST);1
CZAAR PETERSTRAAT;1
De Geer;3
"AAN DE BELBOOM; BOVENSTE HEIDEWEG";1
DE LUTHER;2
RIEMSDIJKSTRAAT;1
Abrikoosstraat;1
Grote Houtstraat 99 / Klein Heiligland 16;1
Surein;2
KAVEL P36;1
ZEVENTIEN HECTAREN;6
Kessels Broek;1
DE GOUW;5
MALTHA;3
CORIOVALLUMSTRAAT / VERVERSTRAAT;1
Deerzum;1
KAAISTRAAT;1
HALSCHE BEEMDEN;1
TRAAY, HEUVEL 5;1
WEIVER;1
WATERSTRAAT 1984;1
UILENKASTEEL;1
HONSDIJKSE POLDER;2
TUINDORP NOORD;1
BURGVELD;1
Infiltratiebekken;1
Gemma Hoeve;1
Holterweg;1
"Centrum; Burchtlaan";1
DE DUIZEND;1
HEILOOER BOS;1
Wezel;1
LEROPPERVELD / PERCEEL THEUNISSEN;1
Singel (dorp);1
Jan Smulderslaan 24;1
Voorthuizen-Noord;6
HOLWIERDE;2
MELKWEIDE;2
KLAVERWEG;1
Voormalig AMK-terrein M10723 / CMA44A-003: Eerste Kruisweg;1
De Fruittuinen;1
"Zuidermeerdijk; Kavel E114";1
BUTTERWEIDE;1
Plangebied Heegderweg-Aardhuisweg;1
Minister Nelissenstraat 27-31;1
KESSELSE WAARDEN / MAAS LITH 1;1
WYCHEN NADER ONBEKEND;1
Rug van Elderik;2
"Zuideiljk Benedeneiland; Benedeneind zuidzijde; voormalig AMK-terrein";1
Bessemoerstrook;1
HAFKAMPER ENK;1
"Bergsebaan; Markkanaal";1
IJsselstrand;1
'T PASJE;1
BAKHEI;3
OOSTVOORTSE DIEP-OOST;1
KELDERWEG;1
De Scheifelaar, Keurlings;2
GOUWBERG;1
Bedrijventerrein Leehove;1
BARONIESTAL;2
WOORTMANSLAAN;2
KABOUTERSBERG;4
Herinrichtingsgebied Wellerwaard;3
Westmeep 4;1
Kloostercomplex Mariaweide;1
"Steenakker; Voormalig AMK-terrein";1
WESTERMEERWEG, KAVEL C12;1
KERKENAKKERS IV;1
Olieveld Schoonebeek;2
BOSRANDWEG;1
RIJNSTRAAT;2
Moleneind 14;1
TERP ELENS;1
Wetteneind;1
Molenbaan;5
"ERMELO ZUID; RETIEFSTRAAT";4
Industriegebied;1
Voorpoort;1
Patronaatstraat;1
De Circumvallatielinie;1
Franse akker 9;1
HAMTOREN;1
DE PAN;3
Matenasche Scheidkade;1
Veestraatpoort, Veestraatbrug;1
Loodholseweg;4
Lange Heide;1
KUINDERBURCT I, KAVEL M131;1
Paus Joanneslaan;1
Kudelstaartseweg 295 en 297;1
Naastenbest;3
SCHELKENSBEEK;3
HOLLE BOL;3
OLMENVELD;2
Oudehaske, Julianastraat 3;1
Boerderij Steenplaats, voormalig AMK terrein 6776;1
OOSTERVOORTSCHE DIEP-NOORD;3
De Solbarg;1
Rhenen- Remmerden;1
AWTL (afvalwatertransportleiding) Noordwijk-Noordwijkerhout;1
aboomsestraat ( vindplaats 2);1
GENNEPERHUIS;4
Zuiderveld;8
Ruwenbergstraat;1
Dorpsstraat 512/514;1
't Hart;1
Smidswei 6 + Parkeerterrein;1
HOGE HOF (DE WOERD);1
BADHUISWEG ST.-WILLIBRORDKAPEL;1
DELDENERBROEK;1
Heideweg;2
Provinciale weg;5
Heesbeen;1
OOSTERLAAK;4
Oude Woerdlaan;1
GRIFTDIJK II;1
ZIJPSCHE BOS;2
HUNSELDERDIJK;1
CORNELIS KUINWEG;1
DE HOGE BURGT;1
Zuidpolder, voormalig AMK terrein 6587;1
De Beljaart;1
BURG. TEN HOLTEWEG;3
ZIETHOVER HOEK;2
Oosterstraat;1
GROEDE;1
Polder Noordwaard;1
STIEROP;2
GRAVESTRAAT HENDRIKSTRAAT;1
SCHOOL;3
KAMPERZANDWEG, KAVEL P60;1
WITHAREN;1
HUIS TE HAERST;2
CRAAILO;1
EIKENPEEL;8
KERKENKAMPJE;1
LEIDSE BROODFABRIEK 'T ANKER;1
SCHOONEBEEKREVELD;1
MOMMENRYTHE;1
Henri Dunantweg;1
Voormalig monument nr. 6440, CMA-nr. 38C-028;1
"Voormalig AMK-terrein M10500/CMA38D-039: Polder Liesveld; Peppelweg";1
De Vente;2
BOMENTOCHT, KAVEL O29;1
HELLEGATSESTRAAT;1
N.W. VAN HET BOSHUIS;1
KOORNWAARD;6
HUIS HODENPIJL;2
KWEKERIJ FAASSEN HEKKENS;1
Meterikse veld;1
ONTSTWEDDE;1
DE KIEK;1
BAARLO;3
Brouwersstraat;1
"BATAUWEG ; ACHILLESBURG ; HERMESBURG";1
P SIMONSHAVEN;1
WIJFFELTERBROEKWEG;1
De Zanderij;1
RAESFELT;1
Schipluiden;1
Stichts End 103;1
HALVE MAAN;1
GRENSKANTOOR;1
T' WESTEN;1
MEKKELHORST;5
ASSENDELVER POLDERS-SITE F (I-VI);1
GEMEENELANDSWEG;1
"Banterweg; Kavel G29";1
POLDER LIESVELD;1
Brunssumerweg;2
Golfclub Groendael;2
BOVENEIND;1
ZUIDLAARDERWEG-NOORD;1
Het Hoogveld: Hoolhuis;1
TUIN BRINK 2;1
ZUIDES;5
GELDERSCHE DIJK;1
Kleinheide;4
Wijdsloot-Grootslagweg;1
Lange Bisschopstraat 1;1
HOFSTEDE OP DE BIJVANCK;1
De Ruck;17
SWEIKHUIZEN STAMMERBOS;1
De Dennen;1
WIJLER;3
DE EZELSBELT;1
WOONWAGENKAMP OOST;2
EVERSE;1
Noordverbinding Binnenbedijkte Maas, Vlietproject Hoekse Waard;1
KALKWIJKSTERDIEP;2
Vogelenzang 5;1
De Zanderij - Westerbaan;1
HAZEBERGH (BIJ DOMINICANENKLOOSTER);1
HET DOORNSE GAT, DE DIEPWEL;1
VALTHERBOSCH-OOST/KAMPERESCHJE;1
"HEEMSTEDERWEG ; CASTRICUMMER POLDER";1
Schijndelseweg;4
SCHAGCHELSTRAAT;2
WEIWERD;1
NIEUW ALBLAS;2
ROLDER MOLENKAMP-ZUID;1
HOEK VAN VOORSCHOTENLN-WAALSDORPERWEG;1
'T HOOGJE - HUIS TER BORGH;1
HOECHST;1
Achter Dammekant 16;1
ACHTERSCHAIJK;1
De Doelen;1
MANNEZEESCHE WATERGANG;1
Onze Lieve Vrouwedijk;1
ZOUTKAMPEN;3
KUINDERWEG;1
ZANDENBURG;2
STEGERVELD (COEVORDERWEG 25);1
Lindenberg;2
Veenpark-Bladderswijk;1
"POLDER KRUININGEN; DONKERE WEG";1
Dorpsstraat 62-64;1
LAGESTRAAT 12;2
Mineurplein;1
GASTERENSE WEG-NOORD;1
TABAKSWEG, KERK;1
BEATRIXHOF;1
GROOT WITSEM;1
De Weijer, hoek Veenderweg-Hogeweg;1
Kortehoevenseweg;1
Deurningse Es;1
VOORWEG 109;1
'T FRUSSELT;1
Rijksweg 262;1
"Kromwijkerpoort; Havenstraat";1
"Voormalig AMK-terrein M9455: Zuiderhuizen; Holierhoeksepolder";1
NES-HOEP;1
autoweg Assen-Veendam, Hilligmeer;1
Achterdijk (terrein van Van Moorsel);1
TONCKENSBOS 23;1
Zeestraat;1
weg Loon-Gasteren;3
"ST.WILLIBRORDUSPUT; DE VIER WINDEN";1
WEYVERWEG;1
Kerklaan 2;1
Nes-Hoep;2
VORMTWEG, D118;1
GEESTMERAMBACHT - HUISWAARD;1
BETUWESTRAND;1
"Breeweg; 't Hof Dorpszicht";1
"SERISBEEMDEN ; ESDONK";1
KEULSE BAAN;2
WIJZENDTOCHT;1
Doodweg;1
AANSCHOT;4
OUDE RAADHUIS KERKSTR. 54;1
OLDENHOF;5
tussen Spittaalderkamp en de Van Hallstraat;1
"VLOEIEIND; DE BRAAK; DE BAAK";1
PUIFLIJK-DE SINGEL;1
DE KAPPERSBERG;1
Bijlbroek;2
BEKKEZIJDE ERVE WENNEGER;1
ST JANSSTRAAT;1
KOUSTEENSEDIJK-BELASTINGKANTOOR;1
SCHOTERWEG, KAVEL L62;1
Grote Abbelaar;1
BLEEKE HEIDE;2
Overaseweg BadL2;1
NABIJ KRUISING KOOIDIJK/WELMERSWEG;1
BEDELAAR;6
Molenakkerstraat;1
Nieuw Dijk;1
Hoog Heukelom;1
Asingahof;1
Buitenstraat;2
Joghtlust;2
DUIFPOLDER 05;1
"Casteleynsweg; Kavel M20";1
MOERGESTEL;1
FRANSUMMERVOORWERK;1
OUDHUIJZERWEG;1
ACHTER DEN HAAG;2
Skoatterwald;1
OOSTMEEP;2
HEUVEL 8;1
Recht van ter Leede 14;1
"AUTOWEG ; DE PLANTAGE";1
Haarsterveld, Haarsterree;1
"De Helling ; Achterbergsestraatweg";1
DE OUDE PIJP;1
GROOTE VENNEN;2
Eelink Es;1
Stationstraat/Westerweg;1
BURG. DE WITHSTRAAT HOEK TUINSTRAAT;1
DE POTTUM;4
Gansooien I;1
Lageweg, Kerkstraat en Zuinigstraat;1
Damsluisweg 12;1
"VALLEIKANAAL ; GRIFT";1
DE POEL- HEINKENSZAND;1
NOORDZEE NCP BLOK P15 5;1
BARNEVELDSCHE BEEK/EMELAARSE WEG;2
Rodenrijseweg 104;1
Kluiten Zuid;1
UYLENBURGERGRACHT;1
BOCHT IJSSELSTEINSEWEG;1
HAMBROEK;1
4I_1 Homeruskwartier voorheen;1
ELLERT EN BRAMMERT;1
Steinweg;1
TEN ARLO;3
ZUID-OOST WAL;1
LEEUWENBRUGCOMPLEX;1
A. Joachimikade;1
Ruiterspoor;1
LUTJELAND;4
AFFERDENSCHE EN DEESTSCHE WAARDEN;1
De Trije Terpen;1
BENNEVELDER VELD;8
"HUINERVELD; KOLTHORNSEWEG";1
HONDEGEMSWEG;1
Thijlingerhof 4;1
De Wilmert;1
03.023 Lyceumlaan;1
weg Munstergeleen;1
OP DE LEUES;1
De Kleine Elft;2
GAPINGE KURGRONJEWEG;1
HANTERT;3
DAMSTRAAT 27;1
"Wijzend, bij afgebrande veiling ""de Eendracht""";1
HUNERBERG I;1
03.013 Kethelweg 66 (nu 110);1
HET WIJDSCHILD;2
RUG VAN ILPENDAM;1
WEG BORGER-BUINERVEEN;1
Asschepoort, Korte en Lange Bellingstraat, Princebolwerk;1
kavel M131;1
Papeschorpolder;1
GROENENDAALSE WEG;5
Thornse molen;1
Dijk 2-4;1
VLIELANDERBALG III;1
CAMPING ZONNETIJ;2
NIJLANDSEVELD 4;1
Kerk van Engelbert;1
kasteel te Opwetten;1
HOOGKAMP;2
De Nieuwe Bierkaai;2
Prins Alexanderpolder III;1
Wiksdorp;1
VROUWENHUISWAARD-KERKEIND;1
De Kelperhoeve;2
LAKEWEG;1
ANE;9
BREESTRAAT-KAKELAARSSTEEG-RIJNLAND;1
ELSTERBERG;51
ZANDWIJK;1
'S-GRAVENWEG;1
DE SCHORF;1
HEERESTRAAT-KRUISSTRAAT;1
MUNNEKENS VINKEL;2
NIEUWE BOOGAARDSTRAAT;1
Noordhoek;1
Binnenhof;2
HOOGDIJK/TIENDWEG;1
Zuid-Oerle;1
Swier;2
'T BROODVEN;1
bedrijventerrein Leersum;1
Scholtensweg;1
VOORM. H.B.S.;1
HEIERHOEVE;2
SCHAAR VAN COLIJNSPLAAT 3;1
MARKT BIJ DE WAAG;1
Scherpenering;1
Eekelhof;1
D24-ZUIDWEST;1
JULIANASTRAAT;7
ELANDWEG, KAVEL J9;1
Beukerstraat 45;1
Berkterrein;1
STAARTWEG, KAVEL D122;1
"Houtweg; Rijksweg";2
Gasleidingaanleg Oude Statenzijl-Midwolda;2
Cloppenwaard;1
OF Dijkvak 2;1
Mr. Berninkstraat 8;1
CUIJKSE STEEG;2
CASINO-COMPLEX;1
"Hertenrugweg; Kavel T57";1
DE PLOEN;4
VIERDE DIJK;1
APEDIJK;6
Vroonacker;1
WESTLAREN;1
"LAAT 217-219 ; JOSEPHSCHOOL";1
Infiltratiebos (schapenbos) te Zeddam;1
Regina Mundi;1
"Wieselsche Bos-NW; Wieselse weg";1
Voormalig AMK-terrein M9482 / CMA37E-090: Zuidpolder van Delfgauw;1
POLDER LANG-SCHEIWIJK, HAARWEG;1
Langs het lint van Oosterleek;1
CHRISTINASTRAAT;19
LANGS JULIANAKANAAL;1
VIJFTIG BUNDER;1
Aan Reijans;9
WAALWEG 39;1
RAMPENBOSCH;2
"HOGE GEEST; BISSCHOPSWEID";1
HUGO DE GROOTSTRAAT;1
STENEKAMERSEWEG;1
NEDERBOEICOPPERWETERING;1
GROOT BOEVINK;4
NABIJ ABDIJ LILBOSCH;2
GROTE WOID;2
Broersveld 99 t/m 109 'DE JOKER';1
Cruyshoevelaan;1
Drentse Aa, Tolhuisweg, gem. Aa en Hunze;1
NH KERK NICOLAIKERK;1
Maycretewoningen;1
VLEDDERHUIZEN 5;1
HOOGSTRAAT III;2
KERKHOF-KERKSTEEG;1
spoorlijn Assen-Beilen, Paradijsweg;1
KLEINE VEN;2
OUD ZEVENAARSEWEG;5
15.13 FOPPENPOLDER;1
Korendijk;1
NABIJ DOOFSTOMMENINSTITUUT;1
Leekstermeer;1
Doort;13
Woordsesteeg 13;1
VAGENBOSWEG;1
Aetsveldsche polder;1
WIELWEG;2
De Vliegert;2
ZEGVELDSE  KADE;1
GARIJP WARTENA;1
Fikkersdries;2
HAALDEREN;1
BIESUM;1
Viataal;1
AKKER BIJ DE EEM;1
Het Mastler;1
Taxandriaweg;1
HET EIND;1
Tankstation;1
Burghtstraat;1
Garage Kwaaitaal/Koestraat;1
DIJKEINDE;1
watergang Vijf Schelpen;1
Rotterdam Laurenshof;1
MENNEWEER;1
GEMEENSCHAPSHUIS;3
MUNSTERKERK;1
"KASTEEL STRIJTHAGEN;";1
VENNEBULTEN;6
Zandpoort 24;1
TALUD ROSSUMER ESCH;2
LIEVERDER NIJLAND;2
Grote Markt Oostzijde;2
De Verbinding (Busremise);1
OUD LEUSDEN;2
(Her)inrichtingslocaties Egmond-Binnen;1
AKKER TEN N A15/TEN Z LINGEHOEVE.;1
REUNE;1
"Buitenring; Kavel C29";1
DE PASTORIJ OF DOMINEESHOF;1
HUNNERPARK;1
LICHTMIS, BAGGERGAT;1
van den Endelaan/Hoofdstraat t.h.v. Margarethaflat;1
OUD-ALBLAS-WEST;1
HOFGEEST;5
"Boulevard Evertsen; Kenau Hasselaarstraat";1
"DE RIJP ; DE GROOTE MOL";1
STOKKUM GRENSPAAL 700;1
Scheebroeker loopje;1
KERKHOF NED.HERV. GEMEENTE;1
LOOLAAN;5
BRINKMANN-COMPLEX-GROTE MARKT 9-15;2
Oranjesingel 55;1
"HENKENSHAGEN; HENCKENSHAGE";1
Biestsestraat;1
WESTERPOLDER;2
KADIJK-ESDOORNLAAN;1
D 30;1
ORANJEPOLDER;4
DRIESWEG;2
ST.-SALVATORKAPEL;1
VERKLIKKERDUINEN;3
MELENBORG;8
TEISTERBANT;2
CAMPING HET HEEM;1
WESTERBEEK;1
Bandert;2
ROKIN;1
RIJKSWEG SNEEK-LEMMER;1
ACHTER DE HOEVEN;1
KOOLTUIN;1
Molenwei;1
VORMWEG, KAVEL D102;1
"ZUILENSTEINSCHE BOSCH; DE BLAASBLAG";1
"Ketelweg; Kavel N6";1
ELSENER VELD;8
EEMSTRAAT-VOORM.KLOOSTER MARIENBERG;1
De Oude Burcht;1
PADDEPOEL III;2
PLAAT VAN OUDE TONGE;1
Hoogerhorsterweg 1;1
01.043 Kortedijk 104;1
Westeindsche Landen;1
KASTEEL WERKEREN;1
"GORTELSCHE BOSCH ; BEUKHEGGEWEG";6
DE PALS;4
'T HEMELRIJK;2
Enge Kapelsteeg;1
Leeuwarderweg 8;1
16.61 AALKEET BUITENPOLDER;1
Vathorst VIII- wegetrace Duisterweg - Calveense weg;1
SPINBERG;1
COTHEN;13
HUIZE DOORN;2
KERKSTR.;1
ARENDSWEG GALGENWEG;1
TONCKENSBOS 22;1
Bos en Broek;3
ST ODILIENBERG;3
"DROSTEWEG; SCHOVENHORST";2
BOKT;1
VEILINGROUTE-HARTEVELDLAAN;1
DE PARADE/KEULSE POORT;1
Herstraat (perceel 04);1
WAARDPOLDER 2-WAARDKANAAL;1
Lievenheersteeg;1
DIJKSCHE HEIDE;1
CADZAND;1
DE OOIGRAAF WOERDJES;1
PASSAGE;1
AMK-terrein 8623 en 9605 (bij het Eppies Bergje);1
BIESHORST;1
NIEUW WOLFSLAAR;1
LUNTERSHOEK;1
VLAGTWEDDER VELDHUIS;2
KAVEL L31;3
HET HOFKE EN DE TOREN;1
OOST-SOUBURG VLUCHTENBURG;1
"BURCHTRUINE; KASTEELBERG";1
POLDER NOORD KETHEL 21;1
Kavel G64;1
EVENEMENTENTERREIN-BASTION;1
Polder den Ham;1
Vogeltjesland;7
NIEUWE BROUWERSTRAAT;1
OVERMARS;1
Dorpsstraat 310;1
Reynalda;1
"OTTERLOSE WEG/RIJKSWEG A1;CANTHAREL";1
SNODENHOEK;1
KUIPERSTRAAT;2
D47-HASELACKERS;1
Halderse akkers;2
DE ENGK;3
PASTOORSTRAAT;1
BERKELLANDEN;1
In Goede Aarde;1
STEIJLERSTRAAT;1
VOGELSHOF;1
Verkabeling hoogspanningskabels;1
Surfpad;2
Kerkakkerstraat;1
Berkenakker;2
VINKEPOLDER;20
AARDSBROEK;3
"Voormalig AMK-terrein M9138 / CMA28H-A13: Bornse Dijk; Jodnmoat";1
BIJ LANGVEN;2
HEUVEL109;1
"Kavel Q106; Het Spijk III";1
Op de Vos;1
Santheuvel-de Loo;1
Kogelbergsveen;1
Beverwaardseweg;1
Westdijk 100;1
Scharmer;2
Dragonder;1
"OVERBRUG ; STRIJP";3
PLAGGENBORG;1
SYTTINGA STATE;1
ALBERGEN;10
Kerkendijk;1
LEURSE VELD;1
BERGHUIS;2
Woudhoeve;2
HARGPOLDER;37
BINNENPAS;1
Vletweide;1
STEENKUIL;1
LANGBROEK;2
OUDE TWENTSE WEG;1
Janke Dobbe, De Skieding, Strandheem;1
West Voorstraat;1
Zutphensestraatweg;1
Knoppersweg;2
STERKAKKER;1
Hoogeindsestraat - Zandstraat - Montgomerystraat (Groenkwartier);1
Hof van Waps;1
Noorderbolwerk;1
Hartweg;1
Brunssumerweg T6-1;1
Voormalig AMK-terrein M13243 / CMA16G-A04: Hier is 't Einde;1
KAVEL B544;1
Wijkpark;2
Voormalige AMK-terrein: De Waerd;1
Razende Bol 1;1
Bilderberglaan;2
KASTANJELAAN;1
Bij het kerkje;1
BRAMMELO;2
HUIS TER WEGEN;1
Kranenbroek, Diepenbroek, Papenvoortse Loop;1
NABIJ LANDGOED DE ENG;1
ZWARTE BERG;5
WESTELIJK V.BEMELERWEG;1
HOENDERLOOSCHE BOSCH;10
STANDBEELD GEN. DE WIT;1
DE OUDE HEERSWEG;1
NOORDERKWELWEG 27;1
GROAVEBERG;1
"Zwaardvegersdreef; Ooftmengersdreef";1
MAVO EIBERGEN (DORP);1
Oud-Cromstrijensdijk Westzijde;1
Voormalig AMK-terrein M10311 / CMA37C-006: Schapengorse Dijk;1
Overdiepse polder;8
Nieuwe Keverdijksche Polder;1
LENTSE BAAN;1
Beekerveld;3
SCHANSSCHE BLOK;2
KLOOSTERVELD;1
"KLEEFSESTRAAT ; HET HOOG";1
MIDDELBROEKWEG;8
HAELER BROEK;1
RAADHUISSTR/KERKSTR/TONGERLOOPLEIN;1
VREDENBURGWEG-ROS;1
L ABTWOUDSCHE POLDER 03;1
"DE HOOIDONK; HOOYDONCK; AGNESHOEVE";1
"DE PAS ; EEKHOORNPAD";2
ENTER;16
Lijendijk- Zuid;1
GROOT HEL;1
EVERLOSE BEEK;3
GROTE MARKT (BIJ VISHAL);1
kasteel Riviere;3
Peeleik 29;1
BLICKSTEYN;1
ZIJTAARTSE HOEF;1
Rotterdam Forum Coolsingel;1
Noorderstraat;2
KASTEEL SOELEN;1
Bogasterrein II;1
ZALK;1
KLOOSTER SIBCULO;1
Sportvelden, fase 1;1
Grote Weel;6
Nieuwenhof/Vogelenzang;1
"Voormalig AMK terrein; Polder het Grootslag";2
Piazza;1
Waalse Weg/Waalsche Wetering/Voorzorg/Voormalig AMK-terrein 11497;1
APPELTERN-DORP;1
Rijksweg 4;3
GRIFTWEG;2
Parnassia;7
KROCHT;1
KAVEL M11;5
Voormalig AMK-terrein M10446: Rijksweg A27;1
Westerpark-Steenakker;1
DE WIEL;1
05.009 Broekpolderweg (Kooiweg);1
KAMP RODANBORG;1
Beusichemseweg, spoorwegovergang;1
"HAAKSBERGSE BINNENWEG; SLEMP";1
Kanaalstraat OZ Silo 47;1
"N.H.KERK; H.LAMBERTUSKERK";1
SIMONSHOVENSE POLDER;1
Graafsche Dijk;2
GRAFVEN;1
Hunselerdijk 1;1
Karthuizerpolder;1
PANHEELDERWEG;3
KLOKKEWAAY;2
GERICHTSBERG DUITSE BOS;1
Riolering Barneveld-Kootwijkerbroek;3
veld;1
Hogebruggestraat;1
Scheiweg;1
Voorstadslaan 92 t/m 96;1
BETJE WOLFFPLEIN;1
RUIMSLOOT-OOST;1
ABRAHAM DOUGLASLAAN 1;1
Culemborg Rietveld;1
SPIKWEIEN;1
Roolman;2
OOSTERSTRAND DOMBURG;1
Nemerlaer, Posthoornseweg;2
Bosperceel Schatkuilsestraat;1
Polder Zuidzijde;2
Dillenburgstraat;1
Eksosche Aa;2
LAGE WIJST;3
springweg;1
de Woest;2
"NEDEREINDSESTRAAT ; JOHANNA'S HOF";2
NIEUWE KERKSPLEIN;1
BREESTRAAT 59;1
KLEIN VELDHUIS;1
Wijbosch;4
KLEINE VOORT;2
Norremeerstraat;1
HARDERWIJKER KARWEG;2
SCHOKLAND, KAVEL P33/P34;1
DE BINCKHORST;1
MAARNSE BERG;3
Huis de Marsch, Hofweg-Hoveniersweg;1
"WIESELSE WEG ; PRINS HENDRIKPARK";2
"WEZEL ; HET GOOR I";1
Picardie/Centrum Centraal;1
Oosterholt-Noord;1
LIESVELD / KUIPERSTRAAT, voormalig AMK-terrein;1
UITBREIDINGSPLAN DUIVENAKKER;1
Tussen Molenstraat en Peperstraat ten zuiden vd kerk;1
PASTORIEWEG NAAST NR 17;1
Romienendiek 2a;2
Kerkweg;9
GORTSTEEG;1
BOERSTERWEG;1
Circul van Ooy;1
VREEBURG;1
KOPPENHOEK;4
TRAAY, HEUVEL 6;2
LANGMAAT;1
HOOFDSTRAAT 60/62;1
SNELLEVELD;12
@;1
Skipsleat;1
Hagenpark;1
WIT HOLLANDSVEN;1
"Oude Emmeloorderweg; Kavel J129";1
Fort Uitermeer;1
ELSPEET-NOORD;1
Phytonova;1
Spanbroekerweg 116;2
DE HOOGE WERF;1
DE GROTE SMIJT;5
Glinstrastate;1
Mesthoek (bloemenveld 2);7
RESSELBRAKEN;2
WILLEM ALEXANDERSTRAAT;4
WENDELGOOR;1
CHRISTELIJK GEREFORMEERDE KERK;1
NEERWOLDSTRAAT;2
DE UILENKAMP;1
WOUDHOEK;1
SCHIPPERSINTERNAAT;1
KENAUPARK (PLANTSOEN);1
KASTEEL BIJSSEL;1
Canadaplein Cult. Centrum;1
BONNERVEEN;13
Klooster Bijsterveld;1
SPOORTUNNEL METRO BLAAK-NIEUWE MAAS;1
VEENHUIZIGERDIJK;1
VRESSELSE WEG;1
Camping 'Soerendonk';1
LANGERWEG;1
HEEMSKERKER NOORDBROEKPOLDER (VINDPLAATS 6);1
Sint Theunis sportpark;1
NOORDZEE DEURLOO 1 NCP BLOK S7;1
Hulsfort;3
NARCISLAAN HELIOTROOPLAAN;1
Hoge Meet;1
UITERWAARD, VEERWEG;1
locatie 17;1
OEL DIEK;1
AKKERWEG;2
Hanenstraat;5
SPOORWEG;1
ijsselweg 5;1
ALG BEGRAAFPLAATS;1
BOVENKERKSE WEG 41;1
Schellekensberg;3
Heiligenberg;3
DE DOMPE;1
Achtereindsestraat;1
"PROVINCIALE WEG ; DE LINGEHOEVE";1
NAGELERWEG, KAVEL J64;1
Bosbroekse Weg;1
HUIS SINGRAVEN;1
GORTELSCHE HEIDE;2
Aan de Grave;2
"GRENSWEG; LEEMDIJK";1
BIJ D19 EN D20;1
EINDWEG 3;2
KORTE GEERE;4
BIJ ERVE OONK;2
KEULSEBAAN;1
Nieuwstad 9;1
KERKSTRAAT 19;1
Berghuizerweg 9;1
Molensloot;4
ZENDEREN;2
BORNSE BEEK;2
HOOGE MARS;1
KOEKELENBERGSCHE TIEND;4
"Voormalig AMK-terrein M9463 / CMA37E-072: Vlaardingervaart; Broekkade";1
Handwijzerstraat;1
HAELENSCHE BROEK;5
WIJDE RIJN NOORDWEST;1
Pieterskerkhof;1
Achterbos;1
DE BEELE;1
GELPENBERG-OOST/WACHTHOORNS;1
KROKADELLA;1
GROOT DORREGEEST;1
LOOVEN;1
07.091 James Wattweg;1
GROOT WETSINGE;1
Traverse noordzijde;1
BERGSCHE HEIDE;2
HAVEZATHE ENTINGE;1
Grote Houtstraat;1
HOOG MEEUWEN;1
"Scherpbier; Welgelegen; voormalig AMK-terrein";1
Oude Veerseweg;6
Groenlo;1
WIijststraat;1
Overschiesestraat;2
Hushoverweg;1
BLANKENBORG;1
Prins Hendrikweg;1
05.029 Broekpolderweg;1
De Herkenberg;1
"Heereind; Karstraat langs Goorloop";1
DE BLAUWE STEEN;1
WINTERDIJK 17;1
GODLINZERWEG;1
"HET SCHAAR ; DE GERSTKAMP";1
DE DIKKENBERG;1
DE GROTE WUUST;3
Bruynssteeg 6-8-10;1
TURFAKKERS;1
Anloo-Gasteren;1
POSBERG;6
PORTUGAL;1
Kaapduinseweg/Verlengde Dishoekseweg;1
DUBBELSTEYNLAAN-WEST/M.O.K.VELD;1
Kasteel, Huis te Waarden;1
Terneuzensestraat;1
Waterstraat;3
COELHORST;1
KLEIN AMSTERDAM;5
Stevenspark;2
het hof te tongelre;1
Looperskapelle-West;1
RBP 023;1
"Kasteel Dommelrode; De Bocht; De Boocht";1
KLINKENBERGER POLDER;2
Bakenbos;1
TUSSCHEN DE STEGEN;1
GRENSKANTOOR-ZUID;1
OOSTRUMSE HEIDE;1
MARKT 7;1
Schoolkamp;1
VILDERSVEEN;1
coninckstraat;1
Rivierduin Boons;1
Grondwal;1
Rijksweg 57, vindplaats 6 Veere Petersburg;1
BOCHOLTZERHEIDE;1
SOLBERG 2;2
Over Oudland;1
De Dinge;1
GRAVENSTRAAT-VARKENSMARKT;1
PASTORIE, GROENENDAAL;1
SCHOOLWEG;4
Venhuizen-Westerbuurt-II;1
MONTFORT;6
"VONDELLAAN ; 'T SCHILT";1
VALTHERVEEN;1
Muurhuizen 26;1
05.035 Broekpad;1
GASTSTRAAT;2
EMMERVELD 1;1
Lage Dijk West;2
DE AALSTEN;1
Dorpsstraat 22;2
HUIS DE WIERSSE;5
HINDERSTEYN;1
"KOZAKKENWEG; JULIANALAAN";1
UITGEESTERBROEKPOLDER-NEDERZ. 54;1
Op de put;1
KRANEBRAKEN;2
LIEMPDERWEG;1
LIMMERDAM;1
"Stationsweg ; Herenstraat";1
Blixembosch-Noordoost;1
ZIJLSTRAAT 61;1
RUSKENSLAT;1
ZACHARIASPOLDER;1
"LAARSCHE BERG/LAARSE BERG; LEVENDAAL";1
GROENINGSCHE BERGEN;4
VELSERBEEK;1
ZENDERSE WEG;1
VELD VAN PIEPERIJ;1
WAALSE WEG 3;1
Wier;2
D. Koddelaan;1
RUYSDAELPLEIN;1
"PLAN BATAU; POLDER NEDEREIND";1
Tholseinde 01;1
Groot Huisven;1
IJSSELSTRAAT 43;1
GROENENDAAL/KIPSTRAAT;1
06.119 Hoogstad 601;1
"TER EEM ; OCRIET-EILAND";1
Kapelstraat / Jonathanstraat Ophemert;1
Castilielaan;3
Ellecomsedijk;1
DEN AUWEN HOF;1
KLOOSTER ONZE LIEVE VROUWEBERG;1
AARDGASSTATION-OOST;2
Woudseweg (N223);1
DE BLAKT;3
NOTWEG (VINDPLAATS 27);1
It Langfal;1
krichelberg;1
Paterslaan;1
ELST;3
KAMPAKKKERS;1
NIEUWE GROENMARKT 51;2
Croylaan;1
De Kuiper;1
Gedemptegracht 39-85;1
BINNENSTAD TERBORG;3
Vindplaats 7 en 10;1
BLIJDENSTEIN;1
Philipsterrein;1
BOSWACHTERIJ HOOGHALEN;1
Hindeloopen 3;1
AALDERESCH;1
Heezerweg;1
Smitsveen;1
Nieuwslag;1
Noorderhavenkwartier;1
Oosterbank 1;1
KAVEL Q10;1
NABIJ WATERLAND;1
HEIKAMP;4
Poststraat 7-11;1
Lopikerweg oost 130;1
TAARLOSE WEG ZUID;1
Kuinderbos;1
vijfbundersweg;1
Blokker;1
STITSWERD;2
"KERKWEG; KEERENDERKERKWEG; KAD.2623";1
Geylenbroekweg;2
Heel en Panheel;2
VLAMINGSTRAAT 20;1
KAMPERVEEN;1
REEENPIT;1
DE NACHTIGAAL;2
OOST VLISTERDIJK 8;1
Weidonk;2
"EMPEL ; DE WERF";1
GALECOP;1
ZOUTVEENSE KAPEL 01;1
KREITENBERG;1
DE GEEST;1
ROPTA STATE;2
JANNINKSBLEEK;1
Oud Bodegraafseweg, locatie 2;1
HARSTE;1
NOBELSTRAAT;1
"LICHTENBERG; ST.PIETERSBERG";1
DE OUDE ENG;2
OOSTERVELD-ZUID;1
Pastoor Eijkenweg;1
DUIVELSBERG (2);1
DE WILDT;3
STRAATWEG;1
"RAVENHOF; HUIS VAN JONKER RAVE";1
CALLANTSOGERVAART;1
Hongerenburgweg-Haarsteeg;1
KUIJERPAD 16;1
PUTTEMSEBURG;2
"Groevenbeekse Heide; Watervalweg";1
Heerbaan;5
Weegscheijdt;3
Wolwevershaven 4;1
Leeksterveld Hoge Traan, Blinksloot;1
Nieuw Vaarle;1
LAARMANSHOEK;1
Oud Valkenburg;1
KLEINE BAGIJNESTRAAT;1
Randweg en Kerkwijk;1
't Rieshout;2
GOOWEG;1
VAM KANAAL - NOORDWEST;1
"Kikveld; Heufke";1
Eekwerderdraai- Oost;1
BIEBERG;4
REDT U ZELVE;3
DORPSWEG 55;1
ELSBOERLAAN;1
Erve Geerdink;1
OOSTELIJKE BEDUMERPOLDER;1
NOORD DEURNINGERVELD;1
"Voormalig AMK-terrein M6802: Polder Over-Slingeland; Vlietjewetering";1
HEETVELD;1
ROOYAKKER;1
"Voormalig AMK-terrein M10361: Aalkeet-Buitenpolder; Zuidbuurt 59a";1
EEXTERHALTE TUMULUS A;1
STADSBRINK;1
Bergmanshofweg - Lokatie B;1
Hoefsmidstraat;1
EEN SCHIPSLOOT;1
SAVELSBOS;2
Bitgumerdijk 15A;1
PAASLOOER ALLEE;1
Hagensteeg;1
ERF KLOOSTERMAN;1
Asboom;1
HEEMSTRAWEG;2
GESTEL-EHV/GE/92;1
Noordzee NCP Blok M09 01;1
Veerseweg 52;1
VOORSTRAAT 18;1
KOOIWEG-A2;1
Duinstraat 2;1
't Winkel;1
"OUDELANDSDIJKJE ; MONNIKENBROEK";1
KANDIA;3
Galgwandenveen;5
DE MEENTE;2
Bronsbergen;2
Koornmarkt;2
Blijdestein;2
KASTEELRUINE;2
NOTENBOOM;1
D40-ZUIDOOST;1
HEZENES;2
De Mortel;2
HUNNENKERKHOF;2
KOOTWIJK;2
HOEF AAN DE RUN;1
KEINSE;6
DE PLAAT;7
Nieuwstraat 38;1
RUITERPAD;5
HEUMENSE WEG NOORD;2
Markt 1-3;2
WATERRESERVOIR;1
"Friese Pad; Kavel M46";1
Middelwetering;2
LIEVENDAAL, BOVENPOLDER;1
"WINCKELSTEEGH ; HULZEN I HULZENSEWEG";1
ZELSCHARDIJK;2
locatie 15;1
Prinses Irenestraat;2
GROTE HEIDE;3
Birkstraat 84;1
POLDER IJSSELVELD;3
RW 15;2
"HEIDEHOF; BEGRAAFPLAATS";1
Alberdaheerd;2
KORTE VOOR / TEEFFELEN II;1
Kielerbocht;1
"Achterom; Kavel B55-II";1
HEINTJES LAND;9
WEVERSPAD;1
DE LANKERD;1
PLASLAMMERT;1
Perceel 504, Kijlsterweg;1
Kapelakker, Rooiseweg;1
De Nieuwe Erven;1
Westerschans;1
Schele Hoek;1
GROENWOUD;1
SPIJKERBOOR;8
Schoolstraat, tussen kerk en Korte Wuiver;2
Darthuizerberg;2
GROOTE- EN KLEINE HEG;1
Huis Schinnen;1
Abeelseweg;1
Kromme Rijn;4
Roosendaalsebaan;1
RIPPERDASTEEG;1
HEELSUMSE BEEK;1
1P1-1P2 Meesweg Overgooi;1
HUPSELSE VELD;1
HOFSTEDE STACHOUDERS;1
MOLENBLOK;4
EDEKINGE;1
RIETLANDENSTRAAT - NOORD;1
EEXTERVELD ZUID 4;1
Zuidzijde 85;1
AALKEET BUITENPOLDER, voormalig AMK-terrein;1
Reigersbroek;5
HOUTDORPERRVELD;1
Huisplaats Francesco;1
OUD EMMELOORDERWEG, KAVEL J129;1
"Het Slotje; voormalig AMK-terrein";2
OUD BUSSUM;1
Zutphenseweg;2
D26-DROUWENERVELD;2
BOOGJES;2
1e Tieflaarsestraat;1
DAMREESE SPOOR, voormalig AMK-terrein;1
04.008 Maassluis Albert Cuypplein;1
Terpkerk;1
Everocken 8;1
STRIJERSHORN;1
KASTEEL ZEVENBERGEN;1
GERRITSLAND;31
Kleine Brouwketel/Waaistraat;1
Haegenbroek;1
WINDSTEEG;1
KAREL DOORMANLAAN;1
HASSEBERGERWEG;1
Dorpsstraat 53-55;2
Kerkstraat/Tramsteeg;1
Groenestraat;4
VEENHUIZERSTUKKEN;1
BUURMALSEN;2
Laan van Pluymestein;1
Wanssumerheide;1
Scheurrak SO1;1
STADLAND;1
DE DRAIT;1
VISSERSHOEK;1
Bruchem Kerkplein;1
"SCHIETBAAN; NOORDERHEIDE";1
Papeterspad;1
Verbindingsstraat;1
Ruurloseweg 67;1
KERKHOFLAAN;1
Tielland;1
Rhoon Zuidoost;3
Rijksweg N57;1
Haaze;1
Meentheweg onder Paaslo;1
Kwakkenbergweg (zwembad);1
TLOO;1
locatie 1;1
VROENDAEL;1
HANKENBERG-OOST;1
DE KOL;1
Voormalig AMk terrein 9486, 37F-003;1
EMPEL;2
KOOTWIJKSCHE ZAND;3
Amstenrood;1
ENKWEG;1
Kelpenderheide;2
BORN;2
Babberspolder Oost;1
Van Kleffensweg 6A;1
05.040 aanleg A20, Broekpolder;1
IJZERBAAN;3
GOSSELAAR;1
VOLDIJN;1
"DE MARS; MARSPOLDER";1
Voormalig AMK-terrein M12889: Westeind 36;1
DE HEIBLOEM;6
AKKERBOS;5
DE BOL;1
DE HOORNEBOEG;1
WOUWSE PLANTAGE;1
Plat2;1
"Eemmeerdijk; Kavel N42-2";1
Molenstraat 15;1
Klingelbeekseweg;1
GRENSPAAL 86;1
Geseldonk noord;2
Valkenhof;1
SLACHTHUIS;3
BARLAGERVELDWEG;1
PRINS HENDRIKKADE T/O 59-72;1
GAALSE HEIDE;3
PRINSENHOEF (HOF TER BRAKE/BRAAKE);1
Klaprooslaan 2;2
GRINTGAT;2
KERKSTRAAT / VERLENGDE KERKSTEEG;1
ZONDERWIJK;1
"BUITENLAND; VERBURG";1
Waterpark;1
NOORD KETHELPOLDER 01;2
HUISVENAKKERS;1
KELMONDERVELD;8
Brouwhuis;3
MAARSSENBROEKSE DIJK;1
Geertesteeg/ N233/ Cuneraweg;1
WILLINK WEUSTE;1
MEIERINKSTRAAT;2
KRAANVEN;2
Hoogakkers;1
RANDWEG;8
Kleasterkampen;1
Burgemeester Termeerstraat;1
HUGTERWEG;1
Zonneveldspolder;2
N31 Harlingen;1
NOORDZEE NCP BLOK O18 1;1
06.031 Huygenstraat;1
HEIHUIS;1
ZWANENHEIKE;1
KAVEL P91;1
Venlo Julianapark;1
Pastoor Danielpad;2
HAL;1
OUDBURG;1
DE TIPPEN;11
Markt 23-27;1
KERKBUURT;2
SMEDEKENSBRUGGE;1
DE HEUVEL;11
"Strateris; Heerweg";6
Maasvlakte II scheepswrak 6003;1
Sint Joseph-terrein;1
DORPSSTRAAT 42, 44;1
STRAND BERKENBOSCH;8
Bergakker;2
DE MUNNIKENHOF;1
NAPOLEONSWEG;3
MARSDIJK: HAVERLAND;1
DOORWERTHSCHE WAARDEN;2
Landsaard;1
'S-GRAVENDIJKSE WEG;1
STEENENTOREN;1
BERKHEIDE;2
HOEP;1
Keizersbaan;4
Vliegveld;1
Maarhezerbosweg;1
Opdiep;2
Achterweg;11
BLADELSBOSCH;1
De Loog, Put Helsdingen;1
POLDER BREUKELERWAARD;1
OSSEWAARD;3
Oude Keulse baan;1
Daalakker;1
ROOVERSBERG;1
Ophoven;24
DE LAAR;7
VREESTRAAT;1
POLDER HET NOORDLAND;1
MENSUMAWEG;1
NORGER VAART-WEST;1
SMAKTERHEIDE 2;1
Recreatieoord Binnenmaas;1
KRUISSTRAAT 26;2
GRIETJES GERICHT;2
Vrouwe Siphe;1
'T HOF BLAAMSKINDEREN;1
DR OTTENSTRAAT;1
DIJKSTRAAT;3
geleenbeek;1
LEUVENUMSE VELD;6
Schenkelweg;1
DOORWERTSE HEIDE;3
Eindhovense Baan;2
Isabellaveld;1
't Abdij;2
Waterval;3
HOEF AAN DE PAN;1
DE HOORNS;1
DOMPVLOEDSLAAN;1
AAN DE BELBOOM;6
Voormalig AMK-terrein M13550 / CMA29A-A02: Penninksbrug;1
Holleweg;3
KLEIN-OIRLO;2
BIJ FABRIEK GLOBE;1
Boschplein 2;1
BINNENSTAD (ACHTERSTRAAT-MALEBORDUURSTRAAT);1
BURGZAND NOORD 3;1
Mariekerkse Weg;1
"Veld; Steeningseweg";1
Hoek Dorpsstraat/ Kerkstraat;1
Laarschotstraat;1
Loerik, Binnenwerf, Beurtschipperserf;1
AALKEET BUITEN 52;1
CUNERACOMPL HOGEWOERD;1
Recreatieoord, Binnenmaas;1
De Valom;1
STRAATSCHE HEIDE;2
ST MAARTENSKERK;2
Voormalig AMK-terrein M10438: Hoge Giessen;1
OOSTERDUINWEG (OOSTERDUIN / DISTELBERGH);1
"BERGSHAM ; HOGE BOESCHOTERWEG";5
OPRIL WESTWAL;1
Roermond Zuidelijke Stadsrand;3
Hoofdstraat 16;4
SPIEKWEG;1
POESCHKENSHEIDE;1
KERKPLEIN (T.O. NR. 6);1
GROTE MARKT 17 (HOOFDWACHT);1
Nesserweg;1
Mauritsstraat;1
TONDEN;1
LAMBERTUSKERK;1
Overvest;1
NIEUW KLINGENBERG;1
HORST;3
"Voormalig AMK-terrein M10356: Aalkeet-Binnenpolder; Vredebest";1
DE PRINSENHOEF;1
OUD RANDE;1
KONINGSTRAAT/ DE STEEG;1
BUURTWEG;4
Overdijk;1
OOSTERZIJWEG 22-24;1
Genoenhuis;1
"SANDERBOUTLAAN II; VINDPLAATS 6";1
KOEKFABRIEK;1
Plangebied Boeckhorst;1
PALENWEG, KAVEL E173;4
ZEILDIJK;1
WEST-FLEERDE;1
HANS VRIEZESCHANS;1
DE LANGE BEIJERD 13;1
FIKKERSDRIES, GEMEENTE HETEREN;1
Blazershaven;1
Biezenstraat;1
DE GROOTE TOMBEN;1
BEJO-COMPLEX, PARKEERTERREIN;1
WAARTSELAAR;1
Tweede Doodweg;1
ERICASEWEG;1
Heikamp;1
Ekkersrijt;1
"Groote Markt 13; Mesuere";1
OVERWATERWEG-KLEIN KALVENHAAR;1
SCHILCAMPEN 46;1
OUD WISSENKERKE;1
KLOOSTER OOSTBROEK;1
Volkstuinencomplex;2
MARTINUS TORTEINSWEG;1
GREVENHOF;1
Oude groenmarkt 18-24;1
Kerkelaan;1
Bredestraat (ong.);1
De Skibaan;1
Aalsburg 14e straat (riool);1
Eendrachtspolder;1
Terborch;1
Valentijnlaan 48;1
ZAARDERHEIKEN;3
"Berghuijskazerne; Korte Noordstraat/Zuidsingel";1
Schaerweijdelaan-Oude Arnhemseweg, rotonde;1
de Broekloop;1
Abel Tasmanweg;1
pakhuis de Vlijt;1
Zwarteweg;1
'T HOGE LAND;1
JOFFER AECHTENWONINGH;1
TONGELDEN;1
BOSHAVERHEIDE;5
Slotje (Gasthuis);1
"De Pas; Galgenstraat";1
SLUISVIERWEG-NOORD;5
De Blaauwe Hoeve;1
GROOT HAASDAL;4
RK-KERK, WASSENAAR;1
SCHIERINGEWEG;1
BLIKSWEG;1
DEERZUM;1
VILLA MARIA;1
GROENLOSEWEG;1
Grootslagpolder, Zandsloot/Noorder Kadijk;1
Caluna;3
"ST.-JANSKAPEL; KERKAKKERS; DOMMEL";1
HEUJMANSBELT;1
BOOMKENSDIEP 4;1
CUYKSE WEG;1
Venkelstraat 5;1
Westermaat;1
Hoek Dorpsstraat;1
Reijersteinseweg 2;1
Wilhelminahoeve;1
ZELDERSCHE DRIESEN I;2
05.018 Maassluis recreatieplas MD 17.58;1
GEKKEGRAAF;1
Gaalsche Heide;1
Zuiderdijk van Drechterland;1
SLUISAKKER;1
Rijksweg 57,vindplaats 8 Oranjezon Sprink;1
Olde Maten;1
Middelkoop;1
"Remmerstein ; De Thymse Berg";1
WEGAANLEG WIJNESTEIN;1
Langestraat 16-18;1
"Dortherweg; Waterdijk";1
HEESCHEIND VELD;1
Steenakkerweg / Limbrichterbosch;1
"BERGSTRAAT; PERC.VONCKEN; ADSTEEG";1
LOCKERSHOF;1
ACHTERMATEN;1
"LEUVENUMSE WEG; HASPELPAD";1
KRAMBROEKERVELD;1
odiliapeel-hommelhof;1
OMMEREN - KERN;1
Oostkapelle;1
LAAG STRIJP;4
RIEDPOLDER;2
Piekenhoef;1
TESTRIK;2
"ZANDSLOOT ; ZUIDEINDE";1
Hoek Bredestraat en Bommelweg;1
Warffumerklooster;1
DEN OUDEN ENG;1
EIERDIJK;1
"VIJFSPRONG ; HOGE VALKSE DIJK";1
Spaanse Steeg;3
06.122 Zuidbuurt 79;1
Liewegje;1
NIEUWE WEG, voormalig AMK-terrein 11777;1
Roterveld;2
KONIJNENBOSJE;1
Burgermeester Jaslaan 12;1
Klispoel- Vormerseweg;1
SCHUTJE;1
Provinciale weg N366;1
Krommestraat 45;1
Schijfse Baan (nabij nr. 2);1
Munningsbos;1
VOSSENBERG 2;1
"Kloosterbosch; voormalig AMK-terrein";2
MEEREIND;4
BIERKADE 9;1
PARKSTRAAT 32;1
WATERLAND;2
HIPPOLYTUSHOEF;3
Kemenade (akker);1
VLISSINGEN BUITENHAVEN;1
Voerweg, Hunnerpark;1
"KASTEEL HOENSBROEK; CAUMERBEEK";1
"GORTELSEWEG ; WILDWEG";8
MARKT;21
Kasteel Palmesteyn;1
"Voormalig AMK-terrein M9390: Noordpolder van Delfgauw; Kraayenburg";1
GAPINGSCHE WATERGANG;5
KAMSPHEIDE;1
TEN NOORDEN VAN DE MEERGRAAF;1
Buurtweg 8;1
Krompatte;2
Voorkabel;1
KAVEL O30/O31;1
DORPSSTRAAT 1;1
generik;1
HEILAND;2
GOOYER DIJK;1
"PLANTAGE WILLEM III ; DEFENSIEWEG";3
SMOUSENBERG;1
MAASAKKER;2
Stationslocatie;11
DIERENKERKHOF;1
"Zanderij; Westerbaan";1
Remmerstein;1
DE HEVEL;6
DE KIL;1
OUDE ELLEMEET;1
PAARLO;1
Leo van Rijsbergenpad;1
NACHTEGAALSTRAAT;1
VOGELPOEL;4
Haaswijkweg-west;1
KESSEL EIK;1
JAGERSHUISJE;2
Lange Oosterwijk;2
Steenakkers;1
Valentijnlaan 14;1
Empelsedijk 7a;1
TRAAY, voormalig AMK-terrein;2
De Koebosakkers;1
MOSBEEK;2
KROMME GIESSEN;3
RAVENHORST;3
Jeruzalem;1
Groote Markt 12;1
Gasleidingaanleg;1
Tiel-Voorstad;1
vindplaats 11;1
GENERMARKE;1
HUIZEMERLAAN/RONDWEG;1
LEEUWENBORCH;2
Noordwal Veenkade;1
GROENMARKT 3-5;1
HOFPLEIN;2
ROUWKUILENWEG II;1
Essestejin, mgr. van Steelaan, voormalig AMK-terrein M10569/CMA30G-050;1
"De Balije; Context Schip, voormalig AMK terrein";1
BEERZER BELTEN;1
Vathorst VII;1
Chaamse Beken;3
Hemelrijkstraat;1
GIJZELHILL;1
RAMELERDIJK;1
PARKEERPLAATS BESTUURSCENTRUM;1
16.46 AALKEET BUITENPOLDER;1
NEERSTRAAT 11A;1
Strandpark Slijk-Ewijk;1
01.18 WOUDSE POLDER;1
"Centrum; Markt, voormalig AMK-terrein 4099";1
LANGS JASKAMPENWEG;2
SLINGEBEEK/POLSTRAAT;1
ZAHNSTRAAT;1
DE HEGE BOUWEN-NOORD;1
Vlakte van Ameland 3;1
LOSWEG;1
WIJNGAARDSTRAAT 20;1
HOGEBIERENWEG;2
vindplaats 9;1
ANDELST-DORP;1
WEIDESTRAAT;1
KERKSLOOT;4
Mgr Willekenslaan;1
Laakweg;1
GINKELSCHE HEIDE;4
Winckelmolen;1
polder Abbenbroek - Katerwaalsedijk;1
DOMMELAKKER;1
WAGENSTR./HAVENSTR./WILHELMINAWEG;1
Pastorietuin, dorpskern;1
De Genenberg;1
VOORMALIG KLOOSTER;1
"Koningsbeemdweg; Elzenstraat";1
D15-LOONER ES;2
KIELSTERACHTERWEG/KLAPLAAN;1
Koestraat 14-18;1
EENERVELD 2;1
DE HOEK / POLYNORMFABRIEK;1
HUIZENBEEMD;1
PAARDEKERKH V RECHTEREN;1
BRADLEYSTRAAT;1
ROODENBURCH;1
RIELSEDIJK 21-EHV/RL/92-93;1
POLDER PORTS;1
DRIFTBRUG-ZUID;1
Van Duppenstraat;1
KRANEPOEL;1
LAAN DER NEDERLANDEN;1
kasteel budel;1
"GATESTRAAT;";3
KERKBERG;5
CRONESTEINSE POLDER;3
ZANDSLOOT;1
Eendragtspolder;5
"Klutenweg; Kavel G10";1
Ten oosten van Hamsche Bouwing, perceel ten westen van de Lingeweg en;1
DE ZEGGE;2
WEZELHOF;1
ZANDDIJK;7
Herikersweg;1
Stokkum;1
NUTRICIA;3
GROTE STUKKEN;1
DE STELT;1
ZUID-HIJKERZAND;1
DROOGE MEERVEN;1
DORPERHEIDE;1
UITERWAARD;2
BEEKMANSDAALSEWEG 9;1
Voormalig AMK-terrein M10413 / CMA37G-044: Broekpolderweg;1
VERKLIKKERPAD;1
EERSTE ONTSLUITINGSWEG;1
TORENLAAN;3
BIJ DE LANGEBELT;1
Landgoed 't Stort;1
"Hoefsestraat/Elzenweg; plan Waalborg";1
HOUTENSE WETERING 4, voormalig AMK-terrein;1
PEIZERWEERING;2
KATTENDIJKSE DIJK;1
LINGSFORTER BRUG;2
Noorderham;4
Vonk en Vlamterrein(hekellaan);1
BULGERSTEYN;1
HOLZKUIL;4
Koegorspolder;1
FONTEINLAAN 1 (DREEFZICHT);1
Dorpsstraat 155;2
Brielle Seggelant Noord;1
Emdaborg;1
MAASKAMP;1
SCHOKKERSVEEN;1
BAGGERGAT MARENSCHE WAARDEN;2
WESSINGTANGE;2
BOERDERIJ DE KOPPEL;1
Kromme Hoge Dijk;2
DRIEHUIZERKERKWEG/NIC.BEESTLAAN;1
ESHOFPOLDER;1
WESTRENENHOEVE;1
WESTERLAANWEG;7
De Weele/De Vullink;1
MEERVELDSCHE ENK;3
OUDEDIJK-KUNSTCLUSTER;1
"Overlaatweg; Baardwijksche Overlaat";1
CASTRICUMMER POLDER (VINDPLAATS 14);1
ERMELO WEST;1
DORPSHUISSTRAAT 23;1
OMGEVING GRAES;1
VALKENBURGSE MEER/OMMEDIJKSCHE POLDER;2
de Poel;1
Brouwershavense Gat 6;1
DE HAVELING;2
ANEGANG;1
ECHT;1
Markkanaal;2
VLIELANDERBALG V;1
LAANWEG;1
BLOEMENBEEK;2
FLEDDERS 2;1
DE KRIM;8
MEERLOSE WEG;1
Maasstraat 20;1
01.095 Kortedijk van der Windt;1
OOST VAN DE SPOORLIJN;1
AAGTEKERKE KOEKOEKSWEG;1
WITTE LEUNINGEN;8
Zandstraat;5
KLEIN SONSBEEK, MOLEN;1
"Vijfhuizen Baan; Vijfhuizen";1
Hoogzandweg;1
Voormalig AMK-terrein M9479 / CMA37E-088: Oude Lee;1
"De Hout, bouwland genaamd ""Het Kerkhof""";1
WESTERRINGWEG, KAVEL H33;1
KAALHEIDERSTEENWEG;2
ASTENSE PEEL;1
Marienburgsestraat;1
SCHAAPKAMP;3
Oranjeweg/Stelleweg;1
SCHOONOUWENSE WEG 10;1
Stationszone;1
WATERLAAT;4
WASPIK;1
A12 EDE FIETSTUNNEL BOS;1
"Dronterweg; Kavel S2";1
POLDER DE OUDE UITSLAG;1
Hanzeweg N-307 - hectometerpaal 4.1;1
SCHINKERSBERG;1
KEETEN 5;1
Landgoed Hof te Dieren;1
ORVELTERZAND;4
BOLTWEG;1
EUPEN BARCHIEN;1
HANENHOF;1
STREEKWEG 264;1
HEMELSCHE BERG;3
Wijngaardse kade;1
Vermeersweg-Vermeersdwarsweg;1
Pechhavens A2,;1
ROZENSTRAAT;1
BAAKHOVEN;2
Grafheuvel;1
Buttinge;1
VOSSENHOF;1
ACHTERLO III;1
Oude Maasstraat, wegcunet;1
LELYLAAN, IR. 4 (OUDE SLOT);1
HOONHORST;3
HET GROOTSLAG-ZUIDERDIJK;1
ZANDKAMPWEG;4
"HEKSENBERG; GRASBROEK; GRASBROECK";1
ZUIDELIJKE HAVENDAM;1
HOLTHEME;10
HEVEL DE;3
Stort Eemstraat/Kleine Koppel;1
Karperton;1
BIJ TAAIVEEN;1
HET HAMVELD;2
UITGEESTERBROEKPOLDER VINDPLAATS 2;1
Hobahostraat;1
Sanderboutlaan, Stein;1
Herikervlier;3
FORT ZANDBERG;1
KOEDIEP;1
Velddamse Weg;1
Koekelenbergsche Tiend;1
"Zuiderplasdreef; Kavel A61";1
IJWEG 616;1
HOGEN BERG;1
HERIKERBERG;6
kasteel Eindhoven;1
ERVE KORTMAN;1
"Rugdijk-Kouwenberg; Zuidkamer en Burgemeester Bechtweg";3
Wethouder Jansenlaan;1
Boulevard-tegenover Seinpostduin 1;1
"Rotsestraat; Weteringstraat";1
ELLERMAN;1
"'T WOERDSE BOGERTJE ; RETSE STRAAT";1
Lage Markt 5/Waalkade 5;1
St Sebastianusstraat;1
Dorpsstraat 32;1
Fabriekstraat;1
SCHINKEPOORT/HOLSTRAAT;1
Veerse Meer 2;1
KEPPELSEWEG, ZAAGMOLENPAD;2
Lekuiterwaard;1
GROOTEWIJZEND;1
Broekdijk;1
KLEINE HOUTBRUG;1
TEN ZUIDEN VAN CAMPING DE ZANDHEGGE;1
KIJFAKKER;2
OOSTERVOORSTE BURG-OOST;1
SPAARBEKKEN ANDIJK 2;1
MIDDENWEG/VOETAKKERS;1
Spitsbergerpad;1
TUINKAMPEN;1
17.42 AALKEET-BINNENPOLDER;1
DE BURGE;3
Paddenpoelen;1
ANGELSLO;1
Voormalig AMK-terrein M13240;1
MAASNIEL;2
Paalakker;3
Kommel;2
WIJNALDUM VOORRIJP;1
GOUWE;1
Born;2
OOSTER- OF SINT ANTHONISKERK;1
HAAGOORD;1
"GROOT KIEVITSDAL; 'T HOOGE ERF";6
EMMELOORD, KAVEL M57;1
Heesch Hoogstraat 28-30;1
LENT-NOORD;1
ROTSCHEWEG;2
polder Zuurland;1
PIEPERIJ;1
04.060 Wilhelminasingel (defensieleiding);1
INUNDATIEKANAAL;2
DE WEERE;6
LUITENKAMP;3
Kerkstraat 35;1
ROEPAANSTRAAT;1
Beekoever;1
OUDE TIELSE STRAAT;1
DE Kets II;1
BOLTASTATE;1
VELP;9
Hoge Nieuwstraat 26;1
ONDERSTE WEG;1
"AALBERG; MAGDALENABOSCH";1
Rodenrijse kade;1
DEFENSIEWEG;5
ASSENDELVER POLDERS-SITE C;1
Slotshof;1
S GRAVELANDSEWEG;1
A-28/VELDKAMP;1
Nieuwe Dukenburgseweg;1
MOLENDIJK - DE BOOGAERT;1
DEVELWEG;8
Schelphoek;5
't Hof Blaemskinderen;1
RADIO-TV TOREN;1
DEN BALMERD-BLANKENBURG;1
PETEWEG;3
BERGHUIZENWEG 9 EN 6;1
BOVENKERKSE WEG 51;1
LOENSHOF;2
EKELENBERG;6
KERKWEID, HET SLOT.;1
CALLUNAHEUVEL 2;1
"Elandweg; Kavel H92";1
"ANGSTEL ; ACHTERVLIET";2
HOF  TE BREMMELEN;1
SEELBEEKDAL;1
DODELAGER;1
POLDER WIJNGAARDEN GASSTATION;1
DE BREM;3
GROOTE WOLDWEG 63;1
HOOGVEENRESERVAAT;1
IJMUIDEN PAAL 61.000;1
PARKWEG/JOOSTENLAAN;4
MANDER;14
Raadhuisstraat 13-15;1
GROOT HEILIGLAND 16 (IN TUIN);1
Ronddeel;2
Broekhin-Schaarbroekerweg;1
"LAAG STRIJP ; BRUKELUM";2
HUIS TE LANDESCHOOL;2
Kimswerd;3
KAMPERSHOEK-RAAK;1
UBBERGSEVELDWEG;9
SPELDERHOLT;41
Boerderij de Holten, Amerbrug;1
AALKEETBINNEPOLDER;1
DRIE DE;1
De Hooge Geest;1
HOOGKANJE, voormalig AMK-terrein;1
Techum;4
Kloosterstraat 60;1
WAAL ERLECOM 2;1
Negenterhof;1
Kavel F52;1
laagheide;1
TER HAAR;2
NETERSELSE HEDIE;1
BUCHTEN;2
Watermolenwal;2
EMMERBOS;1
HOOGPOORT;15
HOEVE RUST OORD,TUSSEN DE TIENDWEG;1
HUNERBERG;1
OLDEMARKT;1
16.16 AALKEET BUITENPOLDER;1
Pancratiusplein;1
"Babelweg; Kromme Weg";2
ZWARTE WATERS KLOOSTER;1
Hordijk West;1
Tuinzigt;1
LAAGNIEUWKOOP;1
WAGENINGSEBERG;2
Europalaan;2
WILHELMINAPLEIN;2
BOOMKENSDIEP 3;1
Gieten, OV-Knooppunt;1
Het Hambroek;1
Ecoduct Kabeljouw;1
RISSENWEG;1
DODEWAARD-DORP;2
Heilooerzeeweg;1
De Haar;4
Rijtseweg;3
Biezelingseweg;1
KIKKERPOEL;1
'T LAND;1
EETHEN-V;1
ENKHUIZERZAND 4;1
Oukoop 11;1
Tuindorppark;1
Samuel Esmeijerstraat;1
W?WWELSTADT;2
KREELSE ZAND;1
Voormalig AMK-terrein M12907: Noordzijde 15;1
"De Steeg (""de Beemd"")";1
KOESTRAAT NIEUWDORP;1
INDUSTRIETERREIN POORT;1
Zandbosch;1
Beverwijksestraatweg;1
SLUISVIERWEG NOORD;1
BINKHORSTERVELD;1
FRANSCHE WEG;1
DOETSEWEG;2
DE WESTERING;2
Langs de Gewannen;1
TJEUKEMEER, KERKHOFBOEI;1
STADSMUUR;1
OUDE KRAKELING;1
Twijzelermieden - Lokaties IV, V en VI;4
STEENBRAMMERT;1
LANGS DE OUDE GEEUW;1
Oude Kijk in 't Jatstraat;1
Wilhelminapark-keerlus;1
BROUWERSHOF 1;1
WOUTERSWEG;2
LINNERBOS / BERKENALLEE;1
VERWULFT (OPENBARE WEG);1
MOLENHOF;2
Hulsternieuwlandweg 15;3
ROSSUM;6
Bornsteeg;1
ONSTWEDDER KIJL;1
WEICHSHOVENSTRAAT 6;1
EMMERMADE-ORANJEKANAAL;1
Voormalig AMK-terrein M9410 / CMA37E-024: Klaas Engelbrechtspolder;1
Achterste Maden;1
"Voorstadslaan; Weutseweg";1
KANEELSTRAAT;1
Plangebied Elspeet Noord;1
BEELARTSPARK;1
Oude Kosterij;1
ST KATELIJNE;1
DORREGEESTERPOLDER;1
Zuideropgaande;2
HOOGMADESCHE POLDER, voormalig AMK-terrein 10830;1
AAN WATERLOO;1
HOUTEN;27
Koaterhuzen;2
MEESTER JANSLAND;1
LAURENTIUSPLEIN;1
De Woordhof;2
Plein 8;1
09.001 Messcheartplein 17;1
BIGGEKERKE I;1
Baseliekplein;1
SMEENHOLTEN;2
Gaaikemadijk;1
DE BIJVANCK;1
Americaanseweg;2
RENSGARS 3;1
Strateris;2
T HAAGJE;12
NABIJ HAZENBRINK;1
Kalfsheuvel;1
Linie ter Aa;1
Gaanderen;1
WESTKERK;1
Molensingel;1
LAUDER BEETSE;1
RICHTERSWEG;2
STERKELSCHE KANAAL;1
GOLDBAARGEN 2;1
WILLEMSTRAAT;1
LAGEVEENWEG;1
Drostestraat;1
HOOILANDSPOLDER;4
De Kleine Driehoek;1
Klaassteen (ven);1
"Bovenweg; Schoolstraat";1
"Kapeldijk; voormalig AMK-terrein";1
D14-EEXTERHALTE;2
ROEDENSE STR.;1
Oosteinde 67;1
HUISDAALSEWEG TEGEN BURG.DELENKAN.;1
Aalstweg;1
bergense school;1
CARTILS;5
Leyhof;1
DE STOMPERT;8
HC de Jonghweg;2
DE MAST;2
OVERHAVENDIJKGEBIED;1
Gassel Heihoekseweg 3;1
Bordeelschans, Rondweg;1
Kloosterdijk;1
KAPMSHEIDE-NOORD;1
STADHUIS DONJON;1
Gernerbeke;1
PATERSTRAAT;2
Klein Gaal;1
NIEKERKERVEEN;1
DUIVELSEILAND;1
Ferwerderadeel;2
"Klutenweg; Kavel G11";1
"Maastrichterweg; Groenweg";1
"RUN; ESSCHE STROOM";1
Klein Harselaar;1
"Voormalig AMK-terrein M10520 / CMA30F-029: Centrum; Nieuwebrugsteeg";1
"Drietorensweg; Kavel Q36";1
Toterfout;5
VOGELTJESLAND 1;1
SCHOOLPLEIN VOORM.WILHELMINASCHOOL;1
DE HORDEN;10
HILSE BAAN;1
VEGETAS;1
Hildenberg;1
Bredaseweg 12a;1
Rijksweg 35/36 locatie 5;1
WARMOESSTRAAT-KRASNAPOLSKY;1
VIADUCT DALWAGEN NOORD;1
HUIS SUIDERAS;1
DE WAAL MALEFIJTLAAN;1
Heikerkweg;1
LEENDERT ABRAHAMPOLDER;1
SCHOAPVOLTE;3
ESCHAKKERS;1
Overklap Karstraat;2
POLDER RIJSOORD EN STREVELSHOEK;1
GOXWEG;1
NIEUW WEERDINGE;1
SCHEEMDA;2
It Heidenskip;1
Hogeweg 7;1
BAKENDORP;1
KASTEEL HERTOGSHUIS;1
MORTELSHOF @;1
WEMELDINGE;2
BROEKSLAGER VELD EN MATEN;1
Kerkplein / Heuvel;1
COMMERSWERVE;5
POLDER WIJNGAARDEN-ACHTERDIJK;1
BATAU-NOORD;1
HEERLENERWEG;1
DE GOUW-MIENAKKER;1
RIJN;5
NEDERRIJN;6
WIJDE DOELEN/ MANENBORG;1
STAPPEGOOR;1
BENTINCKLAAN;1
BRANDBERGEN;1
KLEIN HEILIGLAND 97;1
HEZENES-NOORD;1
Hortsedijk;1
WATERDIJK;2
Wouwsestraat 24-26;1
AAOF DE WEERIJS;1
BERGWEGJE;2
Moormanlaan;1
Schenkeldijk;1
"MAASDIJK; HOENZADRIEL";1
Wetsens-Dorp;1
DE KAFHOEK;1
TUSSCHENKLAPPEN;1
PUIFLIJK;2
oostmolenweg;1
Konijnenlaan;2
Sec. 5;1
Terrein 21;1
SAKSEN-WEIMARLAAN;1
DE KRUISBERG;3
BOERDERIJ DORPSZICHT;1
SCHAAPSDIJKWEG;1
BEESDSCHEVELD;1
Nederlandse Hervormde Kerk;1
Markt, Plein 1940;1
Kijlsterweg;1
HET KLOOSTER 8;1
NIJLANDERBROEK-BAARVELDWEG;1
TONCKENSBOS 04;1
DROEVENDAALSESTEEG;1
BROEKLANDEN;3
Mardyk;3
RBP 018;1
KLAZIENAVEEN;1
Dr. Mansveltkade 1;1
"Botweg; Kavel M8";1
16.103 AALKEET BUITENPOLDER;1
Usseler Es;1
USSELO;1
HET STEENWERK;1
"Scheperweg; Groote Beerze";1
Terborgseweg (ong.) te Doetinchem;1
ZUWEDIJK 3;1
Potterstraat;1
Schotsehoek;2
OP BRAND ERK;5
Jonkhof;1
"Bremerbergweg; Kavel Y97";1
GEDEMPTE OUDE GRACHT;2
VVoormalig AMK-terrein M10512 / CMA37H-026: Korte Koedoodsedijk;1
Zuidwatering 1;1
TEUNDER WOIDJE;1
KAMPEERBOERDERIJ;1
HALVINKHUIZEN;2
OOSTEIND 14, 20, 21;1
HESSUM;6
WISCHLUIWEG;2
"Stobbenweg; Kavel P72";1
Vinkelsestraat 90;1
boscompensatie N48;1
Omoeswoudje;2
Kamp 60-62;1
KOLTHORNSEWEG;1
Peek;2
de Arnhemse Poortwal 123;1
Schaapweg;1
"FRANSE KAMP ; ROOSTERBOSCH";1
NIEUWE NIEDORP 92;1
ONS ERF;1
Weerdinge;1
Trichterweg;3
06.021 Bilitonlaan;1
TOERISTISCHE SPOORWEG;1
LUTKE LAND;11
KASTEEL TEN HOUTE;1
OOSTERMARS;1
BALLOERWEG/KOEWEG;1
Ketelhaven;1
Groot Lankum;1
WATERLOO;8
Stelleweg;1
DORPSWEG 3;1
BORDSEWEG;1
REMMITSWERF;1
terp Baarda;7
ACHTERSTE SCHAIVERT / PAAPKAMP;1
HAAG SITTARD;1
BREDEWEG, TRECHTWEG;1
Plangebied Meerheide III;1
Brandstraat 2;1
"Voormalig AMK-terrein: Dijksteeg; Westnieuwland; Van Kampenschool";1
Copernicusstraat 13;1
Bernhardstraat 25;1
HILD;1
Westergouwe deelgebied 3d;1
TUURDIJK, WESTREENENHOEVE;1
MONNICKENDAM;2
"GRIMHUYSEN / GRIMHUIZEN; PASTORIE";1
Cuneraweg;1
KUINERWEG, KAVEL M82;1
HUURLING;2
EINDERHEIDE;1
HOGEWEIDEN;1
Hoefveld;1
BATO'S WEG/HUINERKAMP;1
Spekstraat;4
HELOMAWEG;1
DE HAK, FIETSBON;1
BLOMENBERGH;1
"HSL-cluster 4; Haagse Beemden";1
Lentseveld;4
KLEIN MARIS BOS;1
TEN N.VAN MAASCENTRALE;1
HET GRUSKE;1
Schuitevoerderslaan, bouwput MAVO;1
JANNYHOEVE ZW;1
ESCH VAN SPIER;1
GEBLEEKTEN DIJK;1
NOORDAKKERS;3
"Banterweg; Kavel G30";1
CEBECO terrein;1
GROTE KOENTJE;1
"BERKENLAAN; HOOGE-VUURSCHEWEG";2
Neerstraat 13;1
"Sportpark; zijdepad, voormalig AMK-terrein M10568/CMA30G-049";1
Lange Delft;1
KORTE BREESTRAAT/VISSTRAAT;1
OMGEVING STATION SCHOTHORST;1
STUW;2
DE STREEP;1
ESPELERDWARSTOCHT, KAVEL C87/C88;1
Statenkwartier;1
MERWELANDEN;2
TONCKENSBOS 28;1
Zonnehof;1
"QUADENOORD; BOSBEEKWEG";1
DE SLUFTER;1
VELDZICHT/ACHTERWEG;1
Oude Dijk;1
Plangebied De Warren;1
OUDE GRACHT 36;1
LAND VAN L.A. V.D. BORG;1
Putstraat/Grotestraat;1
HEIJENSE MOLEN;3
Rijnsburg;1
CASTENRAYSE BERG;2
JANSSTRAAT 52-54 (BARBARA GASTHUIS);1
DE HOGE ASTERD;2
STARTVEN;1
Polder Blokhoven, Pothuizerweg, Voormalig AMK-terrrein;1
KIKKERBERG;1
16.92 AALKEET BUITENPOLDER;1
GEESTENBERG;2
Mestsloot;1
Manresa;1
Deurzerdiep/ Anreeperdiep;2
'S-GRAVENHOFPLEIN KLOOSTERGANG;1
Mariakapel;1
BAARSCHOT;3
Ramsweg, Kavel E170;1
PROVINCIALE WEG 7;1
RECREATIETERREIN;1
"KAVEL H4; VISVIJVERWEG";1
Dorpsstraat - Wijk Vogelzang;1
KLEIN BEDAF;3
POLDER SCHALKWIJK;1
"WITTE PAAL ; GROTEWALLERWEG";1
JULIANASTRAAT TEGENOVER POSTKANTOOR;1
Statenweg;1
STOPPELBERGWEG;1
Drenkhoos;1
PLAN-ZUID;1
KASTEELDREEF;1
Oude Dijksestraat;1
LEMSTERWEG, KAVEL K29;1
SPARRENDIJK;1
Jacobstraat 15-29;1
Brakels Eng;1
FORTLAAN;1
Blaktdijk;1
Turfvaart;1
DEN DONK;2
NOORDHOEKSNOL;1
WOLVENVEEN-ZUID;1
Zuilenstein, voormalig AMK-terrein;1
Boommarkt (Breestraat 46-48 / Rijnlandblok);1
Peursumseweg 131;1
Groenestraat Lokatie 2;1
WIJK BIJ DUURSTEDE DE GEER;2
SCHUILENBERG;1
BLEISWIJKSE ZOOM;1
Onneres (de Fruitberg);1
OTTERSUM;6
"BOSCHWEG; Boswegse kerk";1
PHILIPS KAMPEERTERREIN;4
Uddeler veen;1
Tussen Pykeswegje en toeristische spoorlijn;1
DE BELDERT;22
"KOEDIJKERVAART ; REKERE";1
HUGTERHEIDE;1
"SLUISWEG ; DE MIDDELSTE HOEK";1
DEN ALERDINCK;1
LAARBERG;1
Ameide (Ameidestraat?);1
Bredastraat-Rotterdamstraat;1
BINNENMAAS;2
Westerbuurt-Noordwestzijde;1
VARSEN;21
Lange Hofstraat;1
Fort Berchem;1
't Thaal;9
PASSLUIS;1
DE DORSKAMP;1
MEEUWENWEG;2
de Molen;1
Breedwisch;1
HINKELOORDSEWEG;1
Aanloop Muiden;1
DRUMPTSELAAN;1
TER WALSLAGE;1
Vaals-Zuid;1
"Remmerdse Laan ; Wageningse Laan";1
Dorpsstraat 31+33;1
Panningen-AAO;1
Houten Zuid Terrein 7;1
"Schoutensteeg ; Cuneraweg";1
PETERSBURG/WIJNJETERP, WITTE BULT;1
PALKERDIJK;1
Waalreseweg;1
Dommelsvoort;1
ELANDWEG, KAVEL H107;1
BLAUWSTRAAT-GASTHUIS;1
LANGS SCHOONEBEEKERDIEP;2
"Kapelweg 9; Harfense Enk";1
"Eijkenpeel; voormalig AMK-terrein";2
"Koornbeemd; Langendonkweg";1
WALMOLENSTRAAT;1
"BOESCHOTEN ; OUDE NIJKERKERWEG, voormalig AMK-terrein";1
Opvaart;1
SWEIJERBOSJE;1
GALGENPAD;1
't Hofke/De Gouwberg;1
Snodenhoek;2
EGGINKSTRAAT 1;1
WEST BREUKERENG;1
Hauwert 17;1
Plangebied Greenport;1
Oudeweg, Duinzoom;1
MILITAIRE OEFENTERR.ANLOO/GALGENBERG;1
ENSCHEBROEK;1
DE BOZE GEESTEN;1
MOLENPLAATSWEG;1
SCHEEPSTAL;7
PASTOOR VAN LAAKSTRAAT;2
Koedoodzone;1
Groot Welsden;1
HOOGMADESCHE POLDER;1
VRACHELSE HEIDE;1
PAPENMOEREN;2
Zuijlestein;1
STADSBROEKLOOPJE;1
KAPITTELSTRAAT;1
Benschopperstraat 28;1
LATHUM;1
NOORDENBURG;1
Park Zijpendaal;1
HOOGKAMER;1
OUDBERG;1
A-DAMRIJNKANAAL,KANAALDIJK;1
KAVEL H46;3
RIELER ENK;2
Gerbernesseweg;1
TIENRAIJSEBOSWEG;1
ZUIDVOLKERSLOOT;1
Huis van mr Colley;1
ZUIDVELD;5
Vlaardingen Ex Libris;1
"vindplaats 5Z_24; Almere Hout Noord";1
HET HAKEN;1
IJsselmeer Stavoren 3;1
PLATTE BEND / GASTMOLEN;1
OUDE LANDEN;5
Plangebied 1F8, Achterwerf 240;1
LATTROPPERVELD;1
SUSTERSBROEK;3
Kasteel Batestein, noordgracht;1
Heerendonk;1
"Meerdreef; Tienakker";1
ZWEMBAD;16
plangebied 5 kromhurken;1
HET VAGEVUUR;9
BOUTENBURG;25
Langebosschemeer;1
Konneweg I;1
TRACE A28/E35, WESTERES;1
Stadsweg 35;6
Broekhuizerlaan, voormalig AMK terrein;1
BIEMBERG;3
Bowlespark;2
"Voormalig AMK-terrein M10498: Polder Liesveld; Peppelweg; Peppelhoeve";1
Hofgracht;1
LANDGOED RECHTEREN;1
Centrumplan Locatie A;1
"Voormalig AMK-terrein M13755 / CMA28F-A27: Bovenesch; Helweg";1
De Gement (De Gemeentens Weiden);1
Noordeinde 27 en 25a;1
DRIJFJESLAAN;1
BAEXEMER WEG;1
ST. AGNESKLOOSTER;1
Steenheuvelsestraat;1
"Ijzendijke;Jufferschans";1
Gasthuisdreef;1
BIJ KERKHOF;1
ORTJESHOF;1
Nieuwersluis, Rijksstraatweg 6;1
HATERSE VENNEN;1
VOSSENBERG;12
SMALVOORT;1
BERGHUIZEN;2
SPANDERSWOUD;1
N34, Galgwandenveen;2
ROOSJESWEG;2
EIKENSTEIN;1
GROOT BLANKENSTEIN;2
Marialaan;1
De Winkel-Megensebaan;1
Hoekpolder;1
Bunschoterstraat;1
ANNEBORCH;1
LANGS SCHOONEBEKERDIEP;8
HAVIKPOLDER;1
Romeinse castellum Fectio;1
HARNASCHPOLDER TERP B;1
Reijakkers (Bekse Akkers);1
LUYTENBROEK;2
GENDT;1
Estersveldlaan;1
Sportveld Oosterkruisingweg;1
VALDIJK;1
HOEKWOID-SPAANDERSLAND;3
Stationserf 37;1
Beusichemseweg zuid, Kniphoek;1
ZEEARENDSTRAAT;1
Tweemat I;1
'T DORSIE;2
Aersoltweerde;1
OVERKAMP;1
Kasteellaan thv nrs 89/91;1
Peperkampweg;1
MASSELINK TE SINDEREN;1
MELKFABRIEK ERVE HEUVELMAN;2
SPIJKER/'T SPIJK;1
NATRIUMWEG;1
BERG EN DALSEWEG 96;1
06.113 Leendert Valstarstraat 2 Maranathakerk;1
Eikenstein;1
Broek, voormalig AMK-terrein 13263/38E-A38;1
Voormalig AMK-terrein: M13254 / CMA38G-A08;1
Tuinstraat/Burgemeester de Withstraat;1
Burg. A. Colijnweg 6-8;1
RINGUM;1
FIRDGUM EEN;1
"Braassemerland; noordeinde 176";1
KLEUNVEEN;1
Stokkelaarsbrug;1
Rijnhuizen;1
KAMPERSHOEK-LOCATIE B;1
VESTJENSHOEK;1
"SPEULDERBOS; MARTHABERG-OOST";1
SLENERWEG-ZUIDOOST;1
PLEIN;1
LEEMDIJK;3
Markt 14a-14b;1
Meander Kasteel Heeswijk;1
"Voormalig AMK-terrein M10451: Polder Grootewaard; De Heuvel";1
SCHAPENKUIL;1
HUISSTEDE;1
Van Welderenstraat;1
HUISAKKER;5
IPENRODE;1
"DE WOERDEN ; EWIJKSCHE VELDEN I";1
GROTE ES, RHEEZERWEG 88;1
PATERSWOLDE MEER;1
VOSSEN;4
Wieken Vinkenhoef, uitbreiding Gronddepot;1
Gramserweg/Oude Postweg;1
Verzorgingshuis Nebo;1
in de pachtkamp;1
Diesdonk;4
KLIKJESSLOOT;1
Rivierduingebied;1
Hoeksestraat;2
Hooge Werffe;1
HOLLE WEG BIJ BROEK EGGE;2
Zuidelijke randweg;1
"Donk; Pater De Leeuwstraat 17";1
01.019 Peperstraat/Kuiperstraat;1
FLORISHOEVE;2
KLEINE CRONESTEINSE OF KNOTTERPOLDER;1
CANISVLIETPOLDER;1
Oud Bodegraafseweg, locatie 1;1
VAARWATER NAAR DE COCKSDORP II;1
De Mars-Oostzeestraat;1
HUIS VORDEN;2
Graaf Reinaldweg;2
HOGE HERENWEG;2
KAMPWEG;4
DE KLEINE GEIN;1
STRAND DOMBURG;30
Hanzelijn Sallanddijk;1
Koeberggroeve;1
De Driesprong (vp35);1
KAVEL E51;1
Drachtstercomplex;1
DRIEHUIZEN;22
Schadijkerweg Oost;1
Rijksweg 57, vindplaats 9 Molenweg;1
HOLENWEG / HOLLEWEG;1
Burgemeester Heusdenslaan Steenhuizen heempoort;1
Beijerd en 't Riet;2
Zuiderdijk;1
NABIJ DENNEBOOMER LEE;1
Nesciolaan;1
Dijkstraat 81;1
COMMANDERIJ;1
St. Annastraat;1
RUSSENLANDEN;2
ROZENBERG;1
Het Asselt;1
HUIS TER KLEEF;1
LOONERDIEP-WEST;2
EIKESTRAAT;5
Baarjesweg/RIVA-terrein;1
CENTRUM (ACHTER RABO-BANK);1
VOORMALIGE BOERDERIJ DE TIL;1
"REMMERDEN ; UTRECHTSESTRAATWEG";1
Europakwartier, Almere Poort;1
't Klumpke;1
Dorpsstraat 347-349;1
USSEN;1
DE UILENBURG;1
MAAGDENBERG;1
LEMEL;3
Erp-Noord;1
Ambyerveld;1
PLEIN 1944;1
'T SCHRIJVERKE;1
Warnersstraat;1
MUN;1
Blauwlakenblok/Sint Annenstraat;1
PROV DRENTHE;1
REUTHSCHE BERGEN;1
Humaldawei 28;1
ESP;2
HOOGE BURCH;3
ELZEVIER/OUDE BOMMELSE STRAAT;1
HITSBERG;2
STEENBERGER VELD;1
VIER MORGEN;4
STADSTOREN;1
Brabantse Biesbosch Polder de Kroon en de Zalm;1
Vennetje;1
KOULEWEG;1
FORT RAMMEKES;1
MARVELD;2
Horst;2
R.K.KERK;3
"SCHELDESTRAND; SCHELDELAAN";1
boerderij het Kymmelhuis;1
WALFORT;1
VISVIJVERWEG, KAVEL G29;1
MESSCHENVELD;3
kasteel 't Juffere;1
Broekstraat, Horstacker 1479;1
TEN WESTEN VAN DE KERK;1
OUDE CAMPSWEG-SITE 19.07;1
Voormalig AMK-terrein M9466/CMA37E-075: Willemshoeve;1
VEENESLUIS;1
HUIS TE VLEUTEN E.O. (LOKATIE 9);1
Strijbeekseweg 50-52, Strijbeek;1
POLDER BIESTER;5
Nassauwijk;1
KATWIJK;1
Polder Breeveld;1
KLEIN KATWINKEL;3
Botermarkt/Gierstraat;1
Commandeurstraat;1
GELE RIJDERSPLEIN;1
"Voormalig AMK-terrein M10499: Polder Liesveld; Peppelweg; Peppelhoeve";1
16.97 AALKEET BUITENPOLDER;1
BATOS ERF;1
MUSSELMEDE;1
Voormalig zeehospitium;1
VOORSTER ALLEE/WOLFELER ENK;1
De Centrale As;2
DE TEMPEL;2
OVER DE UITSLAGER STEEG;1
NOORDZEE EUROGEUL 3 NCP BLOK P17;1
KUPERSWEIDE;1
LELIENDALE;6
KOESTUKKENWEG-STROETENDIJK;1
Zaadmarkt;1
Voormalig AMK-terrein M13252 / CMA38G-A05;1
Marienhof;1
02.020 Arnold Hoogvlietstraat;1
ZANDKAMPEN;1
Vathorst V - Veenweg;1
ROVERBERG;1
Laat 175;1
Molenenk 5 te Hengelo (Gld.);1
AKKERS Z/O VAN BUNSCHOTERSTRAAT;1
NIELT;3
ZANDWERVEN;12
Hauwert 77;1
Galileilaan;2
VAN VREDENBURCHWEG PAX;1
Ten westen van de Europaweg te Doetinchem;1
Plantsoenstraat 3-7;1
Broerstraat;2
POLDER LANGEVELD;1
Spui-Lamgroen;1
Tungelerdorpstraat;1
Bospad Swalmen;1
Steenakkerweg;4
STOKKERSBOSJE/NACHTEGAAL;1
Padihoeve;1
WATERHOEF;1
De Grienden: fase 1;1
BENES-ZIENDIJK;2
LOMMERHEIDE;2
"HET RAZEND ZWIN; VEERWEG";1
Hoge Rot;1
Driehuizerweg, Voormalig AMK-terrein;1
STEEGSBROEK;1
"MUN ; ZEVEN VAATSEL";2
DE GROOT;1
HERVELD - DORP;1
OUDE MIRDUMER KLIF;1
NIEUWKERK;1
TONCKENSBOS 24;1
DE STOKTE;1
ARME EN BIENEN;1
WOESTE HOOGTE;1
OUDE WINTERSWIJKSE WEG;1
BIEZENPOORTJE - GOUDSEPOORT;1
WEG VAN PALUDANUS;1
HULLIG;1
Colmschate-Noord;1
NEDEREINDSESTRAAT - VONDELSTRAAT;1
Veluwestraat;1
DEN ASBURGSKAMP;1
SLOTWEG;1
Muntstraat;1
Witte Brug;1
Centrum Buiten, Blok 11;1
MARKERMEER HOORNSCHE HOP 2;1
DE COMMANDERIE;1
"IJzerpad; Kavel B39";1
SPRINGWEG 128;1
OUDE TOREN-DR. TIMMERSLAAN;1
SNEEK CENTRUM;1
OOSTGAT 1;1
Nieuwe Vierwegen;1
DIJKWEG ROTTERDAM;1
OUD SOEST;3
"BROEKSTRAAT;TUSSENRIJTEN; HET BROEK";1
Elzenweg/Achterdijk;1
HET GELAG;2
Karstraat/begonialaan/Fresialaan;1
01.012 Waalstraat 19;1
Zeddamseweg 13--19;1
Dronrijp, Hobbemasingel;1
HOOGLANDS POLDER;1
de Ven;3
OOSTERDOBBE;1
VOORMALIG KASTEEL VREELAND;1
Conradstraat 136-140;1
Oude Vismarkt;1
HAVEN;7
Holierhoekse Polder;1
Oostvoornse Meer 12;1
KADIJKSWEG;5
De Wal te Arcen;2
POLDER OVER-ZIJDERVELD;1
BEILEN;1
SLUISSE STR.;1
Krommenieer Woudpolder;1
DONKERE SPAARNE HOEK BAKENESSERGRACHT;1
Oud-Westenrijkpolder;1
Groote Dok Oost;1
"WAGENINGEN-HOOG; HARTENSE WEG";1
KILDERSE WEG;2
OSSENZIJL;1
PRATHOEK;1
Marnixlaan Van Hoornekade;1
ZUTPHENSEWEG/RENGERSWEG;1
Grotestraat 121;1
Triborgh textiel fabriek;1
RAMMELBEEK MATEN;1
LOCHEM;2
CRONESTEYN;1
DE HOON;2
Sieradenbuurt;1
LEUVENSE KWELDIJK;2
BOERDIJK;3
De kampen (noorderesch);1
LEIDEN-ROOMBURG (ROOM- EN MEERBURGERPOLDER, BESJESLAAN, MATILO);1
'T GROENE WOUD;8
ZANDVRUCHT;2
BERGKERK;1
"Nieuw Ehrenstein; Brughofweg";1
NOLDIJK;4
KAVEL E1454;1
18.27 DIJKPOLDER;1
Achter de School;1
WIENKELDER;1
Schurinklaan 49;1
Westeind, huidig pand Kraaijeveld;1
ROUWENBOGT;1
KOGGENRONDWEG;1
MONNIKENHUIZEN;3
HOGGETIEFLAAR;1
Vlieker Eijkenweg;2
OLDENKLOOSTER - OLDEHEEM;1
Coornhertstraat;1
04.072 Holyweg 16;1
HET HOFF;1
HOOGENBOOMSWEG;1
"PUTTERBOSCH; POSTWEG; BERKENLAAN";6
Skillaerd 7;1
A. RAMPIONSTRAAT;1
NANNIELAANTJE;1
Rijksstraatweg 136;2
Kooijmansweg;1
Knooppunt Empel;1
EVERTSBOS;1
GROENE WIJK-NOORD;2
autoweg Assen-Veendam;1
DE WEIJENBERGH;1
Proosdijpark. Markt 25-27;1
"DUSSEN; BAAN";2
Dreef;1
"Geul; Eperweg";1
NOTWEG (VINDPLAATS 26);1
"""De Prins van Oranje"" Rijsdijk";1
NIJKERKERWEG/N68;1
OOST-DUIVESTEIJN;1
Centrum, N229, bij brandweer;1
Breestraat 30-36;1
Kleffens;1
Boerhaveterrein;1
ASSENDELVERVELD;5
KAKERT;2
ZWARTEWEG;3
Woerdlaan 61, De Meer;1
Andijk II-III/IV Polder Grootslag;1
KARDINGE;1
ZUIDDIJKSTRAAT 20;1
KASTEEL LINSCHOTEN;1
UNEMA STATE;1
Lord Nelson;1
FRANKENENG;6
Herweg (perceel 08);2
DE LIJ;2
HERFTE;9
De Donk;3
KOUSWEG;1
"Noordelijk benedeneind;benedeneind noordzijde; voormalig AMK-terrein";1
Heibloem-Heijtsberg;1
STADSPOLDER;1
ZWARTE PLAK-DRIE KOOIENWEG;1
Burgemeester van Mourikstraat;1
"'T BLOKHUIS; BOLWERK; DWINGER";1
Bouwveld 12 in De Schuytgraaf;1
Rembrandtweg;1
LANGE NIEUWSTRAAT;1
Kinkhorstermolen;1
OUD EMMELOORDERWEG, KAVEL J125;3
NOORDERMEERPOLDER, MEERDIJK;1
strand Westhove;1
Oude Draaipad 8-10;1
DE BERGEN;20
Noordzeekust Hoek van Holland 5;1
KAVEL B79;1
ABBENES;1
DE LANGE REIJSERSPAAL;1
Hersend;1
Hof;1
01.081 Waalstraat;1
Kavel T25;1
Lodijcke;1
Wierumerweg;1
ITALIELAAN;1
"Ederheide; Koeweg; Voormalig AMK-terrein";1
Blindeweg;1
HOBBELER HEIDE;8
TERP;1
REINDERSHOF;2
Klavertje Vier;2
SCHEVICHOVEN;2
DE MORGEN;2
Oostsingel 170-172;1
Ter Aalst;1
OVERASSELT;1
akker;8
"Joachimikade; Stadskantoor";1
LANGS TWENTHEKANAAL;1
DE ESSEN;1
RIJKSWEG ZUID 87;1
AALKEET BUITEN 046;1
"HERSTRAAT; TERHEIJDENS SPOOR";1
Stinswei 5;1
KLOOSTERWEI;3
Haarlem, Oude Gracht 130;1
TER AALST;2
DE BUNGELAAR;4
RUIMSLOOT;1
DE WITTE HOEFTJES;1
PASTOORWEIDE;1
TERREIN STEENVOORDE;2
HEMMELHORST;10
Lieving;1
TRAAY, HEUVEL 7, voormalig AMK terrein 12334;1
GROTE- EN KLEINE HEG;1
KAPPERSBERG;12
MOKKELENGOOR;2
Hunebed van Loon, Taarlosche weg;1
N271;4
DE MOLEN;2
Laan van Lichtenberg;1
BIJ KOOI 2;1
Suetanpad 11;1
Rijksweg N34;1
NOTKAMP;1
BAALDER ES;5
De Oude School;1
PRIGGEDIK;2
Achterweg 28;2
PAPENHOVEN;1
Hogeweg te Lienden;1
westerein;1
MOLENBUURT/MULDERSTEEG;1
Wageweg;1
A2 Ketencomplex;1
Maasbommelse Straat;1
WESEPER ENKWEG;2
LEIJENGRAAFSTRAAT;1
MONSTER 4;1
"Lisdoddeweg; Kavel F34";1
LEEUWEN;1
Vogelhorst;1
SONSBEEK;1
BENNEVELDERESCH WEST/KOEMATEN;1
SLOOTKANT BOERDERIJ NW.SCHUURENBURG;1
Smeepoortstraat;1
ST.NICOLAASKERK;2
FZ24;1
HULSHORSTER ZAND;3
T BREUKSKE;1
BOMHOFSWEG;1
EMMERVELD-ZUID;1
Hooidonksche Akkers;5
"'T SOL; SOLSE BERG";2
Overen;1
Kleine spui 20;1
EFFEN-ZUID, VOORMALIG AMK-TERREIN;1
De Bloemert;4
BOTERMARKT 26 (SLEUF VOOR PAKHUIS);1
DE LINGEHOEVE;1
TRICHTERWEG;1
WESTERWIJTWERD;1
Kerkstraat 31/33;1
Gorinchemsestraat 22;2
Eggestraat;1
ESPELERDWARSSLOOT, KAVEL C63/C64;1
Trace rondweg;2
16.75 AALKEET BUITENPOLDER;1
ZUSTERMOLEN;1
BENES;5
Hoverhofweg;1
TEN KLOOSTER;1
Da Costasingel;1
HETSBERG, HITSBERG;1
RANDWIJK;2
BIJ DE NIEUWKERKS BUURT;1
RECHTERSTRAAT;1
Oostvoornse Meer 15;1
Maer- of Korendag;1
GRIETJES VEN;1
07.027 Georg Stephensonstraat 43;1
"MOLENBROEK; HET SLOTJE";1
OUDE SCHEYTERGRACHT;1
Huis Hagen;1
OOSTERPOORT;1
Bastion Zeeland;1
Hoefweg-Molenweg;1
Grootschoterweg, Dammerstraat, Grensweg;1
Startingerweg 33-33a;1
BEYUM;1
OP DEN HEUVEL;1
Oud-Loosdrechtsedijk;1
Scheepsmakershaven;3
Laag Wijbosch;1
SCHILDERSBUURT;1
St. Agathaplein;1
DE VLIERT;1
Pastoor van de Boschstraat;2
"HEUVELTERREIN; TEN HAGESTRAAT";1
Jan Durkspolder, locatie C;1
BUNGALOWPARK, KAVEL M13;1
natuurgebied 'Ingendael';3
17.19 AALKEET BINNENPOLDER;1
GROETPOLDER;6
Nefkensterrein, hoek korte Bergstraat-Vlasakkerweg;1
LAGENWAARDSE POLDER;1
WESTEINDE 9 ('T FORT);1
LANGE PAD;2
T WAAL KREUSKAMPEN 1;1
Hoensbeek;2
ACHTERSTE BROEKSTUKKEN;1
PREEKHILPOLDER;1
Veersesingel;1
FRIESESTEEG;2
NIEUW REEMST;3
HERENLAAN;1
REIMERSWAAL;40
DE BOORE;1
JEPPEMA STATE;1
GRIFT DE;1
"Voormalig AMK-terrein M8780 / CMA37D-040: Polder Oudenhoorn; Kerkhoek";1
BRUINKOOLGROEVE;6
"HEYTSVELD ; RIPS";1
BINNENHEIDE;1
HORSTERENGWEG/BUITENBRINKWEG, voormalig AMK-terrein;1
BRUG LOONER DIEPJE;1
"ASSELSE WEG; HOOG BUURLOSE WEG";1
DE CLOESE;1
Poppink;1
Schaarsdijkweg;1
Schild es;2
"Tongelre; 't Hofke";2
"DE OOY; DE OOIJ";2
Armeniaans Schuitvlot;1
SMITZERVELD;1
DORPSSTRAAT 74;1
Hennisdijk;1
SCHEURRAK T24 II;1
OOSSELT;1
Scholenland;1
HOEVENEIND;1
Spijk en Wielstraat;4
Hazenwinkel;2
Engelandstraat;2
SCHORFVENLOOP;2
BROEKLAAN;1
LINDJENSWEG;1
Strijbeekse Beek;2
NOORDZEE EUROGEUL 2 NCP BLOK S1;1
Hoofdstraat 36;2
LEEMHORN 1;1
Staniaterp;3
DE GROENE JAGER;1
VLIETLANDEN 03;1
Aardbeiweg;1
ASSENDELVER POLDERS-SITE P;1
ZELDERSCHE DRIESSEN;5
Markt/Verbindingsweg;1
RIETVELD;2
"O.L.VROUWEPLEIN 21-23;";1
VARKENMARKT;1
Mierlo Centrum;1
GEUZENDIJK BLAAKVEN;1
MAASVLAKTE SLUFTER 1, 3 EN 5;1
WESTERSTRAAT 57;1
KOEVERINGSE PUT;1
Kraakselaan, N317;1
"Voormalig AMK-terrein M10367 / CMA37D-062: Polder Nieuwland; Kerkhoek";1
BERNSEHOEF;1
FRANKENHOF-OOST;1
STRAND;42
SCHOTEN;1
PUTTENWEG;1
04.004 Maassluis Sportlaan/Vermeerlaan;1
WILTENBURG/ DE BURG;3
KNEGSELSCHE HEIDE;2
"VAN OLDENBORGHWEG; WESTKROFT";1
Woudbloem;1
KNARBOS, KAVEL E24;1
Dinsdagstraat 23;1
Klaaskinderkerke;2
MALBURG, voormalig AMK-terrein;1
Molenstraat 43;2
TEXELSTROOM V;1
Leemkolkweg;1
KONINGSHEIM;1
KOPPELSTRAAT;3
Grutterskamp;2
HOOGSTRAAT II (COTHENSE ZANDWEG);1
Hoge Traan/ Blinksloot;1
Vrachelen III;1
LANGE KUIL;1
SCHEUTERT;1
Vijfhonderd-In-Beoosten-Eedepolder;1
PLASPOELPOLDER;2
Algemene begraafplaats Doctor Schaepmanstraat;1
Kasteel Rivieren;2
Hoflaan 16-18, burcht van Oostvoorne;1
Schuitweg;1
'S-HEER ELSDORP;1
SLOTJE;1
IJTOCHT;1
WILHELMINASTRAAT;2
Nagelerweg vp 14;1
Oudijk 17;3
IJsselmondse Randweg;1
Helvoirtsch Broek;1
Rijksstraatweg 219;1
Lautawei 1;1
"Biddingweg; Kavel K10-II";1
OUDE WERFSTRAAT;1
DORPSSTRAAT 179;1
Ketsegangske (pand bakkerij Rooyakkers);1
buggenummerveld;3
Sint Gerlach;1
Kattendijkse Dijk;1
Gastersche diep, Ballooerveld;1
Kasteel Adrichem;5
OVERSPOOR-NOORD;1
Mencia Internationale school;1
DEKEN NICOLAYENSTRAAT;1
WEIWEG;2
Rondweg Hummelo;1
KONIJNENBERG;8
OPRIT A-28;1
OUDDIEMERLAAN 543;1
Garagebedrijf;1
Hoofdstraat 318;1
GANZEBOOMSWEG 26;1
Vliegtuigweg, Kavel 112;1
Houtwal, Harderwijk;2
"WATERMOLEN BEEK; HAVEN; KADE";1
SPANG WELBEDACHT;1
DE VUCHTSE HOEVE;3
DE TRIP 3;1
LINNE-ACHTER LINNERBOS;1
HET FLIER;1
KLETTERSTRAAT;5
Nevengeul Stadsweide;1
HET KIND VAN TRENTE;1
NAPOLEONSBAAN;4
D3 EN D4/STEENAKKER-DIEPENWEG;1
HOOGE STOEP;1
"Berg van Overwerve; Kerkweg; (administratief) voormalig monument";1
AUTOWEG;9
BATHMENSE ENK;1
Schependomlaan 86-88;1
Kleverlaan;1
LEPELSTRAAT;1
Noordrand III;3
VRIEZEWEG;2
CASTELEYNSWEG, KAVEL M29;3
Ongereedweg;1
Valkhof;1
SLOKKERT;1
DISTRIPARK EEMHAVEN;1
BIEZELINGSCHE HAM;1
Beakendijk;9
ESCAMPPOLDER;3
unaporta;1
Huib van de Vechtlaan;1
De Kremmer;1
HOOGE VELD;7
ONBEKEND GELDERLAND;1
BRABERSHOF;1
POLDER BOTERSLOOT;2
FRAYLEMABORG;1
HEIDE / FLEURKESWEG;1
Niehoofsterweg 35;1
ERVE STEGEMAN;2
STUKJES 1;1
Oostromsedijkje, voormalig AMK-terrein;1
HINGEN;1
WALBURGSPLEIN;1
"Gemaaltocht; Kavel A57";1
ENSCHOTSE AKKERS;1
Meestershuis;1
"Voormalig AMK-terrein M10431: Polder Over-Slingeland; Slingelanderij";1
Hekven Mijkenbroek;1
OUDE ENG;3
BUSSLOO;1
"Borrendamme; Hammen 1";1
OOSTEINDSCHE LANDEN-ZUID;1
HUIS TE VLIET;2
KAVEL J90;1
Toekomst Zuid;1
Tolsende 01;1
St.Andriesstraat nr. 18-28;1
Stevenskamp;1
RIETERDREEF;3
Dorpsstraat 92;1
Remmerden;13
BOTERPOSTNOLLEN;1
Hofstad;1
VENNEWATERSWEG;1
kasteel Schonauwen;1
Hobertsveld ('t Schuutske);3
Ganzenmarkt;3
"Oude Markt; voormalige Kromme Elleboog";1
Galgenveld;1
Roomburg;13
SLAPPETERP;1
LUITERT;1
WOLFSHAGEN;1
TUIN VAN NICO MAASSTRAAT 16;1
HAARBOER;2
OOSTERWIJZEND;11
URK;3
KRUISBERG I;1
KONINGSSTRAAT 10 - 12;1
SCHAAFSE BRUG;1
ZWARTENDIJKSTER SCHANS;1
Luiperbeek;1
Klein Trierveld;2
"'t Vaneker; Kamp van Scheperij";1
TWELLO;1
MEERNHOEVE;5
Noordwest Tangent jaarboek3;1
Het Riels Hoefke;2
LALLENBERG;1
APEDIJK/AVERDIJK;1
SCHOORLDAM;2
OUDLEUSENER ES;1
Mijnden;2
ZUIDENDIGER VELD 1;1
KLEEFSE DIJK;1
Lange Herenvest 122;1
Isselt;2
Oss-Huisseling Daalderstraatje;1
Werkendelslaan;1
Brandweg;1
Groenloseweg/Ruiterweg;1
DE STEENDERBULT, LANGE WEG;1
baggerstort stadsgrachten;1
SPANJAARDSDUIN/RIETDIJK;1
EMMERMADEN-OOST;1
KAVEL Q98;1
N.H. KERK (VM. ST. LEBUINUSKERK);1
ST. NICOLAASLAAN 86;1
OOSTERBOEKELWEG (VINDPLAATS 41);1
"DE LEMSKUIL ; GAALSCHE HEIDE";1
Voormalig AMK-terrein M12897: Oosteind 52-53;1
Het Woud;2
Antoniuslaan 74;1
LUTJELOOSCHE MEEDEN;1
KLEINE SPELDE;1
"Oerdijk; Nieuwe Soestwetering";1
RODERWEG-DRIEBERGENDIJK;1
Laarsche Velden;1
Zoeksestraat;3
HET MONSTERSE GEESTJE;7
Hoge Weidelaan 7;1
DE DOELEN;2
OOSTERBOEKELWEG;1
Jeugdgevangenisterrein;1
terprestant;1
UIVER MEERTJES;1
BOVENBERG;3
Israelstraat;1
Het Zeskant;1
Laatweg;1
Deo Gratias;1
DE JOOD;1
"PURMERLAND; MELKWEG";1
Molenweg in het Zevendal;1
Poldersekade 16;2
HAANSBERG;1
BOSBAD;2
KUINDERWEG, KAVEL M53;1
Gortstraat;1
VLIEGVELD YPENBURG;3
ELZEVIERSTRAAT;1
STEENHUIZEN;3
NIEUW RIJSBRUG;1
HOOGDIJK, VILLA;1
ZEEGSERSTEEG;1
Pastoor Blaisseweg;2
16.A  AALKEET BUITENPOLDER;1
"ROODE BEEK; ETZENTHER MUEHLE";1
Hellestraat;1
KIKKERTSVEEN;5
"Natuurpark; Kavel F18";1
SPIEKWEG, KAVEL ZP37-I;1
NOORDERDIEP;5
GROOT ATELIER;3
Alingtorp;1
VIERUITERSTEN;1
POLDER MATSLOOT;8
"EKKERSRIJT; HUIS KEMENADE";1
Hoge Rijndijk;3
STIELTjESSTRAAT;1
NOORDZEE HINDER 2 NCP BLOK S3 jaarboek2;1
Torenburg 8-10;1
Deijnschestraat;1
NOORDERKOGGER ZEEDIJK OF WESTFRIESE OMRINGDIJK (VINDPLAATS 56);1
TER HORST;1
EVERSWAARD;1
HEERSTRAAT ZUID;2
WAYENSEDIJK;4
GROENDAALSTEEG 5 - 7 (NOORDZIJDE);1
SCHOLLEVAARSWEG, KAVEL LZ22;1
URKERWEG, KAVEL D131;4
Stadsweg;2
NOORDER KADIJK;3
BELVEDERE (SITE K);1
Birstumerrak;1
KELSDONK;2
Veerpoortwal;1
Valburgseweg 16 t/m 20;1
LEXMOND;1
Gasleiding Oude Statenzijl-Midwolda;1
RIEKSHOEVE;1
CHAAMSE BEEK;2
LONGERHOU;1
"Koestraat; Poternestraat";1
KAPELLENHEEM;1
HOOGVELD-OOST;4
HEIDENWEG, BEEGDERHEIDE;1
SCHIETBERG;3
Drie Hoefijzers;1
REKSELAAR;1
Doesburger Eng;1
Holthuizergoed;1
VINKWIJKSEBROEK;5
WESTKANT VEERWEG;1
boxweert;1
MARKTPAD;1
Middelwetering - West/ Rozenburcht;1
STERH;1
STATION;5
S 15 - DE HOFJES;1
Golbaan 'Martensplek';1
OUD WILLAAR;3
PANCRASGORSE DIJK;2
NOLLENSTEIN;1
Voormalige terp Sottrum(afgegraven terp naast ijbaan);1
De Vliet, Buijensweg;2
Oud Wulven, Rondweg;1
GEESTBRUGWEG 38-40;1
Waardsedijk;1
NIEUWE KERKSPLEIN 22;1
Sint Janskapel;1
NABIJ GALGENBERG;1
Westwal;1
DE BERK BERKELAAR;1
Santrijngebied Huis voor Cultuur en Parkwoningen;1
GRAFKELDER/PLANT.W.III;4
VLIERMANSWEG;1
ZELDENRUST;4
Beusichemseweg 6 (tuin);1
BIRSTUM;1
Touwslagersbaan;1
AMERBRUG-WEST;1
COLDENHOVE;1
KUINDERBOS, KAVEL K68;1
GALGENPLEK (DE KAMER);1
ORANJEKOM (MARIENBOSCH);1
KONINGSSTRAAT T/O DE BLAUWE POMP;1
"AMELBERGAPLEIN; SALVATORPLEIN";1
NIEUWE BROEKPOLDER;2
Landgoed Ter Hooge;1
WITTERVELD-WEST;5
Zwarte Pad;1
Ewijkse Velden;1
sportpark;2
Essenpas;1
Advocaatsdreef 12;1
DIKKE STEEN;1
Oude Berkt/Oude Berkterkamp;1
Botsestraat 8a;1
KLEINE BRINK - ABDIJKERK;1
VOORSTE DIEP;1
Loeffplein/Tolbrugkwartier;1
BELVEDERE (SITE B);1
KERKHOFWEG;2
Babelweg/Zorgcentrum Ter Mantelinge;2
GROENE KERKJE;5
N31 Hegewiersterfjild;1
Sellekamp;1
SINT ANTONIESTRAAT;1
chaamse bossen;1
VISSCHERS GAT;1
BINNENSTAD (PEPERSTRAAT);1
HOLDEURN;6
Watersley;1
Hambloksestraat 12;1
Noord Erve Winkel;1
station;2
Naaldhorst;1
RIJKSWEG A1/LOSSERSE DIJK;1
VOORDECOMPLEX;4
"HOUTSTRAAT; OP DE KEMPEN";1
BEUTJESHEIDE;2
IJsselgouwe;2
JUDITH HOEVE;1
RK KERK;3
Best-Molenstraat;1
"LUNEVEN; ERFLANDEN";1
HET MOLENBLOK;2
BARGER OOSTERVELD;4
grensweg;1
DE VERSEN II;1
DE PUTTEN;2
SCHEPENWIJK;4
Rijksweg N271;1
HONESCH;1
vijfhoek;1
Osseveen;1
Boterstraat 22-26;1
Voulwames;3
Kanaaldijk 14;1
HIJKERMEER;1
Gerendal;1
DE HOOP;6
Leegstaand veldje aan Termieterweg;1
WEST-SOUBURG;1
Oostwaard;1
DE STAART;2
Dorpsterp;3
VOORMALIGE CATHARINAKERK;1
Julianaschool;1
ZIEKENKAMPEN;1
ROTTERDAMSEWEG;1
segeersstraat;1
VEENENDAALSE STRAATWEG;9
KNOOPPUNT B4;1
Meerwijkweg;2
KORMELINKSWEG;2
Riooltrace Park Zijpendaal;1
Schakerloopolder;1
Het Wilgert;1
DE POORT;14
Molen Akkers;12
LAARBERGWEG;1
VOSHAAR;2
"Kavel Q55; Het Spijk I";1
"WESTENDORPERHEIDEWEG ; SCHAVEREN";1
BEILERSTRAAT;2
Lagelaan;1
HEEMSTEDERBRUG;1
kasteel Leeuwenstein;1
Terschellinger Gronden 6;1
TAMMINGAHUIZEN;1
De Braak;2
07.082 Maassluissedijk Vergulde hand west 5;1
POLLESTIJN;1
"BERG; LORBERG";1
BAARSDORP;4
ZWEELOERVELD-MIDDENWEG;1
MOERMOND;1
KLOOSTERANSTEL;2
Heerenven;4
Schrames;2
ELPER NOORDEVELD-ZWARTE WATER;1
L ABTWOUDSCHE POLDER 14;2
De hoef Westzijde, Vindplaats 2;1
PLETTENBURGERLAAN;1
VERLENGDE HUIZINGALAAN;1
PAPENDRECHTSE STROOMRUG;4
HEERSTAAIEN;1
Schoonrewoerd Kalverweg;1
BICKERSLAAN;1
Oostappensedijk;1
Oold Kaalters Veldke;1
Heerenlandweg;1
BOVENWAARD;1
HOEK PICARDTWEG-ASSERSTRAAT;1
VELSERBOEKPOLDER (SURFPLAS);1
KEIJENBERG;9
HEEMSKERKER NOORDBROEKPOLDER/CASTRICUMMER POLDER (VINDPLAATS 7);1
GOUVERNEURSWEG;1
VERKEERSPLEIN BOCHOLTZ;4
Lange Kerkstraat;1
Lekdijk 11;1
Develstein;2
DROGE WIJMERS;2
Huis Heeckeren;1
NYE MUNT;1
"Voormalig AMK-terrein M10714 / CMA37E-103: West-Abtspolder; Polderweg";1
Tiel-Medel, vindplaats 1;1
"Sterreschansweg; Hunerberg";1
WIERDEN;3
Doniastate;1
"Molenerf ""De Goede Hoop""";1
Wijkpost Velsen;1
Susterderweg;4
Huisterp;1
VEREENIGDE POLDERS;1
afgegraven terp naast de ijsbaan;6
WESTELIJK VAN BEMELERWEG;3
'T WAAL STREEP;1
ESDO Erasmushove;1
WESTERDREEF MIDDEN;1
ASSENDELVER POLDERS-VINDPLAATS 28;1
Lijsterberg;2
STOEVELAAR;1
NEELTJE P.BOS OF KOOKHUISLAND;1
HEIVELD;2
HUIS HET OOYE;1
Chopinlaan 10;1
MEERLOSE HEIDE;2
De Berk;13
Oprit A76;2
HEILIGE WEG;1
Dorpsstraat 8;1
DE BUUSSEKOEL;1
N302;1
Lintveldseweg;1
Huigbrouwerstraat 3;1
OMMERSCHANS;1
Biervliet: Hugevlietstraat, Boterzandestraat, Weststraat;1
KERK VAN MARIA GEBOORTE;1
Pierikstraat;1
FORT MOERSPUI;1
"KARWEG ; STROESCHE ZAND";1
De Voortweg;1
N229-WEST;1
Pampushoutweg Fase 1;1
NEEREIND 1, voormalig AMK-terrein;1
Voorstadslaan;2
TACOZIJL (SLUIS);1
RASSEN NCP BLOK S8;1
DE KLEINE GEER;1
OUD GROEVENBEEK;2
Omgeving Gat van Melsen;2
GELPENBERG-OOST;2
Stuivenes;1
Markt-Noorderwal;1
Bommelsekade;1
Waalwijkse Baan;1
ST.PIETERSKERK;1
BONTEPOORT;1
Nieuwe Straat;1
Voormalig AMK-terrein M10484 / CMA38D-023: Polder Brandwijk;1
MEERDIJKSE DRIESSEN;1
MORGENSTER;4
Zijdstraat;1
LUTJELOO;3
Dr. M. van Drielplein;1
Barrahuis;1
Zwammerdam, De Hooge Burch;1
ST. JORISKERK;1
Bakelsedijk 7;1
Havengebied Fase 3b;1
STAPELEN;1
Ned. Herv. Kerk;1
KASTEEL HEEMSTEDE;1
ERVE SNIJDERS;1
"LOCHTENBERG; EEKTERVELD";1
Meshal-terrein;1
18.30 DIJKPOLDER;1
KOUDENHORN (ZAKSTRAAT);1
Teijlingen;1
Hof van Tolhek;1
Driemerkenweg 2;1
Schoolweg 5;1
AARKELAND;1
Berlen Allee;1
"BURGGRAAF / BORGGRAAF; DE WIJNGAARD";1
"STEINERBOS; KERENSHEIDE";1
LEEUWENBURG 1;1
"Persant Snoepweg; Sportpark de Bloemerd";1
ASSENDELVER POLDERS-SITE K;1
"Biddingweg; Kavel K18";1
DE BETUWE;1
BOERHAAVEHUIS;1
Stationsweg 20 (Cambrinus);1
WIELEWEIKE;1
BUNDERVELD;1
HARTEINKDIJK;1
BIGGEKERKE;4
Wijkersloot;2
Voormalig AMK-terrein M9469 / CMA37E-078: Overgauw;1
De Boel;4
"REMMERDSE LAAN ; TRIMBAAN";1
Houtsdonk;2
GEERSTRAAT;2
De Laak en Gregoriuslaan;1
HOOGSTRAAT 19;1
't Zand Heultje;1
"Hoofdweg 92; Het Lagerhuis";1
CRANEVELDSTRAAT;1
De Ham;1
ERVE DE KOOI;1
Uiterweg 25A;1
OUWERKERK;1
Nunhem Netherlands;1
OUDE HAVEN-ST. MAARTENSHOF;1
WERVERDIJK;2
Kortenhoevenseweg-A.M.v. Schuurmansplein;1
Ondernemershuis;1
Molenbeek / Tolberg;1
KERK, DE KNOPTOREN;1
Veldhoeve, Sluisjesweg;1
TROPWEERE;1
ERVE DENGEMAN;1
OERBOS;1
BIJSSELSE BEEK;1
Haarpad, Voormalig AMK-terrein;1
GROENE WALD;1
GROENEVELD;2
"Luntersche Heide; Lindeboomsweg; De Leperkoen; De Vluchtheuvel";1
"POLDER MIDDELBROEK;TWAALFHOEVENSEWEG";1
Achtersloot 51;1
Wekeromse Zand;2
NEUSHOORNWEG, KAVEL Q105;1
DE SLOKKERT-WEST;1
MIDDELGAT 1;1
BLAUWSTRAAT, VOORM. WEESHUIS;1
Davidstraat;1
T' ZAND;1
L ABTWOUDSCHE POLDER 05;1
WATERLOOLAAN;1
HUIS BRUNHEIM;1
ST. MARTENSHOF;1
AMERONGEN-OOST;1
'T HEEGH;1
NOORDER STATIONSWEG;1
OOSTELBEERS A;1
DE BLAUWE KAMP;2
"BERNSE DIJK/MOFFENDIJK; DE PUT";1
Bloemstraat;3
RIJKSWEG A6, KAVEL J98;1
LAGE OUDE VEER;1
HEESBEEN;4
"Kerkverreweide; Kapt. H. vd Maadenstraat 44";1
Keutelberg;1
REMMERDENSE LAAN;1
Plesmanlaan;3
DE WEEM-NOORD;1
Scheepstimmerdijk;1
Bolwerk;1
"Centrum; Kromme Rijn; Rhijnestein";1
Schiedam Polderwetering;4
KAVEL D 133;1
DE DOORT;1
Het Soerense Broek te Dieren;2
HAAGDIJK;1
Valkestraat 34-40;1
SMEDESTRAAT;1
Buddezand;1
GROTESTRAAT 90-92;1
EELERBERG;1
KRACHTIGHUIZERKERN 22;1
TUURDIJK, KLOOSTER;2
"BOTERMARKT (PLEIN; OPENBARE WEG)";1
ERVE VRIELMAN;1
Mr Harm Smeengestraat;2
Zuiderdracht/Dorpsweg;1
heihof - Ravensbosplateau;1
KERKEVELD;2
ERVE DE HEURNE;1
ST JOOST;2
hoek Pastoor Elsenstraat - Ardennen;1
Grote Oost 78;1
GROENDAALSTEEG 4;1
Dorpsplein 37;1
DE KORTE STUKKEN;1
DRIEBERGENBUURT;1
APELDOORNSE WEG;2
Ringkade;15
RAANSBLOK;1
GEFFENSE BARRIER;1
NIEUWESCHILD;6
"DE BEEMD ; DE BEEMPT";1
PARTIJ;1
H.B. Hulsmanstraat;1
STHEEMANSSTRAAT-ZUID;1
WILDENBORG;1
04.006 Maassluis Mesdaglaan;1
SCHELLEKENS-/ SCHELKENSBEEK;1
"Stulpse Laan; Het Pluismeer";1
't Groentje, Badstraat 1-3;1
KIKVORSENSTRAAT;1
HAFKAMPERENK;1
RIJNDIJK 51;1
DE BONGERD;3
Botersloot;1
Muiderslot;4
Schoonoord;2
"Savelsbosch; Abris";1
HORLO;4
BOSLANDWEG;7
Hordijkerveld Singel;1
Geldermalsen, Rijs en Ooyen;1
N837;1
Zonnenberg;1
Binnenhoek;1
GAT VAN DER AA;1
Bloemendaallaan;1
STRAND TUSSEN MUI EN SLUFTER;1
17.AI-17.AK AALKEET BINNENPOLDER;1
AARDGANGSTRAAT;2
BOERDERIJ ZUILENSTEIN/NEDEREINDSEWEG;1
Sint Pancras;1
SCHUILKERKPAD ZUIDOOST;2
THEETUIN;1
KRABBENDIJKE;2
Prins Alexanderpolder II;1
'T ZAND/GROOTE BEEK;1
HOEK RANDDIJK/IJSSELSTEINSEWEG;1
ASSENDELVER POLDERS-VINDPLAATS 43;1
Stadsweide;1
Ijsbaan;1
BIELEN BELT;1
It Heechsan-Eastermar;1
ZUID VAN PERCEEL JEURISSEN;1
STATIONSWEG 16;1
Voorst;1
"Dongjumer polder ; Hovensreed ; Frittema";1
OUDELANDERWEG;4
BERGHEM;8
Terrein voormalig Provinciaal Ziekenhuis;1
DE ELZE;2
ERVE GROOT ACHTEVELD;1
"RIXTEL ; SCHEVELINGEN";2
LAGE ESCH;1
PRATTENBURGSE BOS;2
CRUQIUSLAAN;1
SOESTERHEIDE;4
BEETEWEG;3
Hortensialaan;1
Beekkant;1
KAMPSHEIDE;2
BUDELER BERGEN;1
GASFABRIEK TE ZEYST;1
Thermae 2000;1
DIEKBIERWEG;1
OVERLOONSE BOSSEN;1
"HAKKET; HOFKAMP";1
Kloosterveen;7
VINDPLAATS 2 EN 3;2
Groene Kade 3Z6;1
AALKEET BUITEN 082;1
ACHTERMEER;2
spijkerboor;1
BEEMDJE;1
DE LEEMKUIL;3
Over de Voort 4-6;1
ULFTSEWEG 114;2
MIDDELBURG/LUSTENBURG;1
DUIZEND MORGEN;1
Dennenlaan 1;1
kortendijk 67-69, Hamelhuis;1
Bergoss;1
Dethmerweg;1
NIEUWENOORD;1
RIETLANDEN-ZUID;1
URKERWEG, KAVEL E11;1
Patersweg / Laan der Verenigde naties;1
HELLEBEUK;5
Markt trafo;1
RIETDIJK,BINNENWEG;1
MERKENBURG;1
Harteveld;1
SCHALKWIJKSE VERKEERSBRUG;1
ZOELMOND DORP WEST;1
Kerk;6
"Gulperberg; voormalig AMK-terrein";1
Kerkheide;3
DE MEENE;12
HUIS TE LANDELAAN;1
VAN HAAFTEN POLDER;1
De Gouwe 39;1
ZEVENWEGEN;1
NUNHEMMER HEIDE;1
HEIAKKER;1
voormalig AMK -terrein;1
Slenkweg;1
provinciale weg 4;1
BLESKENSGRAAF;3
SLABROEK;1
ELDERSCHANS;1
SCHUWACHT (BUITENDIJKS BIJ ZWEMBAD);1
Haarsterveld;1
Dorpsstraat 7-9;1
De Riet;4
"IJmeerdijk; Kavel A87";1
PARKZICHT;1
Roermondseweg/Aan de Eikenstruik;1
Begijnhofkapel;4
CASTRA VETERE;2
DAELSWEG;1
van Assendelftlaan, Kasteellaan;1
HATENBOER;3
Sterckwijk, vindplaats 5;1
DOLFIJNTOCHT;2
DE BRIENEN;5
COMMUNICATIEWEG - WEST;1
De Woerd/Woerdenseweg;1
KNIJPSTERWEG;1
NOORDERHOOFDSTRAAT 111A;1
KRUISHEERENGANG;1
CASTERSEDIJK;3
Voormalig AMK-terrein M10420 / CMA37G-051: Zuidbuurt;1
GESTERKOOG;1
"MOTTENKUIL; HENNEPSTEDE";2
"GRIMHUYSEN; HET SLOT; RW A17";1
Heitjesberg;1
DEBRIE;1
TERWEIJ;1
Brede School Zuurland;1
Kasteel Kernhem;1
LEEMKUIL;4
De Versen;1
KALVERHEMSHEUGT-NOORD;1
NOORDZEE LEMAN AND OWER BANK;1
LOOSTRAAT IV;1
"Voormalig AMK-terrein M10362: Aalkeet-Buitenpolder; Zuidbuurt 71";1
WIERHUIZEN;1
OP DE BOS;4
CASTRAVETERA;2
USSELERVEEN;6
HOLEWEG;3
VOORMALIG KASTEEL DE VOORST;2
"Landgoed Welna; Buys-Ballotweg";2
"Erve Springop; Witte Wievenbult";1
ZUURSE DUINEN 2;1
Friesebrug;1
De Ploen;2
BINNENSTAD (KERKSTRAATJE);1
Hoge Moer;9
Dorpsstraat 40;1
FRANSCHE HOEF;2
Sint Joseph terrein;1
ROTVEN;1
HULSHORST;4
KUINDERVAART, KAVEL M6;1
Rijsbruggerweg;1
Voormalig AMK-terrein M12915: Noordzijde 51;1
ERFGOOIERSLAAN HEUVEL 109;1
LEUVENUMSEWEG;1
OOSTEINDERPOLDER;1
ZUIDERMIDDENWEG, KAVEL H36/H37;1
TUSSEN BEEKGRAAF EN AA;1
Zesstedenweg 138;1
GEWEN;1
Sumatrastraat;6
DRIEBELTERWEG;7
Stadssporthal;1
Schuttersgracht;1
Hogenberg;1
Langegracht;1
HOLLEWEG BIJ BROEK EGGE;1
AGELER BROEK;2
Den Alst;4
Kleine Putweg;2
PAALSTUK;1
Wimmenummer Polder;1
RIJKSSTRAATWEG 129;1
HET VILJE;1
WEEZENDIJK;1
Sluisplein 6;1
Vindplaats 6, deelgebied 5;1
Vlerenweg;1
De Vleut, de Vleutsche Kampen;1
Kerklaan 19;2
DONK;9
TJESSINGAWEG 1;1
OUDE VLISSINGSEWEG;4
MISDOP;1
DOODENKOP;1
KETELWEG, KAVEL N29;1
TESSELSCHADELAAN;1
BAKKENWEG;3
Kasteel het Luneven;1
SCHERPBIER 1;1
PEILKADE/PROV.WEG;1
Overvaart;1
Nachtegaalweg;1
Vissersdijk;1
Sportpark Peize;1
MOLENPARKWEG;1
Opperdoes-Noord;1
EXLOOSCHE LANDEN/MIDDENWEG;1
EFFATHALAAN;1
BUITENHUIZEN;1
KAVEL O89;1
ELZETTERBOS GRINDGROEVE;2
PLASMOLEN;7
SCHAAPSLOOP;1
GROTE ESCH;2
"Rijksweg 57; vindplaats 12 Molenperk";1
Molenkampseweg;2
CHRISTELIJKE SCHOOL;1
DEN BOSCH;5
Stappengoorweg;1
SINT JAN;7
GROTE MARKT 2 (STADHUIS-BOTTENKELDER);1
HAZEPUTTEN II;1
St. Liudgerkerk;1
ZWIJNSWEG, KAVEL Q73;1
VOORMALIG HUIS TER WEER;1
KAVEL N50;1
LOO;1
IJZENDOORN;5
HIDDINK;1
Doornseweg;2
Drogendijk;2
07.087 Maassluissedijk Vergulde hand west 10;1
HONDSTRAAT;1
OOSTERBOEKELWEG (VINDPLAATS 44);1
ALBERSWEG;1
ERVE SCHOTHORST;1
kemppestrat;1
POLDER ARKEL ONDERWEG;1
Kometenlaan;1
Plangebied Nykleaster;1
Marktstraat 22;1
"Smedenstraat 128; Badhuisstraat";1
Meerbosch;2
"DRUSUSBERG; DRUSIUSBERG";1
WESTKANT BEGRAAFPLAATS;1
KAVEL M29;1
Rijnse Weg/ De Rhijn/ Langbroekerdijk 5;1
"TELEFOONWEG; AARDEN HUT";1
"Kuinderweg; Kavel R1-2; 2e greppel";1
'T RUITERPAD;1
Duifhuisstraat 7;2
"Verlengde Broekweg; Meijerijstraat; Kempenstraat";1
SWEIKHUIZEN KOOLWEG;1
Voormalig AMK-terrein M5500 / CMA69E-A37: De Bek;1
Negentien Morgen Vliet;3
De dollen;1
"MIDDEL; DEN ROZENKAMP";1
WILLIBRORD'S AKKER;1
T ZAND;1
KASTEELTERREIN CULEMBORG;1
waterberging N348;1
Hillamaweg;1
PADDEPOEL II;2
St.Michaelschool II;1
RUTSEKOVEN;9
"Futenweg; Kavel W10";1
HET GEER;1
HOGE GEEST;13
Elsloo;1
WESTERSCHE VELD;2
BENTHEIMERSTRAAT;4
"GAT VAN DEN HARDENHOEK; ALMSVOET";1
Maantjesland;1
DE VENNEN;2
Merm-Wolfhoeksestraat;1
KASTEEL HILLENRAAD;1
Elenburgweg;1
Het Hoogeveld;1
Echteld - Medelsestraat/ Groot Stapel;1
Wijnhaven de Punt;1
Boterdiep;2
PERSINGEN I;1
ACHTERSLOOT 114;1
Borrendamme;1
"HOEVE DE BOLK ; PANNEHOEF";1
STEINWEG;3
KERKSTRAAT/VIOS-TERREIN;1
WINSSEN-DORP;1
POLDER 'T WOUD;1
Houten-Hofstad, Terrein 16, Castellum Oost;1
"MUILKERK; DUSSEN-BINNEN";2
PANNENHOF;3
Fockenbroek;1
DEELEN;1
De Brede School;1
Donkervoortsestraat 9a;1
"ST.ADELBERT; AELBERTS-/ADELBERTSPUT";2
BOSSCHERWAARDEN;1
HANSSUM;2
Hoefstraat;5
Oostelijke rondweg;1
ST.JOOST;1
Plangebied De Notel;1
STRANG;1
BOEKELERHOFWEG 75;1
Heezerenbosch;1
SLANGENBURG;1
JAN AARTENBOIMKE;1
HAARLER GRAFVELD;8
TONCKENSBOS 18;1
Hessenberg;4
BOMHOFSE WEG/ZUIGGAT;1
Verlengde Steenakkerweg / Limbrichterbosch;2
"HARSKAMPER ZAND; KEMPFLESCH";1
TEEMKERSWEG;1
Zuiderhaven 8;1
Gasthuisstraat / Heezerweg;1
PAS OP;1
OMG ARNHEM;1
HOSTERD;1
POSTSTRAAT-STEKELSTRAAT;1
Grote Kerk;6
Monsterseweg 29-37;3
KLOKJESLAAN 1D;1
KOOTWIJKERDUINEN;1
WERFAKKER;2
MEELAKKERS;2
DE MEIKAMER;1
DALWAGEN ZUID;2
WOOLDER ES;1
"HOSTERT ; AAN DE BEYMANSSTRAAT";1
"Dreijense Weg; Johannahoeve";1
WESTPOLDER N;1
GELDERSCHE HOEVE;1
Oud-Westdorpe / Axelsestraat;6
IDEWEER;1
Kromhoutweg;1
De Eschenhoek;1
KLOKHUISPLEIN (BINNENPLAATS ENSCHEDE);1
KLEIN HEILIGLAND (HOEK OMVALSPOORT);1
KOLENSTRAAT;1
Haagdijk 158, Muziekschool;1
Dorpsstraat 41;1
WESTERHOUTPARK;1
Spankerense Kerk/Overweg;1
"DE OUDE MOLEN; VEESTRAAT";1
DE VELUWEZOOM;1
Haaglaan;1
Kanenkamp;1
Veerweg;4
DUBBELDAM POLDER OUDE LAND, voormalig AMK terrein M10543;1
Plangebied Midden Regge ten Hellendoorn;1
Achter de Wijer;1
Beemdsche tochtsloot;1
TUSSEN SLAPERDIJK EN EGELMEER;1
SMALBROEKSWEG-NOORD;1
Janke Dobbe (Scheiding);2
"Noordelijk Benedeneind; benedeneind noordzijde; voormalig AMK-terrein";1
HUIS TER HEIDE/NORGER PETGATEN/KOLON;1
"LAAG STRIJP ; DE KOPPEL";1
BRUELIS;1
BOERSKOTTEN;2
DIACONESSENINRICHTING;2
Vossenpels;1
BRAAT VINDPLAATS VII;1
HET KETELTJE;5
Wagenstraat (St.Jacobstraat5-7);1
Blokweersingel, Scheepmakersstraat, Fop Smitstraat;1
HUIS TE MERWEDE;1
Berkenhof;4
ACHTER VATIR (?);1
REETH;3
UBACHSBERG;1
GROENWIJK;1
TUSSENRIJTEN;1
NOORDER ESCH;1
ZUILENSTEIN;1
LEIDEN - HUIS LOKHORST;1
Hoodstraat 32;1
SINT STEPHANUSKERK;2
T VAGEVUUR;1
Surfplas;1
HEUVELHOF;3
Nudepark;1
"Graetheide; Oude Postbaan";1
STRENGE VELD;1
15.15 FOPPENPOLDER;1
KLOOSTERBOS KERSENBERG;1
Molenstraat 47;1
HARDERWIJK (VINDPLAATS 54);1
L ABTWOUDSCHE POLDER;1
Vathorst, Hogesteeg;1
SCHELLEKENSBEEK;12
HUIS SAASVELD;1
OMGEVING WERVERSHOOF;1
KOELINGSVELD;2
Limbrichter beek;1
"BOSLANDWEG ; LAARSCHENBERG";1
Begraafplaats Koningsweg;1
DE ELSMAAF;1
Wilhelminapark;2
WESTERESCH;8
Laan van Eme;1
Centrumplan;6
MAGDALENAHOEVE I;1
BOERDERIJ DE POEL;1
IJZERENBOSCH;2
Sint Elisabethstraat;2
BRAKEL;2
PAARDENSTAL;1
KOSTVLIES;1
UITHOVENSESTRAAT;1
Polder Wiel, Lekdijk west;1
TIPBLINKEN;1
HOFSTAD,NOORDZ.TZ V CENTRUM CASTELLUM;1
OVERCINGE;1
NASSAULAAN 16;1
St. Jansbos;2
VOORM. LOODIEP;1
"KEULSE POORT; RESTAURANT GERMANIA";1
Breedeplaats;1
OOIGRAAF-N;1
CUYKSESTEEG;3
Medel 2 - Roeskamp;1
KRIEKE SCHOOR;1
KASTEEL BLITTERSWIJK;1
"Kloosterstraat; Kruithuis";1
Kerkstraat 16;1
Echterheide;1
POSTERHOLT;6
"Hengstdalseweg; Elzenstraat";1
WAATSELAARSTRAAT;1
"Meeresteyn; Garonnestraat";1
GROOT RASSERT;2
WILHELMINAPAD;1
TERREIN OUDELANDE;2
Teut;1
MOORMANLAAN;2
EXATEN KLOOSTER;1
Nederweert-Ell;1
LOUWBERG;2
SANDERSSTRAAT;1
WAALWIJK;1
Eelderbaan;1
EMPELSE HUT;1
06.142 Dijklaan;1
OOSTHOF;1
dunne bierkade 4;1
Oud Krispijn Zuid (deelgebied 3);1
HOOGEWEG-BRUCHTERVELD;1
Klein Wolfswinkel;1
"Voormalig AMK-terrein M10342: Polder Nieuw-Helvoet; Boutweg";1
DOESBURGERENK;2
AUVERGNEPOLDER;1
Waterakkers-Lunetten;1
"KLAARWATERBOSLAAN; BORRELHEUVEL";1
Seggelant;2
Oude Trichterweg;1
SPAUBEEK (HOEVE);1
Stromenweg;1
OUDE HAVEN;6
Waagstraat;1
Peizer- en Eeldermaden;1
Vosbergerlaan;1
ECHTER-BROEK;1
ZWARTEMEERWEG, KAVEL Q122;1
Kattekop;4
kasteel Baarschot;2
WIJNVOORDEN;1
De Hulst II;1
ZUID-LINSCHOTER ZANDWEG 44;1
GROTE KOPPEL NR.8 (2002);1
"TONTELSTRAAT;";1
LEIJGRAAF;3
VFB terrein;1
Erasmusweg;1
tussen de Oosterweg, het St. Jorispad en de Valendrieseweg;1
"Geuweg; Landwering";1
SPIKKE;1
DE SPIE;1
16.66 AALKEET BUITENPOLDER;1
ABBENDIJK;1
WIJKSE VELD DORP;1
Noordhof1;1
JUFFERSDIJK;1
KYLLOTSBOS-ZIOD;1
Voormalig AMK-terrein M12904: Oosteind 14, 20, 21;1
ONSTWEDDER BARLAGE;1
ACHTER BLOKKER;1
ROOSEVELTLAAN;1
"Sprielderbosch; Paardenkop; Knippenvak; Peppelseweg-Noord";1
VOORMALIGE BUITENPLAATS WATERVLIET;1
VEENGOOT;1
LEIGRAAFSE WEG;3
STENISWAARD;1
KUINDERBURCHHT I, KAVEL M131;1
Francesco;1
Kavel E23;1
Voormalig AMK-terrein M13247;1
HOOGRIEBROEK ZUIDOOST/ZUIDWEST;1
JANSWERF VAN BERGEN;1
Elfbergen;1
LANGS DE REGGE;1
SPANJAARDSVELD / VOGELPARK;1
Kerk-Avezaath;3
MULDERSVELD;2
BALLOO-ZUID;3
KERKBUURT ZW;1
NOORDERWERF;1
BERGSHOFF;1
N293-Zuid;1
Moldendam fase 2;1
(voormalige) Schutgraafseweg 7;1
01.24 WOUDSE POLDER;1
Westeinderweg;2
RIDDERHOF;1
St.Maartenskerk;1
NABIJ ZELDERSCHE DRIESEN;1
Gastersche Diep;10
BLINDEWEG/MASTWIJK;1
BALLOOERWEG-WEST;1
Deuteren;1
TEDINGERBROEKPOLDER;41
SCHEPERSSTUK-ZUID;1
Keernbrug, Geldelozeweg-Blauwe Berg;1
SDDL-terrein;1
de Oude Toren;1
DE ES WOLTZIGT;1
KAMPSHEIDE-NOORDWEST;2
WOLVENVEEN;2
LOCHT;2
Oostendam, Pruimendijk;1
ACHTHOVENERPOLDER;1
DORPSHEUVEL;2
"Plantsoenstraat ; M.W. v.d. Waalstraat";1
Isselwaerde;2
POLDER NEDERHEICOP;1
VOORMALIGE VEILING AAN DE SAMMERSWEG;1
RAUWENHOF;3
WIETENBURG;1
Hervormde Michaelskerk, Rijksstraatweg;1
D16;1
DE WELMERD;1
WOLFELERENK;1
Heitrak;1
WAALKADE;2
de rollen;1
Vlietpolder;2
Spoorstraat 1;1
Polder Kort en Lang Ambacht;1
TERSCHELLINGER GRONDEN 3;1
"Dorpsstraat ; Wagenmakersstraat";1
HAANWIJK;1
MEEDENWEG;1
DE KAREKIET;1
Midwouder Dorpsstraat 44, garage Keyser;1
Binnenstraat / Achterstraat - ten z.o. van Kerk;1
HUMMELO EN KEPPEL;1
Bunschoterstraat 40;1
BURGAKKER/PRINSENHOEF;1
Meursingterrein;2
KEIZERSTEEG;2
Deurzerdiep, Kampsheide;2
KORTE BRUGSTRAAT 67-77;1
Laarstraat;4
Oude Akerweg;1
Vijzelstraat;1
RIJNHOFWEG;1
KAVEL P13/P14 (LOKATIE 10);1
Baarlo/Belfeld-West;8
Wieken Vinkenhoef, perceel 289;1
NIEUW ERFSE KERKWEG;1
kasteel het hof te mill;1
DRIEERHUL;1
DUITS KERKHOF;1
GROOT HELL;2
19.11 OUDE CAMPSPOLDER;1
LEEMKUILEN;2
KRAKEELSVELD;1
STROETWEG;1
POLDER C;2
HOF VAN GROESBEEK;1
IN BUURT ECHTERBOS;1
tussen Buurtweg en Kerkmeer;1
ZANDGROEVE;1
Rietkerklaan;1
De Zompe;1
GALGEBERG;3
Tuk Noord;2
Weiakker;2
NABIJ MORTELSHOF;1
perceel aan westkant Pade;2
"Oud-Hamerstede; voormalig AMK-terrein";2
MONNIKENPOLDER;1
Cobbeek;5
BELVEDERE (SITE G);1
HASSELT;7
Rondweg Zeddam Vindplaats 1;1
"Moerakkerstraat; Driebergenbuurt";1
VELDBRAAK;3
ROLDUC;8
GREBBENBERG;1
Raarslakweg;2
Ommedijksepolder (Molensloot);1
LAGE SCHOENSE;1
"WOUDSE POLDER; voormalig AMK-terrein";1
W. V.D. MADEWEG;1
GROTE KERKHOF 19;1
WEGSE WETERING;3
ACHTERES;10
GROOTE WOLDWEG 64;1
PAARDEKOP;3
Smalstraat;1
Branderveld;2
Erasmusweg (te Den Haag);1
KALHOEKSEPAD;1
Kasteelweide;1
Lottumseweg 59;2
"Plan ""Hogehoek""";2
ESPELERPAD, KAVEL C61;1
VETTENBOSCH;5
GODFRIED VAN SEIJSTLAAN;1
DE STENEN KAMER;2
HARSKAMPSE ZANDTERREIN F;1
GEEFSWEER;1
Amaliastein;1
Maaseikerweg;3
BUURTSE BERG;2
"GROEVENBEEKSE HEIDE; WATERVALWEG";1
BINNENDEDIJKTE MAAS;1
HAARLO;1
Kavel L53 Hopweg;1
SLATMANSWEG;1
De groote Wielen;1
Achterweg 3;2
Kwaklaan;2
WOORD-NOORDZIJDE;1
HUIS EGEDE;1
OBBICHT-DE KEMPEN;1
ZUID OOSTELIJK VAN SCHEULDER;1
HH. PETRUS EN PAULUS;1
VENDELIERS;1
Don Emanuelstraat;1
In de Oven;1
"BENNEKOMSE BOS; KEYENBERGSE WEG";1
Wieken Vinkenhoef, Koedijkerweg 14;2
WESTERLANDPOLDER;1
TER APEL;2
SNIPPENDAALSEWEG;1
"Wisentweg; Kavel K73-74";1
Middelste voorst;1
Loonerdiep, Bosbroekse Weg;1
BOERDERIJ 18;1
BIJ DEN HEUVEL;1
Steenwijkerkamp I;1
OP DEN CAMP;2
WIERICKERSCHANS;1
SCHOONOUWENSE WEG 30;1
RIETMANSKAMP;2
Soest;1
ZONNENBERG;1
abcoude Zuid;1
L ABTWOUDSCHE POLDER 15;1
BRAKKENHOF;2
GALGENVELD;3
EGBERT-PETRUSPOLDER;1
Torenstraat (Oude Toren);1
HUNEBED D 15;1
Prof Molkenboerstraat 26;1
'T GOUDMIJNTJE;1
Kranenburgplein;1
KISVELD;2
UDDELERVEEN;1
DORPSSTRAAT 56;1
Rekkenseweg 77;1
ALMENSE BRUG;1
BUURTSCHAP SPIJK;1
ALKMAAR;1
NIEUWLANDSE BOSSEN II;1
BOVENWAARDEN;3
VALTHERBOSCH-OOST;3
STEENENKAMERSTRAAT;1
"TIJNINGEN-NOORD ; DE LEUT";1
PARK BREDERODE;1
DONDERBERGWEG;1
Plangebied tussen Ringweg en August van Dijkstrjitte;1
Wijngaardstraat 55;1
ACHTER VOETBALVELD;1
BEEKGRAAF;5
Bovenweg;6
Heesbeensche Uiterwaard;3
Maasboulevard;2
kasteel Boshuizen;1
Spaarbankweg;2
Boomgaard;2
DOODWATER;1
Zandweg 19, veilingterrein;1
"Hondslag; Wekeromse Weg";4
Glimmeres;1
HET OUDE HOF-KERKWEG;1
"Tuin Hobijn; Scheidingspad";1
Kloostercomplex;1
AALTEN;10
HOFSTRAAT 26;1
VLAKKE BREKKEN 1;1
Nieuw Heideveldje;1
KLIMP;1
16.24 AALKEET BUITENPOLDER;1
AKERSLOTERBRUG (VINDPLAATS 22);1
16.48 AALKEET BUITENPOLDER;1
"MOERSLOOT; KERHOFSTRAAT";1
Schoorstraat 4;1
't Sandtlaan;1
Zijlvesterweg 4;1
ERVE KOTS;2
HOGE ES;1
Braakmanlaan;2
"Voormalig AMK-terrein: Polder Collinsland en 't Woud; Pansersdijk";1
'S-HERTOGENBOSCH;1
"DEN WELDER; DE WIELDER; DUIVELSPOMP";1
PEESKE;2
WIJNALDUM-VOORRIJP;3
HOOGVEENRESERVAAT BARGERVEEN;1
NO-TANGENT 3: TJONGERSPITSTERREIN;1
HOESTINKLANDEN;2
TEMPELPUT;1
LUTTERZAND;3
Ritselaarsdijk;1
GRAS TOT PLAS;2
PILOTENWEG, KAVEL H71;1
ROTTERDAM;1
"Schillinkpad; Kavel N66W-I";1
SPUI;2
LEEMRINGWEG, KAVEL T28;1
"Blokhoeve; Bloksteeg";2
Hoek Leusderweg-Bergstraat-Julianaplein;1
UITGEESTERWEG (VINDPLAATS 16);1
WELTEVREDEN;8
Laan van Oud Raadwijk 4;1
"Banholtergrubbe; Hagelstouweg";1
DE PIETERMAN;2
NOORDZEE NCP BLOK P15 2;1
TORENHOEVE;2
Noorddijk;1
ZUIDGEEST;7
In de Bandert;3
KERK H. JOHANNES;2
't Pleintje (IJmuiderstraat);1
GROTE MARKT 18;2
Groot Agteveld/Hessenweg;1
Zandwijksingel;1
ZUIDERVAART, KAVEL J99/J100;2
Doelensteeg 1;1
HOEVE ST JAN;1
KAMPSHEIDE-HUTTENSWEG;1
HARSSENSBOSCH;3
Limbricht;4
HET SCHANSJE;2
"Voormalig AMK-terrein M3195/CMA30G-016: De Paauw; Raadhuislaan 15A";1
DE SCHOOLD;2
DE WINKEL;8
Huis te Baert;1
INDUSTRIETERREIN SLUIS 11;1
Oud-Westdorpe;1
Aan de Vrouwebosch;4
KOELAAN;1
IJsselmonde, 't Hart;1
Dh. H. Bavinckschool;1
"Klaassesweg; Valkenisseweg";1
HONDEBORG;2
Pieterbuurtstermaar;2
HOGE LAND;3
POPHORNE;1
"KERKHOF ""GEDENK TE STERVEN""";1
17.18 AALKEET BINNENPOLDER;1
JOOSSESWEG;2
ZUID ESCHMARKE;2
LINTVELDSE BROEK;1
Molenstraat 40;1
Matthijs Tinxgracht 16;1
SLOTLAAN;1
DOOLHOFWEG-OOST;1
JOHN.F KENNEDYLAAN;1
Blokhut;1
Statenhal;1
Koudekerkseweg;2
Sterkenberg;4
HALDER;11
GOOWEG-NIEUWE OFFEMWEG;1
DROUWENERVELD;5
KEETEN 4;1
ELZEMAAT;1
BOLDERSHOF / DRUTEN 1;1
ERVE HORREKOTTE;1
VLIESTROOM 4;1
JAGTRUST;1
STERRENBOSCH;1
EMICLAAR, EMICLAER;1
KANTOORSTRAAT;1
De Kakert;1
DE BOUW;7
MEDEMBLIK 1;1
Oostvoornse Meer 14;1
HAVELTE;11
KAVEL E1569;1
LUTTELGEESTERWEG, KAVEL N5;1
BEDWEG SCHEVENINGEN;1
Overvecht;3
Polder Henswoude;2
Hoge West;1
HET LOOIJ;1
VALKENBURGER WEG;1
Hof de Eenzame;2
DE BEUKEL;1
HERMANUSHOEVE;1
MORGENSTOND;1
Grote of Martinikerk;1
ROSMALEN;1
DIEPENHEIMSE BROEK;1
KAVEL Q52;1
BOERDIJK-OOST;1
MARKTSTRAAT;2
'T WAAL BLINKEN;1
ANNA PAULOWNAPOLDER;2
Bargerpoort;1
HET SIMMELINK;2
maatregelen tpn 16 leiding WML;1
RUIMSLOOT-ZUID;1
Ondergrondse parkeergarage Markt-Gemeentehuis;1
KEIZERSBAAN;8
de Kolk van Dussen;1
BIJ HESSELTER AA;1
duister gatsken;1
OUDESCHANSKERWEG;1
ARMENWERKHUIS;3
ERVE BISPERINK;1
EWSUM;1
Usselerveenweg;1
Holwierde;1
Hema terrein;1
POLSMATEN;1
Bovenslag;1
Raaphof;1
Breekweg en Zuster A. Westerhofstraat;1
'T HITJE / HEUVELEN;1
Kooilandsedijk;1
TEXTIELFABRIEK;2
T NOORD;3
Biertsedijk 3, Heul;1
"Vleetweg; Kavel U113";1
Helmondseweg;1
"KEMPSTRAAT; (KAD.: D 1177)";1
Gerichtenweg (ong.);1
SCHEVENINGSEWEG;1
Doove Balg 3;2
Schouwenbank 2 NCP Blok S5;1
VLAKTE DER KRUIKEN;2
GROTESTRAAT/VLEESHOUWERSTRAAT;1
HEUMEN-NOORD;1
"Vogelenzang ; Grebbeweg ; Heimenberg";1
"Noordermeerweg; Kavel B11";1
T HOGE;3
Madestein;2
Haarlemmertrekvaart 34;1
Prandinga;1
Nederven;2
MAKKEVELD / DOEVESTUK;1
KAVEL M16;1
Wijkerbroek;1
TRAGEL;1
"ELSPEETSE HEIDE; SCHOTKAMP";1
SCHILLENVEEN-NOORD;1
EESVEEN/DE EESE;1
"GARDERENSE WEG ; UDDELERMEER";2
MOLENDIJK;9
kasteel Weyenbergh;1
KREKELBERGSHEIDE;3
De Berkt Noord;1
TUIN DORPSSTRAAT 71;1
WEERTERHOF;1
Kerkelaan 4;2
DRUNENSE DUINEN;1
"DE LEREN DOEDEL; SPORTLAAN";1
Kronenkamp;2
Arendsvlucht;1
BAKKERIJ RUPS;1
19.19 OUDE CAMPSPOLDER;1
BOMENWEG, KAVEL O96;2
Smalle Haven  (witgele kruis gebouw);1
Beuzenes;1
NOORDER KOLK;2
Waterbergingslocatie Dreumel;1
SPRENGEN;1
NOORDERMEER;1
HOGE PAD;1
PAPENSTRAAT;1
Dieserstraat 74-106;1
WIELINGEN 04;1
Beekse Akkers/Reiakkers;1
1E BLOK;1
KASTEEL HACKFORT;2
POLDER HET WORKUMMER NIEUWLAND;1
GROENE LAAN;2
OUD EMMELOORDERWEG, KAVEL J121;1
BALLOERVELD-WEST;2
BLIKVELDWEG;1
VALKHOF;6
ULESHEI/OELESHOF/UILINGSHOF;2
BLOEMERT;1
WELGELEGEN-NNW;1
KOMETENSTRAAT;1
Uivernest;1
KOOISCHE BERG';1
T VENNETJE;2
VRONESTEIN;2
PLOEGJE;1
POLDER VUYLCOOP;3
NO-TANGENT 1: ZANDSTRAAT;1
LINDER ES;1
APOSTELHOEVE;1
Overdiepsepolder;1
Vrijthof/Schepenbank;1
WESTERESCH-WEERDINGER ZANDWEG;1
D39;1
Brederostraat,Schrijversbuurt;1
JAPIE EN DE VOGELAAR;2
Hertogstraat, Hertogplein;1
BOLHUIS;1
PANNEVEN;1
MARKTHALLENGEBIED-LIEVE VROUWESTRAAT;1
Nieuw Kinderdijk;1
ST. JOSEFZIEKENHUIS;2
Verlengde Oude Veenendaalseweg;1
Locatie Galgenwaard (gedeeltelijk) te Beesd;1
ROTSE WEG;2
OOST VLISTERDIJK 5;1
WEZEVELD;1
Achter de Doelen;1
"KASTEEL ""SOUBURGH""";1
SOPPENHOF;1
OOIJSCHE WETERING;1
LANDGOED HOOSDEN;4
DORPSSTRAAT 113;1
TERBORGSEWEG;1
Rijksmuseum Gevangenpoort;1
De Rooije Plas;1
GENOENHUIS-SITE B;1
Woldpoort - Paardenmarkt;1
Schagen Provinciale weg IVO3;1
SMOKKELHOEK;1
ZUIDERSTRAAT 30 (HOEK GED. OUDE GRACHT);1
WOLLINGHUIZEN;2
SMIDSSTRAAT + VOORSTRAAT;1
Haaren Centrumplan;2
Breedlersestraat 7;1
TUMULIBOS/KAMPS;1
Driebergen-Rijsenburg, vak Z08;1
HUIS ZEELEN HOLST;1
NABIJ KEIZERSDIJK;1
DRAKENBURG/ZANDHEUVELWEG 5;1
De Terpen;1
N61;4
Viaductweg;2
Stroomgebied Oude Aa;1
ZUIDERMEERDIJK, KAVEL E116;2
Schaapsdijkweg;9
ELZENPAS;1
Op den Bosch;1
VISSTRAAT/ST. DOMUSSTRAAT;1
Saeffelderstraat;1
KERKSTR. 18;1
speckerweg;4
VOORSTE HOOFDVELD;1
'T AKKERKE;1
"KASTEEL RIVIEREN; voormalig AMK-terrein";1
BROEKZIJDE;3
ACHTER SIJPERHOF;2
Heibergweg (vroeger gemeente Vlierden);2
Nielenplein;1
NOTEL;1
RAVENSEHOUT;1
Bocht Van Starkenborghkanaal;2
AMK terrein 8924;1
Wachtelstraat;1
KAPELBERG;4
HAVENWEG;2
VOSSEBERG - AGODORP;1
HOEK LOOISTR JACHTLAAN;1
"BOESCHOTERBOSCH; HUNNENWEG";3
BORGERCOMPAGNIESTER ZWARTEWEG;3
Gasexportstation;1
ESSENER ENK;1
Langestraat 51;1
VLAGTWEDDE;8
MARKE VAN EEN;1
Dorpsstraat 14a;1
VLEDDERLANDEN/HARTSUIKER'S HEIDEVELDJE;1
KAVEL P23 (LOKATIE 8);1
Cuneratoren;1
RECHTESTRAAT;1
OUDHEIDE NNO;1
Barneveld ZO IVO2;1
SINT-LAURENTIUS;1
voormalig AMK-terrein 11531;1
Dorpsstraat 25;1
JOHANNES POSTWEG, KAVEL J75;1
BEUKENBURGERLAAN, OMGRACHT HUIS;1
'T BOSJE, TABAKSWEG 43;1
"KERK V.D. H.MICHAEL;";1
kerkebogten;1
Steenbanken 1 NCP BLOK S7;1
Wildbaan - rioolbegeleiding;1
Grebbeberglaan;1
Garderenseveld;2
LIDLUM;1
KAVEL GZ81C;1
WIJCHENSE VEN;4
It Skar;1
HUNEMA;5
LANGS KONINGINNEPAD;1
HEER OUDELANDS AMBACHT III;1
"Biddingringweg; Kavel M11";1
LIEKWEG;1
TINNEGIETER;5
MAURKSESTRAAT;1
NOORDBROEK;2
PAUWSLUISSLOOT;1
BLOODENBURG;1
Heggeneind;1
DE DONKEN;4
Wijk en Aalburg;1
Legerweg;1
Warande;3
HAMSTERBORG;1
MAAS WSCH;1
LAGERE JONGENSSCHOOL;1
SPINNERSLAAN;1
HET KLOOSTER NOORD;1
tussen Stepekolk en Hazenwinkel;1
ELPERESCH;1
DE MAAN;2
Halve maan;1
Molentiend 39;1
VAN EWIJKVAART-OUDE VEER;2
LODEWIJKSTRAAT;1
4 MORGEN;2
Westrhenense Hofstad;1
HOUTENSEWEG 10;2
BOVENBERKSEWEG;1
Middelsgraaf / Hommelheide;1
"20.44 KRALINGERPOLDER; BURGERDIJK";1
"NH KERK; Koogerkerk; Pieterskerk";1
LIMBRICHTERBEEK;1
Maasbandijk;1
"CORPUS DE LINDE; LINDSTERLAAN";1
FLEDDERS 1;2
OUD-DIEMEN;5
NEDERLANDS HERVORMDE KERK;6
GROTE MARKT (TEGENOVER NR.27);1
BOERDERIJ WELGELEGEN;1
Achter Rolder Bos;1
STRANDPAAL16/97;1
MORTELHOF BOORD;1
Smaldonk I;1
Briljantlaan 5;1
STEELVLIET;1
LAUTAWEI;1
SLUFFERT;2
BORGHUISTERREIN;1
LETTELE;2
Recreatiecentrum Hunzedal;1
HOLSETTERBOSCH;3
HEYENDAAL;1
LANGE KLEIWEG;1
WESTBERG;3
"Twaalf Apostelenweg 20; Eversweg 9";1
Houtsestraat (westelijk terrein);1
Putten;2
ST.-MACHIELSDORP;1
BIZONBAAI OOYPOLDER;1
Stougjesdijk;1
DE KOPPEL;6
Reimersbeek;1
"GROOT GINKEL ; ZUID GINKEL";2
Kazernestraat 50-52;1
WADWAY;2
OMMELSE WEG;2
FOUDGUM;1
Binnenhoek, Het Kristal;1
Ledeltheater;1
De Flint;1
KASTEEL BAEXEM;1
HORSTENERPLAATSEN;2
SCHIPSLOOT;1
HOLLEWALSWEG;8
ST HUBERTUSWEG;1
"POELWIJCK; POELWIJK";1
"OUDDIEMERLAAN ; PAPPOT";1
De Borst;4
A12 Utrecht-Veenendaal;3
ZUNAS HOOILANDEN;1
Holleweg 7;1
RECREATIEPLAS;1
FLIKKEZIJLSTER POLDER;1
Mieke de Brefstraat;1
BAGVEN;2
SLOTERDIJK;1
Hoogstraat (Aaveste);1
DE WOERD (LIMES);1
N 61;1
Kapelstraat (ong.);1
POLDER WESTZAAN, WEIVER, RIJKSWEG A8;1
"Ganzenweg; kavel W76";1
Vrouwe Uda singel, Waalsprong;1
DE HOUN;1
"Proosdijveld; Onze lieve Vrouweplein";1
NORGERHOLT;1
POLDER NEDEREIND [ VINDPLAATS 5 ];1
HET BOORD/GALGENBERG;1
GAGELDONK;1
ARWERD;1
DE KROMME ELLEBOOG;2
FABRIEK;1
CIBOGA-TERREIN;1
Absdaalseweg (nabij nummer 70);1
Rijksweg A2, vindplaats 3;1
Gernermarke;2
"QUATRE-BRAS;ZEISTERWEG, voormalig AMK-terrein";2
DE GOUW-KOGBON;1
DE EEZE-HERMANSHOEVE;1
NIEUWDORP;1
ST. ELISABETH KERK;1
WELIENHOLSTAD;2
ASSELT MUSEUM;1
DE KELLEN;1
HEYKENSBROEK / WEERTBROEK;1
ABTSWOUDSE WEG 16;1
Marialaan 98-100;1
ESTERS BROEK;2
Uitgeesterweg 4;1
Klinkenbeltsweg;1
Oudenhof VP4;1
GENOENHUIS;16
INDUSTRIETERREIN T N SPOORLIJN;2
LINDEWEG;3
KAMPERSHOEK;7
CUIJK;7
Hoogmeden;1
HUIZINGERSTUKKEN;1
KRAPOL;1
locatie 12 schoonebeeker diep;1
DE VIJFSPRONG;11
"DE POTTENBERG; PORSELEINSTRAAT";1
Zuidland;1
Wouwsestraat;1
"Nemelaar; Nemerlaer";1
"Ydewalle; voormalig AMK-terrein";1
Menneweer;1
KOOGERSTRAAT;4
Hoge Rijndijk/Boerendijk;1
.....VENEN;1
Pophorne;2
ZANDVOORT PAAL 68;1
KRUISING STROOMARKT/SANDRASTEEG;1
BUISSCHE HEIDE;1
Kleine Haag;1
MOLENKOLK;4
LAAKSE VOETPAD;1
CRIJNSSENSTRAAT POLENSTRAAT;1
Oorgat 20a & b;1
MARSDIJK:HOVINGE;1
KNUTTELWEG;1
LANGGRAF;1
Overdiemseweg;1
"Meentwallen ; Noordelijke Meentsteeg";1
MACHAREN - DIJK;1
MARWIJKS BOS;1
ZEVENDALSE BAAN;6
Kerkweg 5;1
DORPPOLDER 06;1
VALCUM;1
Wooystraat 9;1
BENEDEN STRIJMEN;3
Auke Vleerstraat;2
"Gordiaandreef; Kavel B71";1
MASTBRUG;1
JUNOSTRAAT;1
ROSSUMER ESCH;3
rietweg;7
HOF VAN HOOGERWERF;1
WARMONDERHEK;1
Waterburg;8
GOUDBERG;4
KONINGSVELDJES;1
Klaarkamp;1
O. van de Stroetendijk, Z. van de Strengenweg;1
Noorddijkerweg 15;1
KOLLENBERG;4
Hoofdstraat/Maarten Kruytstraat;1
BACKERBOSCH / PANNESTUK;1
'DE HUPPELS';2
Hoorne 3;1
ELSENTWEG;1
ASSENDELVER POLDERS-SITE D;1
GROTE KLOOSTERWERF;1
Perceel ten westen van de Westermelksloot;1
SIBCULO;1
LANGE OOSTERSTRAAT;1
DRIEBOKSTRAAT;1
Hooglandseweg 1A te Braamt;1
HUIZEN;3
"SPARRENDAAL; LEUVENUMSE WEG";1
GOLDBAARG;1
VAN DAM VAN ISSELTWEG;1
DRIEHUIZERWEG;5
Medisch Centrum Rotterdam Zuid;3
(HOUTBERG);1
ISRAELIETISCHE BEGRAAFPLAATS;1
Oudeweg 11A;1
Kraanvogelstraat;3
Meerstraat;4
VOORMALIGE KEURINGSDIENST VAN WAREN;1
de Heilweg;1
17.BB AALKEET BINNENPOLDER;1
KAVEL G58;1
Heerseweg;1
Wijndalerplantsoen;1
Valburg Zuid;1
ONZALIGE BOS;1
Beinum-West;1
BALLOO-WEST;1
Echt;1
MOEKMADEN;1
BAAKSCHE BEEK;1
BROUWERSVAART;1
LEYGRAAF;3
Alverna - Portiuncula;1
OUDE ROSWINKELERWEG-ZUID;2
Walplein 18;1
Willibrorduslaan 8;1
Molenwal;2
WENKOP;1
Maasdamse weg;3
Nieuwstraat 31;2
ERVE HET LINTELO;1
O.L.V. Berg;1
BERGERWEG;5
WALDERVAART;5
Bernisse/Spijkenisse leidingtrace 380kV;1
Wiardaskoalle;1
HOGE DIJK;2
Zwaagdijk-West, ten noorden van de Zwaagdijk;1
N37;1
Scheepswrak Hindeloopen;1
AVENDUUR;4
"Espelerweg; Kavel G98";1
GRENS SWALMEN;1
Klokkenlaan;1
't Hof Ravestein;1
VELDHUIZENWEG;1
ST. MAARTENSKERK;2
HET ECK;1
Westeinderweg, perceel ten westen van  nr. 20A;1
SITE E;1
"HOOG MEEUWEN; HABLOK";1
DONKSHOF;3
GASTERENSCHE DIEPJE-NOORDOOST;2
SPOORWEG / LANGSTRAAT;1
Rijkelse bemden;3
Keizershoeve I;3
Spaarnebuiten;2
N229;2
DE PEEL;2
DE KATTENHEUVELS;2
Spainkbos;1
HEER VAN SCHERPENZEELWEG;2
WOLFERINKSWEG 2/BOERDERIJ WOLFERINK;1
Braambosserweg;1
STOBBENWEG-NOORD;1
A28-TRACE;1
HAMPOLDER;2
GELENBERG / SCHARENBURG;1
Achter de Molen;4
Mildert;1
HET VENNETJE;1
WOEZIKSE STRAAT;1
"SCHOONSTRAAT ; HEILIGE EIK";1
DOOLLAANDSE AKKERS;1
Oud Aalden 10;1
Swammerdamlaan te bennekom;1
Rembrandtsingel;1
SCHEVENINGEN;1
De Aaldert;1
Noordermeer;1
HEMMEERPOLDER;1
"Nagelerweg; kavel J130";1
Veldhuizen;16
Overkleeft;1
WIERDE NIEHOVE;1
"KASTEEL NULAND; (""VLADDERAKEN"")";1
GARMINGER/BALINGER ES;1
HOF TE LOO;1
BISSCHOPDIJK;1
BEULAKE;2
visdijk;1
KUINDERWEG KAVEL M78;1
PLASPOELENSCHAAPWEIPOLDER;1
Delfte Schie, vindplaats 6;1
Kempstraat;1
"Turfhei; Heide Noord";2
ANKUMERESCH;1
BIJ LAGE STUK;1
Leliendale;2
BLIJHAM;1
Bevelandsche Beek;1
Bandijk 75-77;1
ENGELSE BERG, ZUILENSTEINSCHE BOS;1
Sportpark Verhoven;1
Woudweg;1
"SPEULDERBOSCH ; NIEUWE PRINSENWEG";1
Honswijkerwaarden te Tull en 't Waal, locatie steenoven;1
"GRAAFSCHE DIJK ; GRAAFSEDIJK";1
HOLTHERBOSJE;1
KROMME LAND;1
Rioolwatertransportleiding;20
GOORSTRAAT;2
Harnaschpolder;1
BANSLOOT;1
Voortweg;1
Leurse Haven;1
Haaren Centrum;1
DE NOORD;5
RVK Lage maaskant;3
HET NIEUWLAND;1
DONKERBROEKEN;2
BRAAT VINDPLAATS IV;1
Donauring (viaduct);3
DE KAPPERT;1
DORPERESCH 22;1
WALLENBURG;2
Belslijntje;1
HUISMEER;5
Grasakker;1
EISCHENBROEKVELD;1
Langeweersterweg;1
VOGELSANG;3
Frans ten Boschstraat;1
TRINITEIT;1
Havenkade (ong.);1
HOGENBOS;1
HAZENPADSWEG;1
Giersbergen;1
FINSTERWOLDE;1
Hof te Berkel;1
NOORDZEE STEILE HOEK NCP BLOK S06;1
Het Marissen;10
RIJKSWEG A6, KAVEL J97;1
KLOKKEWEEL;1
Klaassteen;2
Plangebied 4K almere Poort Jeugdinrichting;1
Lange Dreef;3
NOORDBARGER BOS-WEST;1
VORRELVEEN;1
BARNEVELDSCHE BEEK/JAN VAN ARKELWEG;1
BOVENWEG;5
HAGESTEIN;2
MARIABOSCH;2
Zwanegatsedijk;3
Panneslager;1
KORTE STEEG 35;1
N. van het hunebed op het Drouwenersveld;1
GRASBROEK 1;1
De Putwielen;1
Rijksweg 15;1
Jaap Edenpad - H.W. Heinsiusweg;1
Meers;1
Zwaaikom;1
STRENG VAN DE STAMMEN;2
MAALDERSTRAAT 36;1
Ijsseluiterwaarden;1
GROEVE GOUDSBERG;1
Markt 12;2
Luchen fase 2;1
Windturbinepark N11;4
MEERVELDERWEG;1
WESTWAL;1
"Kraaijenberg; Zuidgeest";1
LINDENHOF;5
LANGS TER HORSTER MADEN;1
Holterweg 59-61;1
HET FORT VAN DE DIJACONIE;1
'T HOOGE ERF, GRAFHEUVEL NO.5;1
't Vaneker, Erve Klaaskate;1
Doelenstraat 21-23;1
hooghuizen;1
KAVEL N59;1
NABIJ GROOT DOCHTEREN;1
Sluitgatweg;1
BALLOOERVELD;2
STRAND VAN WESTERSCHOUWEN;1
DEURNINGERVELD;15
ST. BERNARDUSHOF;1
WEG ODUEMOLEN-ZEEGSE;1
Barsumerpad 4;1
HOLTESCH HH1;1
H.VINCENTIUS;1
NOOITGEDACHT;1
Noorderhelling;1
PLOFSLUIS;1
SLUFFERDBERG;1
"St. Anna; St. Joseph";2
Rijksstraatweg 155;1
DE TUIN (WERF);1
't Arrisveld;2
Willem II/Zusterhof;1
KRAAIENWERF;1
BANGMA STATE;1
LANGE GOOREN;1
PLR GROOTE EN KL LINDT;3
DE MAAIPOLDER;1
De Slaper 2;2
ROSANDERPOLDER;3
GEREFORMEERDE KERK;1
ERVE DE MEINDERT;1
AALKEET BUITEN 059;1
HAMBURGERWEG / KANOVIJVER;1
MARSLAND;1
VARKENSMARKT 3;1
SCHOUWTJESLAAN;1
VIJVERBERG;5
WEERDINGER VELD (RELICT VAN HUNEBED D39a);1
POLDER OLDELAMER;1
HOORNSEDIEP;1
DE LOFFERT;1
Westerlanden;1
BOOMKENSDIEP;1
JIPSINGHUIZEN;3
Uiterwaard bij Pannerden;2
Hofje onder den toren;1
RAVENSE WETERING;1
HONDEMOTSWETERING;1
"Visvijverweg; Kavel H121";1
Het Lage Welleveld;1
KLENCKERESCH;1
"BEMELERWEG; BEMELERVELD";1
NOORDZEE NCP BLOK Q11  1;1
Perceel ten noorden van de Streekweg, ten westen van watertoren;1
MAASVLAKTE SLUFTER 7;1
DE HOFSTAD;1
Midwoud;1
N-O VAN CADIER EN KEER;2
"SCHUITENBERG; STADHUIS";1
BIJ KAVEL D20 OF D76;1
TESMAR;1
ALTENA LAANTJE;1
NOORDZEE EUROGEUL 1 NCP BLOK R3;1
BRANDEMEER;1
SCHOORSTRAAT;1
Groot Malpieven;1
"Bosweg; Kavel H41";1
ONLAND OVERVAART;2
SLOT OP DEN HOEF;1
"Amersfoortseweg; Bisschopsweg";2
de weg Anderen-Gasteren;4
06.160 Jan Pieterzn Coenlaan 2;1
STAYERHOF;1
MOLENAKKER-LAARDERWEG;1
Kadijkweg;1
HOUTENSEWEG;2
Westerkerklaan;1
"VIERHOUTER BOSCH; GORTELSEWEG";1
Exploratieboring;1
VIJFONDERD-IN-BEOOSTEN-EEDEPOLDER;1
Benedenheulseweg, voormalig AMk-terrein 6556/38B-094.;1
Gouderaksedijk 131;1
KAAP;1
NIEUWEWEG 7;1
Soeterbeekse Weg;1
R.K. Josefschool;1
Park Valkenberg;1
Hoge Blok;3
RENKUM;2
01.28 WOUDSE POLDER;2
KLEIN HEILIGLAND;1
LOMMERBERGEN;19
KERKENEIND;1
Zevenaarhaven;1
Majalis;1
"Voormalig AMK-terrein: Wolfsdreuvik; Zeven Lindenweg";1
EILAND ROZENBURG;4
"BOESCHOTEN ; BERGSHAM";11
DUIVELSLAG;1
MUGGENBURG;9
RIELSCHEN DIJK;1
achter boerderij met voormalig huisnr. Oosterhout 11;1
Beemdstraat;1
KORTBOSSEN ZUID 2;2
Ruimte voor de Rivier vindplaats 8;1
OUDE TIELSESTRAAT;1
POLDER F;1
WOLVES;1
RESERVOIR LEIDSCHE DUINWATER MIJ.;1
deelgebied Duinvallei;1
Adsteeg;1
Kerkstraat/Muurhuizen;2
MIDDELGAT;2
MIENT 41;1
HEGGE;1
Voormalig AMK-terrein M12913: Noordzijde 36;1
DRIE HUIZEN;2
KASTEEL DOORWERTH;4
ERVE MOLLEMA;1
Zalneweg;1
Driestedenweg 50A;1
POLDER PAPENDRECHT;1
KONINGSBULT;1
HYPPOLYTUSHOEF;2
IJSSEL KOERHUISBEEK;2
HOGE POL-DE HOFKOOI-KORENMOLEN;1
HOGE STEEG;2
HUIZE ANTONIUS;1
WEZEL - ZUID;1
FUNDERINGSPUT OEVER IJSSEL;1
MAASVLAKTE SLUFTER 4;1
Groenewoudese Tocht;1
HOF VAN VOORNE, voormalig AMK-terrein;1
RIDDERSTRAAT 32 (BOUWPUT JANSKLINIEK);1
LANGE MARGARETHASTRAAT 13 - 15A;1
Hal;2
BOLVEEN;3
EERBEEK;4
HOEVE SINT JAN;6
Den Deeker;1
WORTELSTEEG-oostkant;1
GALGEWEG;1
STRAND WESTENSCHOUWEN;5
Telgen Es;2
ZESSTEDENWEG;1
NEDERLANGBROEK;2
Juliana van Stolberg kazerne;1
16.56 AALKEET BUITENPOLDER;1
WARDER;1
RUIGROK;1
KERK V.D. HEILIGE NICOLAAS;1
SCHERPENBERGH;1
Waalstraat;13
Driehuizen;3
SINGEL;3
DE GALGENBERG;4
"PAROCHIEKERK; PASTORIE";1
"LUIJTENBROEK ; HEIBLOEMSTRAAT";1
HERENWEG;21
Kazerne;1
"DE BORG; BORCH; OUDENBORG";1
HONIG;3
Visweg;1
Land van Belofte;1
Twello De Fliert;1
Plantsoen Schoolstraat;1
VALKENBERG;3
"Wijksestraat; bergbezinkbassin";1
Goorstraat;1
VERBRANDE STEEG;1
Vloedgraaf;15
WIJDE RIJN;1
BERKEL;6
BURGZAND NOORD 14;1
Grote Marktstraat 44-46;1
SCHINKELSHOEK-SITE 16.90/16.55/16.60;1
01.112 Hoogstraat 26 Joannes de Dooperkerk;1
"TEN HOUTE; VAN DEN HOUTE";1
Veenkampen;1
"Molenstraat; Schapenoordseweg";1
SCHIPBEEK;1
Frankenweg - De Stokte te Dalfsen;1
Almere Stichtsekant 1R4;1
Veemarkt/Wilhelminastraat;1
Burgemeester Bruinemanstraat;1
Koornstraat;3
SNOEKENLAND;1
Vierakkerssche Laak;1
ACHTER OPENLUCHTMUSEUM;1
KALIWAAL;1
NAGELERWEG, KAVEL J89;6
De Hoge Boght - Zilverackers;1
LOTWEG;1
VRIEZENBERG;3
"KERKHOEF; DOMMEL";1
"STRIJP ; HET GOOR";2
JULIUSSTRAAT SPEELWEIDE;1
NOORDZEE BRUINE BANK 3 NCP BLOK P8;1
Pater Brugmanstraat;1
Laan van Moerkerken 27c;1
Gijsenberg;1
Van pallantstraat;1
BRAS;1
WAALWEG 47;1
Oude weg nr.4;1
BOSBROEK;1
De Krocht;1
SCHULPVAART;1
hamdijk;1
Hoge Nieuwstraat;1
RUKKERHOF;1
Rusthof;2
Leegkerk-Zuid;3
DE KLEI;1
Drievogelstraat 121a;1
MUNTSTRAAT-TORENSTEEG;1
Schapendrift;1
HOORNSE HOP;1
SLEIJENBEEK;4
HULSHORTSCHE ZAND;1
JERICHO;1
Dorpsweg 40;1
Bornseweg;1
Huisvrouwenwaard/Linge oevers;1
UITKIJKTOREN;1
Huismeer;1
Maaipad;1
wageningsestraat;1
KROCHTEN WEG;2
NOORDZEE MIDDELDIEP NCP BLOK S7;1
WOUDFENNEN;1
Kavel A40;1
CUIJKSE WEG;5
CORISBERGWEG;2
ULFTSEWEG;10
STROEERDIJK;1
SLABBERSWERF 9;1
Lagedijkerweg;1
BIJ HET SAVELSBOSCH;3
akker achter bebouwing Elbaweg 55;1
ACHTERSTE VEEN;3
"DE LANGRIJT ; DOMINEEPAD";1
De Kreppel;1
De Oude Hof;2
KLEMBERGEN;1
Fort St. Livinus;1
julianastraat 2;1
Nabij Rosengarten;1
DE ACHTERSTE VOORST;1
NEER-BOSHEI;1
Achterpad, Eemnesserweg 95;1
GELEENSTRAAT;1
Oranjeplein;6
HET ACHTER VELD;3
Het Honderen;1
Notel;2
WEZENLAND;4
Voormalig AMK-terrein M12896: Oosteind 56;1
Plein 1455;1
BOERDERIJ WEIDELUST;1
Hogeweg nr. 255 (Wieken Vinkenhoef);1
ENKFORT / VELUWE NOORD;1
"Schijndelseweg; Morgenstond";1
STROETENDIJK-WEST;1
KERKEWOID;4
WILBERTSPUT, ST.-WILBERTS;1
STEENBOSCH;1
Bergkloosterweg;1
Randweg Oost;1
Tien;2
VLEDDERLANDEN;1
"HOUTENSE WETERING 6; voormalig AMK-terrein";1
LIBRIJE;1
Holtum noord Rioolsleuf;1
RECHTEREN / HESSUM;1
De Baanakkers;1
Groene Kerkje West;1
WEEBOSCH;1
DE ZANDGROEVE;1
WESTERSTUKKEN;1
ALMERSDORPERWEG;1
AMERVELD-ZUID;1
N31 Kimswerderlaan;1
BRIJDORPE;2
Schatzenburg;1
SINT MARTINUSKERK;6
Vlietwei;1
Zwanehalssteeg 1987;1
WESSINGTANGE-OOST;1
MARSDIJK: DERKINGE;1
VOORMALIG KLASTEEL GAGELBOSCH;1
"EUVEREM; SCHAELSBERG";1
Hunerberg, Kops plateau;1
A44;2
WESTELIJKE MIDDELSTE DWARSPLAATSEN;1
Sambeekse Veld;1
06.121 van Leeuwenhoekstraat 2;1
Vaarwegen Zuid-Holland;1
ROODE WALD;1
KRAB EN LANDZICHT;1
OLDEMEULE;2
LOZERLAAN MEPPELWEG;2
VIERSTRAAT-RABOBANK;1
PRIJSSEWEG;3
Waterstraat 3;1
Verberding Rijksweg A12 Ede-Grijsoord;1
BOSWACHTERIJ ODOORN-ZUID;1
WESTERVELD-ZUID;1
Sterrenbosch;1
IPENHOF;2
Midden-Gebied zuid;1
TRAAY, HEUVEL 8, voormalig AMK-terrein;1
Visserseiland;1
"Kaalheide; Krichelberg";1
AALKEET BINNENPOLDER 12;1
SCHEER;1
ZUIDDEELSCHE LANDEN-ZUID;1
Hoekvensedreef, 'slaveld';2
"DE LIJNT; DE KEERSOP";1
ELZENER VEEN;1
BEGIJNHOF 29 - 30 - 32 (WAALSE KERK);1
Brakenstein;1
NH KERK-ST.-NICOLAASKERK;1
'T BRAMELT;1
Hoogdijk Terrein 89;1
D41-EMMERVELD;1
WESTERHAVEN;1
HERENWEG 52;1
Stegerweg;2
Englaan;1
LINGEWAL;1
BUINER VELD-OOST;1
Bobbenagel;1
GANZERT;1
DORPSSTRAAT 89/91;1
WILDHALM;2
BOERENBROEK;1
het Kienveen;2
"Gening; Eckeltsche Beek";1
Den Oudert 2a;1
Heerenweide & De Veken 4;1
ZUID HAFFEL;25
"Blankenhammerweg; Kavel R13";1
SMIDSTRAAT;2
Erve't Overkamp;1
EELWERD;1
LOENENSCHE BUITENPOLDER;1
Mezenplein;1
ST. SERVAASKLOOSTER/ SERVAASBOLWERK;1
DOEZE KAMPEN;1
MUSEUM;1
Wolfhoeksestraat/Mermsestraat;1
Kitskensberg;1
KLISPOEL;1
"GELDERWOUDSE POLDER; voormalig AMK-terrein";1
ARKELSTEIN;1
DE HOLTSLAG;2
SCHAKERLOO;1
Bolwerksweide-Ossenwaarden-De Worp;3
"WARANDE; OUDE WARANDA";1
BIEZENWEI;1
ERVE DE WOLFSKAMP;1
TUMULUS I;1
De Kule;1
KEMNADE;1
"Kadoelerweg; Kavel T88";1
Bruggenseweg;1
ELST-AAM;2
Huiske ten Halve;1
SMITSPUT;1
"EDESE WEG ; DE VEENEN";1
KAREL P67-RAMSWEG;1
BAALDER;9
ILLIKHOVEN;1
"Voormalig AMK-terrein M10357: Aalkeet-Binnenpolder; Maassluisse Dijk";1
"Blauwendraad ; Cuneraweg";1
MARKT 29;1
CATHARINAKERK;1
Loonderesch;3
RUITERBERG;2
WOUDSLOOT Z;1
Broxven (in de richting van de spoorlijn);1
WEG ROLDE-GROLLOO;1
Beverweg;1
BEYERLUST- G. VAN ASSENDELFTSTRAAT;1
Keizerstraat 7-9;1
Haageind;2
MUNTSJEHUS;1
Kavel P191;1
DE BANEN;9
RIXTEL;5
SLAGMOLENBRUG;1
DE KNOP;1
MODDERVEN, TEN OOSTEN DAARVAN;1
Opperdoes Terrein I en II;1
Parallelweg;7
Hoge kanaalweg;4
Zuid-Zevender, voormalig AMk-terrein 12327;1
DE KROON (DILLE & KAMILLE);1
Rivierenlandlaan;1
Regentessestraat;1
KROMMESTRAAT;3
Geeserstroom;1
QUARLESHAVEN;1
ANGELSLOO;2
Veluwsedijk;1
KLATERINGERWEG;1
GREONTER POLDER;1
Frans Bekkerstraat;1
MIJNDEN;1
NOORD DEURNINGEN;5
OVERWOUD;1
Veursestraatweg 100;1
FELLINGSWEG;4
BLAUWENDRAAD;2
ST. AGATHAKAPEL;1
Vakantiecentrum;1
Ziegenbeek, Aaltenseweg;1
BREDESTEEG;1
ZUIDEINDE 4;1
KATJE EN HULTJE;1
Akker ten oosten van Venneweg;1
Plantsoen 9;1
Linge West;1
Prinses Margrietlaan;1
De Enk;2
KLOOSTERSCHUUR;1
Delfshaven Stadtswerf;1
OOSTSINGEL;1
Hoogstraat 75-85;2
locatie 19;1
Grijpskerk-Workum (A-652);1
BEEKHUIZERZAND TANKBAAN;2
HOGELANDSE WEG;2
Bergse Bos;2
T SCHOL, voormalig AMK-terrein;1
PALL D16/97;1
Putgang;1
Schuitengat 2;1
BROEKEIND;1
"DE SCHOTEN ; HEIKANT";1
ZUIDESCH;11
Hoofdweg 151;1
Reitdiepplein;3
Lentse Schoolstraat;1
kruising Dr. Verbeecklaan en N272;1
HELENAHOEVE;2
HET PRIEEL;1
KAVEL Y96;1
Nassuastraat - Nieuwe Boschstraat;1
ELSENERVELD;2
Veld;6
DE GOUDEN BERG;1
PEEL;1
HET GROOTSLAG-DE BUURT-SLIMTOCHT;2
Huisseling,Daalderstraatje;1
Sandtlaan 34A;1
't Hoekske 6;1
Medel 2 - Broekdijksestraat;1
Heiliglandsestraat;2
17.BF AALKEET BINNENPOLDER;1
Hoofdstraat 23-25;1
NEERDORP;1
DE DIJK (NRS. 43 & 51);1
"Westerseweg; Broodkistje";1
IN T VEN;1
Malzwin 1;1
Benedenweg  212;1
Polstraat/ Taxhof;1
Sloterbeekstraat;1
OOSTZIJDE BATAUWEG/NEDEREINDSEWEG;1
Galderseweg;1
Molenperk;4
HUIS TE MORTIERE;1
BROEKSTRAAT/HOGE TUSSENRIJTEN;1
OOSTEINDSCHE STUKKEN;1
Heiliglandse straat;1
Gracht huis Bevervoorde;1
SLUISSLOOT;2
2350 Herpt, Perceel G1302;1
T HOOGE;3
GROOTE HORST;1
Zuidpolder;5
NED. HERV. KERK;1
"OUDE STRAAT; KORNSEDIJK";1
HUIS TEN BERGH;1
AA of Weerijs;1
'T MOLENVELT;1
DE VEENHOF;1
It Grien;1
"GRUTTERSTRAAT ; BARNEY'S KIPCORNER";1
Oudvaart;2
Dr. Grashuisstraat;1
HELHOEK;1
MUIZENHOEKERWEG;1
ERVE DE RENGER;1
Volkstuinen;1
Sint Annakapel;1
SMALDONK I;1
OBERGUM;1
01.23 WOUDSE POLDER;1
Groebels markt;1
BRANDWIJKSE DONK;1
HET SCHOT;2
Meemortel;3
Noordmeep 1;1
"DE TANGH ; GALGENBERG";1
MEGELSUM;2
MAATMANSWEG;1
Defensieweg, Voormalig AMK-terrein;1
"LIJSTER ENG; AUTOWEG";1
KENAUPARK (A.O. TEGENOVER NR. 21);1
"ESTERHOLT; DE ZESSPRONG";1
PAALLAND;1
BERGAKKERS;3
VOORDIJK;1
WITTE ZAND;1
LULA;2
BIJ HUNEBED D14;1
Oude Rijksweg Zuid;5
BERGZICHT;4
TESSTEEG;1
HEIKAMP HERKENBOSCH;1
WEERDINGERSTRAAT-OOST;1
HEINIS;2
Almkerk de Laagt;1
OOSTWEG;5
Vestingwal Kruittorenstraat en Bastion Treurniet te Bredevoort;1
NOORDER BRAAK;1
Veerse Bolwerk 3;1
Zwaanshoek;1
COXYDE;1
Napoleonsweg, Torenweg, Boekenderweg;2
Romboutsweg;2
"Hofkamp; De Toeren";1
Weverskade;1
KERKSTR. 9;1
"KEMPENSWEG; HEMELTJE; BROODKIST";1
STROETENDIJK-KOELANDENWEG;1
Kapelweg;2
ERVE MEIER;1
klooster Yesse;1
"Stockveld; Heugdenweg";2
Huis te Weerde;1
"Wisentweg; Kavel J68-I";1
DE MOLKENKELDER;1
"Oosterringweg; Kavel R43";1
HOTEL CENTRAAL;1
ROTEN;1
"INDUSTRIETERREIN ""REVELHORST""";1
WIJNGAARSTRAAT 7;1
BRANDWEERHUIS/ ZWEMBAD 'DE WETERING';1
"KAVEL H4 (?); VISVIJVERWEG";1
WERVERSHOF;1
BORGWEG 32;1
Zuiderdijk, Schellinkhouterdijk Hoorn;1
BURGWAL 54;1
BEEKHUIZERZAND;43
Pippertsestraat / Dreef Ophemert;1
Herstraat (perceel 1);1
07.001 Samuel Esmeijerstraat boringen (1993);1
TRICHTERVELD;1
KLEINGARNWERD;1
KAATSWEG-OOST;1
"LINDEBOOMSBERG; NOTARISBANK";1
MIDDELMORS;1
Schotschestraat;1
Boomstraat 37;1
OUDE KAMP;5
ANERVEEN;6
KRAAIVEN;1
Groensebos;1
Bedrijventerrein Leersum te Amerongen;1
HUTTENSTRAAT;1
SCHOENAKERWEG;1
BETENLAAN;2
Tuinweg;1
LAGE EGGEWEG VOSSENBOS;1
De Wildeman - Vindplaats C;1
"GINKELSCHE HEIDE; GIRHEN";1
BERKENRODE;1
KROONBEEK;2
Vliet;1
01.003 Maassluis Marnixkade/Geerkade;1
SCHOLTEN-LINDE;1
Olyhorststraat 37;1
FIEBEL;6
OOSTERENG-SPORTVELD;1
Heioord;9
ZANDBERG;3
LATIJNSE SCHOOL;1
EFFEN-NOORD;2
PEUVERHOEK;1
Develsingel;1
Westvlietweg;1
Eerste Constantijn Huygensstraat;1
KASTEEL REYMERSBEEK;1
HOOGE AKKERS;8
Prins Alexanderpolder I;1
De Vrije Teugel;1
HOLLESTRAAT LOOVEBAAN;1
Heuvelacker;1
TRIJN BREED;2
DE WAAL;17
GROOT SEMINARIE;1
GOUDENROODSWEG;1
Maneweg;1
JACHTLAAN;4
LAAREIND, CUNERA WEG;1
"Boeschoten ; Bergsham";1
HAMSE BOOMGAARD;1
de Vliet, Buyensweg;1
Messemaker;1
Loretokapel;6
Warmoesstraat 66;1
JANSSTRAAT 65;1
Aalkeet-Buitenpolder MD16.03;1
DE TIEFLAAR;1
Lithse Ham;3
KATEELTERREIN KLEINE OVERBRUG;1
Huis te Wedde;1
De Wilp;2
JACOBIJNESTRAAT 15 - 17 (NW.APOST.GEM.);1
"POLDER LOPIK; LOPIKERWEG OOST";1
NUTTERVELD;1
MAAR-WEST;1
LINNERBOS;4
ZUIDBARGE ESCH;1
Cornelis Groenlandstraat;1
VORENKAMP;1
"OUDE ELSPETERWEG ; DE ECHOPUT";2
KAVEL H111;1
"Remmersteinse Bos ; Paasheuvel";1
Millse Weg 3;1
TIEKAMP II;1
Franse kamp;1
De Hoef Landweren;1
DUNNEWIND;1
"Putterbosch; Julianaweg";1
Van Ghentkazerne;1
IJsselmeer, Friese Meren;2
Heurkensveld-Scheiwal;1
Voorsterveld;1
"Dorpsstraat; Hoge Giessen; Lage Giessen";1
Geuzenpad;1
CAPELLE;1
OUD-ORVELTE;1
Vincentius-terrein;1
BLOK;1
Berkenakker/Galderseweg;1
BANDIJK;9
Rondweg Aardenburg, deellocatie III;2
Terrein achter Hervormde kerk;1
POLDER NEDEREIND/BATAU-ZUID;1
19.27 OUDE CAMPSPOLDER;1
De Romaanse kerk;1
ALVERLIES;1
SCHOLTENBOSCH;2
NOORDZEE VLIELAND NCP BLOK L15;1
PERENBURG;1
KASTEEL DIDAM;1
PROVINCIALE WEG 13-ZUID;1
MEERSEDIJK;1
Burgstsedreef 2;1
Steenwijkerkamp 4;1
VLEDDERVELD;1
Schuytgraaf- Vindplaats 2;1
DE HUISWERF;1
SCHARNDERWEG, ZUIDZIJDE;1
TIEL;1
HET PEESKE;4
ERVE WENNINKMOLEN;1
EEKSTRAAT;1
DORPLEIN;1
Voormalig AMK-terrein M12919: Peperstraat 38, 39;1
KAVEL T24;1
Hopelerweg;1
Wijnstraat;1
de Gravenbelt;1
Engsestraat;1
Amnesty Internationalweg 7;1
NOORDZEE NCP BLOK M14 (M11);1
OUDE ZUIVERINGSTATION;1
De Luistruik;11
DE SCHOOTEN-HET TORP;1
Borgerbroek;1
PEYENKAMPSE VELDWEG;2
DORP;12
GENDERINGEN;1
Enschotsebaan;3
Schouwenbank 1 NCP Blok S4;1
Bredelaar;3
BERGEIND;1
BINDEREN;1
'T BROEK;1
Achterhoek;1
Business Resort Amstelwijck;1
VOORMALIG ST. ANTONIUSKLOOSTER;1
JONGENSHUIS ST. HOENDERLOO;1
Ruenbergerbeek;1
Servatiusstraat;1
Golfbaan Mortiere;1
WERCHEREN;1
Begijnenstraat-de Wolfsdarm;1
WEERDENSTEIN;1
Bussserdijk;1
SPAUBEEK (PUTTEWEG);2
ALVERNA;3
Hondsdiep;1
Begijnhofkapel / Coppelstockstraat;1
Negentien Morgen Vliet - Westdijk;1
Gravenstraat 30;1
KLOOSTERHOF;6
Even Buiten;1
Dubbeltjesweg;1
TE PASKE;1
KOLHORNSE WEG-KERKHOF;1
ELPERES;1
DE ZWARTEHORST WEIJER;2
RBP 09;1
HUIS TEN HOEKE;2
Kruisweg;2
ZUIDER ONDEREINDEN;1
Eschrand;1
Nieuwe RK begraafplaats Tubbergen;1
ZUIDERMIDDENWEG, KAVEL H32/H33;1
DE FLEDDERS;1
DE KAMPS;1
INFIRMERIE/BEGIJNENHOF;1
"Blankenhammerweg; Kavel N45";1
HET HOF VELD I;1
OP DE BERG;1
WITTE BRUG;1
Noordse Veld;1
KAMPERPOORT;1
Boommarkt;1
"Binsfelderhof; Broekhovenlaan";1
Oude Mirdumerklif;1
Kloosterstraat-Kapelstraat;1
Nieuwland-Oost, de oude gooten;5
LEENTJESWEG;1
WESEPER ENK;1
Hulsbeek;1
POLDER KORT- SCHEIWIJK;1
BROEKJE;1
TIEFLAAR;1
BENTELO;9
TURFWEG;1
RIDDERSTRAAT 9;1
"'T SLOTJE/ SLEUTJE; DE DOORT / DORTH";1
Liesboslaan;1
BOWLESPARK;1
Afsnijding Schiebocht;1
Van der Made terrein;1
Zwarte plak;1
3 MORGEN;1
HAARPAD/JOOSTENPAD;1
Dwingeloosche Heide;1
Gouverneursweg;5
Huize Zevenbergen;1
GLIMMERESCH;2
EEKSE STRAAT;1
EEDEWEG;1
HOENSHUIS;1
Wieken Vinkenhoef - Hogeweg, Perceelnr. 618;1
"Oekelbos; Voormalig AMK-terrein";1
Hof van Cranendonck;1
ROZENPRIEEL;1
Boggelaan;1
PIETERSTRAAT 15 - 17;1
HUIS TEN VELDE 05;1
GENDRINGEN;1
Barntjes;2
Steenovenwaard;1
D31A-HUNZEBOSCH;1
BOSWACHTERIJ SLEENERZAND;28
NONNENSTRAAT;2
Tuinstraat 3;1
FEITENHOFSWEG;1
VUURSTEENWEG, KAVEL H4;1
Oosterveld;1
Bolleberg;2
KERKDORP;5
DUIVENDAL;2
BURENWAL;5
St. Josephhof;1
ACHT AGGELEN;2
VASSE;26
Hogeweg - plangebied Vitaflor-2;1
ENGELKESLAAN;1
De Peesterweg;1
Overgooi;1
HEILLE;1
DE SCHEG/HOLTERWEG;1
GROTE MOOS;2
ACHTER LINNERBOS;12
MEERSTALBLOK / AMSTERDAMSE VELD;1
ERVE SNOEIJINK;1
POLDER ELSGEEST;1
KERSELSCHE BEEK;4
TWAALFHOEVENSE WEG;2
WIJKERBROEK POLDER;1
BROEKSEWEG;2
VROUWKENSWAARD;1
MEESTERSWIJK-ZUID;1
KEIZER;1
't Vaartje Waspik;1
Oudkerkseweg 8;1
Achter de Hoven;3
Rotonde Roersingel;1
HOGERWOERDDWARSSTRAAT, 1E EN 2E;1
DROUWENERVEEN;10
OSSENWAARD;16
FRANSCHESTRAAT;1
OOST VLISTERDIJK 42;1
Hoekstuk;1
RHEEZER KAMPEN;1
OUDE BOSWEG;1
"Hoekelum; Oost Breukelderweg";1
Den Hartog;3
MEDEL;11
AALKEET BUITEN 039;1
Frederica's Hof;2
Heierhoeveweg;12
LANGSTRAAT;2
STRAND WADDENKANT;1
"NOORDERHEIDE; TONNETJESDELLE";1
Groot Bernarda, Hilaard;1
Halder;1
"HUNNENWEG; DE ZEVEN BERGJES";3
GELDERSE LANDWEER;2
ERFVELDEN POPPELSCHE HEIDEN;1
Rhenen-Achterberg;1
G. NR. 264 (KAD.ARNHEM) SCHAPENDRIFT;1
Huis ter Duinstraat/ Nic. Barnhoornweg/ Parallelboulevard;1
KLOOSTER SION;1
HET LEGE VELD;1
1e Kruisweg, van Es;1
Obbinkmark;1
DE HORST;7
OP DE HOEKJES;5
't Hoge Veld;1
Sibemaweg;1
KLEISSENS MOLEN;3
HOOGWERF;4
KWAALBURG;5
Pannenplaat 1;1
RIPPERDA;1
LAGE MAAT;8
De Beekse Akkers;1
SCHAAPSKUIL-NOORD;1
Industriepark;1
IMKERSHOF;2
BROEKBERG;3
BLOEMENDALERWEG, POLDER L;1
BUDEL IV;1
VOORM. STATION RIJNSPOORWEG;1
gasleidingtrace Grolloo-Westerveld;1
GROOTE MOLENBEEK;4
"plangebied ""Vinkenkamp""";2
STADSWAL BIJ DE DUISTERESTRAAT;1
Medelsestraat-Oost 13-15;1
"Oosteindsche Polder; Molenkade";1
CELTIC FIELD;1
SCHARENBURGSESTRAAT;3
GOUWE (VINDPLAATS 47);1
WINTERDIJK 6;1
"EERSELSE DIJK; FAZANTENLAAN";2
DE MALPIE;4
Waag-zuidzijde;1
"KLOKHUISPLEIN ; ENSCHEDE-COMPLEX";1
Verlengde Torenstraat;1
locatie 17 schoonebeeker diep;1
BERGVREDE;2
Grotekerksbuurt;1
Loven-Noord Retentiebekke;1
Loerik II, Leeweg;1
SCHOUTSVENNEN;4
DE WOESTIJN;1
"Vestestraat; Nieuwe Rijn";1
Kaatsbaan 7 en 9;1
DE HEIJGRAEFF 15;1
Maarsbergseweg, Voormalig AMK-terrein;1
DR VAN WIERINGENLAAN;1
GROOT LIMMERPOLDER (VINDPLAATS 17);1
Balloo;1
Schipsloot;3
WESTERENBAN VAN SCHOUWEN;82
"Hangbrugweg; Kavel B6";1
RECREATIEPARK VALLIS;1
BREDERODELAAN (HOEK C. SCHULTZLAAN);1
D52A/POTTIESBARCHIEN;1
Tolbrugstraat 19;1
VLAKTE VAN AMELAND 1;1
"HUIS HATTEM;";1
KROM 'T (BAKENES);1
NOORDZEE NOORDERHAAKS 11E NCP BLOK Q2;1
DONKERE GAARDE;3
KLEINE VEEN-VOORSTE DIEP;1
"HAVEN; SOESTERKWARTIER";1
"Espelerpad; Kavel C53";1
HEUVELTERREIN;1
"BIJ RUINERWEG; HILGENSTEEN";1
THORBECKESTRAAT;1
Bolwerksplas;1
OOIEVAARSWEG, KAVEL JZ40/JZ41;1
KEURVORSTENHEUVEL;3
OUD-WILLAER;1
BOERDERIJ STURKENBOOM;1
Hoenderbos IV;1
Fnidsen 81;1
Maar-West;1
"Voormalig AMK-terrein M4063: Centrum; St. Jacobskerk; Groenmarkt";1
LANGE STUK;2
MOLENSTEEG;1
Mensumaweg;1
HOEVE RUST OORD;1
LOOPERSKAPELLE;7
NORGERVAART 06;1
REMIGIUSKERK;1
Bussumerstraat 16;1
Jonkersvaart;1
BUURTSCHAP VIANEN;1
Methusalemlaan;1
Golfterrein;1
ESPELERPAD, KAVEL C55;1
WASKEMEER;1
HARE;3
Stikstoftransportleidingtrace (A-626;1
GAMZ, vindplaats 43;1
Kanaalstraat 13 - 15;1
LICHTENBERGWEG;1
"Dommelsvoort; vindplaats 1";1
Uivernest- Oost;1
Smidstraat;6
STEEGAKKER;1
HEESELSWEG;1
Arnhemse Karweg;1
De Burd;8
POLVOKAMP;1
polder Waard-Nieuwland, derde molen;1
Geertekerk;1
Rijksstraatweg, Dartheze, Voormalig AMK-terrein;1
PROVINCIALE BIBLIOTHEEK;1
KLOOSTER KLAARKAMP;1
Schouwenbank 3 NCP Blok S5;1
Wijngaardstraat;1
GEERSTRAAT E.A. (SCHERMERSDEEL);1
Koningsweg 27;2
BAARLOSESTRAAT;2
TERREIN DE LEEUW;1
MOKVELD;3
Parklaan;1
"'T ROT; ROTSE STRAAT";1
KANAAL BUINEN-SCHOONOORD OOST;3
TONCKENSBOS 29;1
"T-boerderij 't Slotje""";1
UGCHELER BEEK;2
MOLENWOORD;1
HEUNSBERG;1
"NH KERK ; PAULUSKERK";1
hoek Lefebureplein/ van Veenendaalstraat;1
KASTEELBELT;1
Beltrumsestraat 60;1
VOSSEVEN;1
LUIZENMARKTPOLDER;1
ZEEDIJK;3
pompstraat 8/smidstraat;1
Looner Diep, het Diepveen;1
Galgebolwerk;1
"DE PAS ; PASSEROT II";1
Vragenderweg 69b te Vragender;1
VLIETE;1
TOMMELSCHE HEIDE;3
Duurstedelaan;1
"Lage Dijk-Noord; Lage Dijk-Zuid; Hoogland;Groene Dijk; Heemradenlaan..";1
Easterein;2
Voormalig AMK-terrein M13228 / CMA38D-A04;1
HET KALFJE;1
ZWARTE HEIDE;2
Catualiumplein;1
KAMPERHOEK;2
"SCHOLLEBERG; HARTINGSHOF";1
GODSPLEIN;1
SEXBIERUM;1
"MUSSENTIEND; DE HEUVEL";1
"DE LEEREN DOEDEL; SPORTLAAN";4
DORPSSTRAAT 46;1
Schiermonnikoog 1;1
Kapelstraat 9;1
Waterbeheer Putten;1
Donklaan;1
STOOFWEG;1
KATTENHEUVELS;1
DE RUYTERSTEE-WEST;1
Kerkplein 13;1
STEENAKKER (HOUTEREND);1
WIELER;2
KASTEELTOREN TOUWLAAN;1
G NR. 135 KAD.ARNHEM/MEELWORSTENBERG;1
Maisakker, bouwterrein tussen Deurningerstraat en Mekkelhorsterweg;1
Van Beethovenstraat 6;1
Walstraat 29;1
Parkeerplaats Frieslandweg;1
Poortweg;1
VELSEN ZUID;1
CUNERABERGJE;1
DE STERN;2
Beekweg;1
POELESTRAAT 41;1
ALDENHOF;1
Baskensburg III;1
Polder OTPV;1
Heerlijkheidstraat 10;1
MELKPAD;1
Weelhoekweg/Catalijneweg;1
SCHERMERSDEEL-ZUID;3
POLDER OUD PIERSHIL;3
N 570 Rothenbach;1
MARSDIJK-ZUID;1
"KASTEEL ; HUIS ANDELST";1
Markerwaardweg-Dirk Bijvoetweg;1
DE BRUYN;1
MARIENDAAL;3
Roosjesland;2
WEKEROMSCHE ZAND;10
Het Burge;1
Rijksstraatweg 99;1
ZUID HAFFELDERWEG;4
Plangebied Haefland/Rode Beek;1
Luunhorststraat;4
"Dronterweg; Kavel F60";1
ZANDAKKERS NOORD;1
DE ZWARTE HEUVEL;1
ROKKEVEENSEWEG;2
OUD EMMELOORDERWEG, KAVEL J127;1
HOLTINGERZAND;33
IJsstraat;4
De Pettelaar;3
HUISMANSTRAAT/GOCHSESTRAAT;1
AMELTE;4
stad, Buitenomme;1
Het Veen;1
PISHEGGE;1
Passeweg;1
Sijboltsheerd;1
UITHOF VAN KLOOSTER LEEUWENHORST;1
PANNESCHOP;1
DE LUTTE ERVE MOLTHOF;2
Thorbeckepark;1
STROETENDIJK-OOST;3
Martinikerkhof;1
Singelstraat;1
"19.30 OUDE CAMPSPOLDER; WESTGAAG";1
Kerkepad;1
WEURTSEWEG;1
"C & A; MARKT";1
VAN BREDERODESCHOOL-JANSWERF;1
STATIONSSTRAAT 4;1
arixweg;1
"GAGELDONK;  HAAGSE BEEMDEN";1
Themaet;1
KRODDEBUREN-STADSWEG;1
Sterrenlaan/Van Aelstlaan;1
Jurjaneweg;1
"PARKWEG; TER MEER";1
REEKSTRAAT;1
DOLDERSEWEG;2
GOMMELBURG;1
Nieuwland V;1
GREVENBERGWEG-HUNNENKERKHOF;1
Zwarteweg 18;1
Boerestreek 24;1
KALFDAMSE WEG;1
Kasteel Zuileveld;1
plangebied de heihorsten;1
Lage Schoense (Sleutelbloem 16);1
BEGRAAFPLAATS WAARDHUIZEN;2
SCHOTERWEG;1
Boerenbuurt;1
Industriepark Swentibold;1
HOOGE KAMP;3
KLEIN ZWITSERLAND;2
SONNEVANCK;1
Liniestraat;1
ABSDAALSE WEG;1
musschenberg;9
Wijttenbachweg;1
"J.H. van Dalestraat; 1 novemberstraat";1
KUINDEREWEG, KAVEL M131;1
Weijerstraat;2
KOOIPOLDER NOORDER MIEDWEG;1
Loher Schans;1
KLEIN GINKEL;1
BLAUWENOORD;1
CAMPINA TERREIN;1
BEATRIXWEG;1
PLAKKEVEN;4
PAAL 100;1
Leeuwerikshoeve;2
Krijtstraat;1
KALVENWEIDE;1
"WICKENBURGHSE WEG; 'T GOY; TEN GOYE";1
ST. ANTHONIESTRAAT;1
Gengske;1
BRANTEN;2
"Nieuwe Dukenburgseweg; Graafseweg";1
ZEEMSLOOT;2
BERG;5
D'OUDE HUYS;1
BIJ DE TIMMERSWIJK;1
BEVRIJDINGSWEG;1
ZOUTEVEENSE POLDER 10;1
TONCKENSBOS 11;1
ELZASHOEVE;1
"WILHELMINAKANAAL ; HOOGE AKKERS";1
MAASPOORT 2;1
Burggravensteen;1
KAVEL N6;2
LANSCHOTSE HEIDE;1
DE WUURDJES;1
de Heuver;1
BAGGELHUIZEN;1
STEENHEUVEL;2
Zuiddijk 118-132;2
Boddenbroek;1
HOUT;2
Grotenhof;1
NEDERHEMERT;1
De Kamp;3
ACHTERDAM 8;1
Steenakker Zuid Rat Verleghstraat;1
KARTINGBAAN;1
LUBBER SLOOT;2
Dijkland/ Dorregeesterpolder;1
Landgoed Termeulen;1
Volkstuinencomplex Arnhemseweg;1
ACHTER DE VOORT;1
LANGESTRAAT  [HAREN];1
Albert Neuhuysstraat, Baarlo;1
TICHELWERK WOOLDE;1
KASTEEL BLEIJDESTEIJN;1
KLEASTER KAMPEN;1
TEN W VAN BIJKERSWEG;1
D32;4
BIESSERTPOLDER;1
BANISVELD;1
HORSSEN - OOST;1
LANGE WAND;1
FAASSEN STEE;1
KROMME SCHOORSTEEN;1
Noordoosttangent, Enschotse akkers;1
BLEEKE MEER;1
TEXEL PAAL 14;1
BOERENKAMPLAAN 13;1
HET DORPSBOS;1
De Putter;1
N 31;1
16.69 AALKEET BUITENPOLDER;1
RODERWEG-WEST;1
OP DE BAAN;3
HARSKAMPSE ZAND;6
LANGBROEKERWEG;2
"Voormalig AMK-terrein M10452: Polder Grootewaard; Middenweg";1
voormalig monument 10856;1
Witte Zand;1
HEIDELAAN;1
KASTEELTERREIN;4
"Adelijk huis ""de Poll""";1
Weidevenne, voormalig AMK-terrein;1
WULPENBEK;1
OLDE GREVE;1
KAVEL N95;1
't Zand (Limes);1
BOVENWIJKERWEG;1
"Voormalig AMK-terrein M8775: Polder Heenvliet; Konijnendijk; Leenweg";1
Kerkstraat, Kindcentrum;1
Stationsweg/Westerweg;1
Arnhemseweg 528;1
"Zuiddijkstraat; speeltuin Camping Meidoorn";1
provinciale weg N225, nabij km-paal 18.0;1
DE KAPELHOF;1
STARTINGERWEG 15;1
Achter de Kamp 32;2
BRONKHORST;1
11.001 Sunlightterrein;1
APEDIJK/DIJKMAN;1
Vierhouterweg naast 71;1
Barwoutswaarder West;1
Middelweg-Torenweg;1
Dorpsstraat 65 t/m 87;1
"WATERMOLENWAL; 'T SPEELHUIS";1
ACHTEROM;1
HUPPELDIJK;1
ONDERDIJK;1
ZELHORST;1
1E HOGENDIJK;1
Danenberg;1
Hogeweg nr. 168 (Wieken Vinkenhof);1
MOLENWIERDSTRAAT;1
Frederikshoeve;1
Hunebed in de Strubben;1
NIEUWSTRAAT 3;1
Oostende - Zuid-Willemsvaart;1
ENKHUIZEN NOORD;2
DE HOOGMEIEN;1
Oost Voorstraat;3
ASSENSTRAAT TO NR 11;1
MASTMOLEN;2
De Scherpenzeel;1
BORGER;8
T HERKSEL;1
GICOM;1
BARTELJORISSTRAAT 39;1
Noordzee Bruine Bank 9 NCP Blok P14;1
SINT JORISHOF;1
ZOUTELANDE STRAND, PAAL 24/565;1
Asterdse Sluis;1
Genzonweg;1
SINGELGRACHT;1
"LEUSDERHEIDE; WATERLOO";1
POSTWEG 11;1
Oud Rande;1
Melkweg;1
07.083 Maassluissedijk Vergulde hand west 6;1
WAAL - IJZENDOORN;1
Laag Spul;3
KLOOSTERWAARD;1
KEIENWEG 15;1
ZUIDBROEKEN;1
MOSSELBANK;1
OUDENDIJK;17
STEENDAMMEWEG;1
RIEDIJK;2
HET PARADIJS ACHTER DE MARKT;1
MONNIKENWERVE;1
REINDONK;1
Laat 125/Hofstraat 1;1
SLUFFERDSBERG;9
2 MORGEN,1000 ROED;1
Donderberg, nu Stichtse Rand;1
Wadenstein;1
Broekakkers;1
WESTERSTRAAT 13-15;1
NAAST PARF EFFATHA;1
BERGEN;2
DE LENT;1
Grote Breul;5
St.Anthonypolder-Polderdijk;1
SNIJDERSHOEK;1
Eftelingsestraat;1
Delwijnsestraat;1
BIJ DE VOLHARDING;1
SPAANSE STEEG - WESTELIJK KOPJE;1
TOLHOES;1
DE BULK;1
KLEMWEG;3
DODEWAARD - DORP;1
BURGZAND NOORD 10;1
Voormalig AMK-terrein M13769 / CMA28E-A04: Piepengreften;1
Neerveld;1
EUROBLOEM;1
BERRY;2
"Urkerweg; Kavel H62";1
Kasteel Stein;2
voorsterberg;1
2000 Zeestraat-Coremolenplein, Noordwijkerhout;1
CASTELLUMSTRAAT;3
Spieghelstraat 14;3
Roerkade 6;1
De Helling;3
MOLENSTRAAT 7;1
EERSTE ZEINE;1
FLIERENSESTRAAT;1
Defensie-eiland;1
Grootdorp;3
BRON KINGBEEK;1
KELDERMANSTRAAT;1
Arkelstein;1
KASTEEL RIJNHUIZEN;2
Blauwe Sluis;1
Stationsgebied Noord II;1
WIERDE WIERHUIZEN;1
Het Hof;3
BURCHT I;1
OEKELSCHE HEIDE;2
MILITAIREOEFENTERREIN ANLOO;1
KRANESTEIJN;1
RBP 024;1
H. DE HAANWEG 19;1
WERVERSHOOF;214
DE KEMPEN;6
WIJDSLOOT;2
VARKENSMARKT 6;1
WIT VEN;1
GOUWE (VINDPLAATS 50);1
Plangebied Brede School;2
GROENE KRUISWEG;1
Oostelijke Ring (Beijum-Noord);1
Essenerveld;1
"SPANBROEKERWEG; BEJAARDENTEHUIS";1
Johannesschool;1
WILHELMINAPARK-SPOORLIJN;1
ZWAAGDIJK-WEST BEDRIJVENTERREIN;1
KUINDERBOS, K24;1
"KERK VAN DE H.SALVIUS; S.SALVII";1
BALINGERZAND;1
GROTE ACHTER KOCKERSEWEG;1
HOOGE LANDEN;2
NIJTHUYZEN;2
PLR HEER OUDELANDSAMBACHT;2
Regionaal Bedrijventerrein Twente;1
AMERDIEP;2
HOF TER BINNEN;1
DROOGMAKERIJ;1
KAESTRAAT;1
Zuidveen-Oost;1
"Boschlust; Vijverberg";1
HOF VAN WATERINGEN;1
De Poel;32
LAAGHALERVELD I;1
WATERMOLEN;2
Waterlaat 6;1
IMMERPOLDER;1
ADDERHORST;1
Maasstraat;2
Catalijneweg/Zeedijk;1
Basisschool Klim-Op;1
AGELER VELD;6
WESTKERKSE BERG;1
NOORDEND;1
LEIDIJK I;1
OCHTEN-DORP NOORDELIJK DEEL;1
RIJKSWEG 9;5
Groenendijk;1
Hoogaarshof;1
GROOT WELSDEN;2
Hunenbulten;1
DE LEMERIJ;2
POSTHOORN;1
MAASTRCIHT AACHEN AIRPORT;1
01.118 Waalstraat 68;1
BAARVELDWEG;1
Mathijs Tinxgracht 14-15;1
Beukenstraat/Populierenlaan;1
WEERDINGERSTRAAT;1
Grotestraat (ong.);1
Korte houtstraat, voorheen nrs 25-33;1
Dom;1
OUDE DIEP-WEST;1
ZANDGROEVE KAUTERBERG;1
DEVELZOOM 171;1
16.79 AALKEET BUITENPOLDER;1
D38-NOORD;1
GAGELVELDEN;1
Herstraat (Terrein B);1
AGGER;1
Meedenerweg 25;1
"HOLLEWEG ; HERENWEG";1
ROHRSTRAAT;1
BLIKVELD;3
Westerstraat - Havenweg;1
Oosthaven 19;1
HAKKELTSE WEG;1
Bergerbos camping Brockhausen;1
KROMME HOEK;1
"MOLENEIND; SCHOUWSTRAAT";1
BALLINGHEIM;1
LEEWAL;5
"KASTEEL LIMBRICHT; LEMBORCH";1
HET LAGE LAND;4
Korenbloem;1
BOSSCHE WEIJER;2
Zelder 1;1
MAURIK;6
Cascadeterrein;3
Ecozone Pampus;2
ZUIDDIJK;1
WILDERHOF;1
MALBURG;1
ALBLAS;1
Twijzelermieden - Lokatie I;1
Waarneming Botgat;1
Leijsenstraat;1
Uitgeesterweg 16;1
De Leuriks;1
POLDER RIETVINK;1
Laanzichtweg 62;1
DROSTENDIEP-OOST;1
SINGELWEG;3
BERLIKUMERPOLDER;1
Paktuinen;2
Kempkensberg;1
STELWEG;1
KERK VAN DE HEILIGE WILLIBRORDUS;1
MOESPOT;1
Assumburg;3
Wilhelminastraat;5
Voormalige kerk;1
OOSTERPOLDER;1
OOIMANWEG;2
Groot Vlasroot;1
Papiermolen De Rijzende Zon;1
Lange weg/ Boterhoek;1
Spoorstraat (Monel);1
KUINDERWEG, KAVEL M12;1
RIJKSWEG 20;1
MELDERSLO;1
Beugense Peel;1
Engelen, sport- en jeugdcluster;1
VLASROOT;4
"BURG.MOORENSTR.;DE SCHANS; GRAVENHOF";1
Vinkenlaag;1
De Kuulen;1
"""STEENKISTHEUVEL""";1
De Huisvennen;5
Overakkerstraat 99-111;1
Oud Bodegraafseweg nabij locatie 3;1
Linthorsterstraat 5;1
KAVELWEG;2
Marsdiep;1
ALVENBERG;1
Slotje Borsele;1
"Voormalig AMK-terrein: Groot Dabbelo; Stevenpolse Pad";3
Hogenboschweg Oelovenstraat;1
Weidelaan;1
MILLINGERWAARD;5
Theerestraat;2
NIEUWE STRUMPT;1
Elmerink;1
POLDER OTTOLAND;3
DE BREELER;3
"HOUTDORPERVELD ; PALEISWEG";1
Het Broek;21
Simonszand 1;1
Finkum-West;1
BESTEMMINGSPLAN TABAKSHOF;1
Marinierskazerne;1
GRONINGERSTRAAT/ZEIJER STROETEN;1
TUSSEN PUTTEN EN GARDEREN;1
"DOMINICANENKLOOSTER; OUDE MARKT";1
TUSCHENBRUGGEN;1
DE RIPS / KLOTTERPEEL;2
terpje;3
molensingel;1
Douve;2
MESSENVELD;1
NOORDZEE EUROGEUL 14 NCP BLOK P16;1
Talmastraat 95;1
504;1
DE HOCHT;2
ROODE BAAN;2
UFFELTER BINNENVELD;2
Pontanusstraat;1
Onze Lieve Vrouweplein 21;1
Windmolenbos vp 2;1
ZOETESTRAAT 42;1
Marnixplein;1
PISSEM;1
KLAAS PIET;1
BEERWEG;1
OP DE BLEEK;1
KEMENA;3
Westerkerkweg-Markerwaardweg;1
COBBEEK;1
DE DRIEHOEK, REMMERDSE LAAN;1
ELZENSTRAAT;10
t' warme nest;1
Richterbos-Noord (westzijde);1
WELLERZANDWEG, KAVEL L50;1
MIENTSLOOT (VINDPLAATS 23);1
FOKKENKAMPWEG;1
ARGADIA;3
URKERDWARSPAD, KAVEL H55;1
TONCKENSBOS 14;1
LAKEMONDSESTRAAT;3
ACHTERTERREIN ZUIVELPLEIN 5;1
POLDER DE NOORDSLUIS;2
DE HOGE MORGEN;6
DE TERP;1
DRIENERES;1
ODOORN;34
"Terschelling Boschplaat; Paal 30";1
DE WIG;1
GRENS;4
ZUIDMEEP 1;1
LINDEWEG, KAVEL M93;1
DE OELEMARS;4
OOSTROMSDIJKJE;12
DE WEZENTHORST;1
GRIPSKEEL;11
WIJCHENSE HEI;1
Aral Paasbergterrein;1
5B3 Villapark Hout II Zwaanpad;1
02.022 Oosthavenkade 53;1
TWEEDE OPGANG;2
NABIJ OOST ESCHHOEKS LANDEN;1
Bedrijventerrein Revelhorst 4 aan de Lansinkweg;1
Spoorsingel;1
RIJNSBURGERWEG DEFENSIEGEBOUWEN;1
POLDER NEDEREINDE [ VINDPLAATS 2 ];1
LEEUWERKENEIK;1
DORPSKOM;5
Haarsterbosch, Oude Diepje, Postdijk;1
Zoelen;1
MILITAIR OEFENTERREIN;3
POLDER WULVEN-KOEDIJK-HET RONDEEL;1
Paardekamp;1
Oosterparallelweg;3
Pepinusbeek;11
KEIZERSHOEVE;1
Menamerdyk - Westergoawei - Ingelumerdyk;1
DE KRIL;1
De Aa;1
"ZUILENSTEINSCHE BOSCH;DE BLAASBALG";1
DE HAMERT;5
Joriskerk;1
ROGGESTRAAT-ASSENSTRAAT;1
HERPER DUINEN;3
"Polder De Vlierbosch; Kobbelweg";1
"Voormalig AMK-terrein: Polder Nieuw-Lekkerland; Tiendweg";2
04.036 Holysingel (Rosarium);1
ULVENHOUT;6
Hofland 6;1
GEIJSTEREN;1
MAAS BIJ LITH;1
Het Koevlak;1
Wezelrade;1
KASTEEL DE WAARDENBURG;1
BREEHOVEN;1
KABELJAUW;2
SINT DONATUS;6
"Sluispolder; Burchtlaan; De Malderburcht";1
Heeswijk-Ewinkel 5;1
'T MOEJESJE;1
Voormalig Schoolterrein Franekerstraat;1
KRAAIENBERG;4
Oranjestraat Kaaspakhuis;1
COLMSCHATE NOORD OERDIJK;1
DE HOSTERD;12
Heeswijkse Kampen vindplaats 7;1
FLEDDERS 4;1
ZANDWERF;1
VELDZICHT DEELGEBIED 2 (LIMES);1
VINKENPOLDER;2
ERVE MOLTHOF;1
PELIKAAN;1
BRUGSTUK;4
Dorpsplein;6
"'T HAZELEGER; WOLFHEZERBRUG";1
Kickenweg;2
POLDER WULVEN;8
Schutsestraat 27;1
Hunnecum;2
DE WATERLINIE;1
ELSBEEK;1
BOVENSTE KAMP;1
"Redeweg; P40";1
STATION - KAPELLAAN;1
HEESCHEINDS VELD;1
Estersbroek;1
Waterstraat 33;1
DOENE ESCH;2
BELLINGWEDDE;3
Grote Poot;1
Nieuw Smiddelaar;1
CANCERSWERF;1
01.003 Kortedijk/Zwarte paard 2001;1
Jipsingboertangerweg;1
NOORDZEE MIDDELDIEP NCP BLOK S07;1
GROTE WOLDWEG;1
OUDE WEG (NABIJ HET VUILRAK);1
AALKEET-BUITENPOLDER;13
HERENSTRAAT 115;1
LIEDERIK;1
Pasestraat;1
Drachtsterweg, Topweer;1
Hoofddijk;1
VOORMALIG HUIS UTERLIER;1
Geitweg;1
Pastoor van Weerdstraat 6;1
SCHEPENHUIS;1
Kasteel Terloo;1
KESSELSE UITERWAARD / MAAS LITH 2;1
VIJFBERG;1
TERNEUZEN;1
"AH Hart van Zuid; Talingweg 169";1
Kreken van Nibbeland;4
HET VORMER;1
PARADIJSVOGELWEG, KAVEL GZ80;1
HAZERSWOUDE;1
Revelhorst, Lansinkweg;1
RIDGEWAYSTRAAT 27;1
WESTERBROEKSTERMADEPOLDER;1
BOERDERIJ BENSCHOP NR. 258;3
Plantage, Manege;1
"Terschelling Noordzeestrand; Paal 25";1
BOSWACHTERIJ DWINGELOO;2
"J.H. van Dalestraat; Geweldigerstraat";1
Oranjezon;2
POL;2
MANESWAARD;1
Tusken de Marren;2
HOUTENSE WETERING 5, voormalig AMK-terrein;1
Avennelaan;1
Kasteel Erp;1
De Stoof;2
HC DE JONGHWEG;2
Slappeterp;1
ROSSUMER MEDEN;1
VOETBALVELD;2
OLDENHOF/HUIS BERGENE;1
LAAGHALERVELD-'T WESTLAND;2
STEENDEREN;3
Sportpark Vijfsluizen;7
Zuurlandsedijk 12;1
Romeinse  weg;1
Alsteedseweg;1
DIEPE GAT;1
ELFT;5
Akker ten zuiden van dorpslint, nabij Tolweg;1
KRANENSTEIJN;2
HUNEBED D9;1
Lange Bisschopsstraat 24-26;1
STAVERDEN;1
"Voormalig AMK-terrein M10482: Polder Langenbroek; De Donksche Laagten";1
KLAZINGA;1
PRIKKEDAM;1
KABEL (VINDPLAATS 33);1
Gemeent 21;1
De Kolonie;1
BROEKLAND;4
"Broekstraat; Hongerkooi";1
Holendrechterweg huisnummer 37;1
KLEINE WETERING;1
Perswaterleiding;1
"GROOTE HEIDE ; G.P. 176";1
Dijkpolder;1
KAVEL O2;1
"Dr. Poelsstraat ""Wolff & Herzdahl""";1
Rouwven;5
Tunnelstraat;1
EWINKEL;2
HOOGE MAAS;2
DE BRINK;5
"DELM; D.E.L.M.";2
02.017 Hoflaan (Beerhaven);1
Talmastraat Vermeulen;1
Havenstraat 1a-b;1
ZWEEDSESTREAAT;1
DE LAGE MAAT;1
De Wolfsdarm;1
CADZAND DORP;1
SLINGERBOS;1
Molenhoek;24
ROSENGARTEN;2
Loilse Veld/Doetinchemseweg;1
HET GEESTJE;4
Zwaagdijk 394;1
VLIEGTUIGWEG, KAVEL J112;5
locatie 10;1
KERKWEG;10
DINXPERLO;2
DE VIJF AGGELEN;5
kerkpad III;1
SCHALUINEN;1
"Tussenrijtsestraat; Het Broek";1
DE SOLBERG;1
A12/WIJDE VELDWEG;1
EMMERDENNEN-D45;1
Doetinchemseweg 21;1
De Winkel;9
STRAND, WESTHOOFD 26;1
ORANJEKANAAL-OOST;2
DE RITH;1
Wallen van Aardenburg-Noord;2
Voormalig AMK-terrein M7408 / CMA16D-A04: Hooiweg;1
Geldelozepad;3
KLOOSTER EEMSTEIJN;19
Binnenweg;2
DE HEIHOEK;1
Zevenmorgen 18;1
Burense Dijk;1
EIJSDERWEG;2
OP RIETVELD;1
Bergerweg;5
ZWARTE VEEN;1
Roderterp;1
KETELBERG;5
Woudse Polder;5
TEN OOSTEN VAN APELDOORNS KANAAL;1
Oude Weg 8b;1
KEES ZIJP;1
HET HUISKEN;3
Antoniusweg;1
DE LAAN;1
De Belt;1
BETHLEHEMKERK, voormalig monument 12925, 38C-A39;1
MORTELSHOF / BOORDZONE;1
GALBARGEN;1
Tafelbergweg 71;1
ELSBROEK;1
Gein;1
Wolfersplein;1
HUNZE;3
CUNERAKERK, ZUIDZIJDE;1
BIJ BOERDERIJ WESTERHOUT, voormalig AMK-terrein;1
Groenendaal;5
Essenvelt;2
"Langeweg; voormalig AMK-terrein";1
de Boogaert;2
Pastorieweg;2
Julianabrug-westoever;1
KLAASJE DE WEVER;9
VELDHOFF;1
Sporthal De Wetteling;1
OUDE DOORNSEGRINDWEG/VLOOSWIJKSE WEG;1
OUD POELGEEST;1
VLAAS;2
Boezemweg 1;1
"BINNENWEG; DE GEER";1
Voormalig AMK-terrein M2813 / CMA28D-A05: Groningeresch;1
LEMSTERWEG, KAVEL A70;1
OUWE WOID;3
ROBBENPLAAT;1
Giessensesteeg 9;1
PUTGRAAF;3
GEDEMPTE GRACHT;1
Veldhuizen (limes);1
Rozenburg;1
Rustenburg;1
Kenniscluster;1
Frans Halsstraat, Nieuw Borgvliet;1
Hoek Kerkstraat - Dorpstraat;1
SLOTERWEG 910/GEERBAN;1
Grote Oever;1
"GEMEENTEBOSCH; TONGERENSE WEG";2
ANKUMMER ES;1
TW.PAARDELAAN/GEKANAL.HOLL.IJSSEL;1
HALERWEG;3
HILAKKER;1
OUDE SCHULPWEG;1
GOOIJERSGRACHT-HOFSTEDE CAPITTEN;1
HET STERRENBOSCH;1
GROTE KERK (ST.JOSEPHKOOR);1
KLOOSTERESWEG 24;1
Rijdtbeek;1
Grasland;1
DE DISTELBERG;1
CHURCHILLPLEIN/EISENHOUWERLAAN;1
Lange Heerenstraat 48;1
PLAN ZUID WEST;1
LAGE HOEK;1
Voordam;1
FORT MOLLEGAT;1
Paalakkers;1
"Voormalig AMK-terrein M10340: Nieuw-Helvoet; Verlengde Lagelandseweg";1
CUNERAKERK;1
Munnikenpolder;3
"WILDE KAMP ; ZONNELAND";7
Zilverackers;1
MORINNESTEEG 7 - 19;1
ZEVEN WEGEN;1
BOETELER ENK;1
POLDER HET POELTJE;1
Broeksestraat;1
Patentlaan 2;1
WESTELIJK VAN BERGHOF;1
Lange Pad;1
DE TIJ OF DE ZANDHORST;1
ACHTERSTE VOORST;1
JULIALAANTJE;1
Binnenmaas;1
Leslumbuorren;1
AALKEET BUITEN 073;2
PEULENSLUIS;1
WORSEMSE BLOK, voormalig AMK-terrein;1
St. Teunismolenweg;2
Bloemstraat fase 4;1
DAVIDSHOEVE;1
OOSTEINDSEWEG;1
HOOGE GEEST;1
Rijkel;1
CHURCHILLLAAN;1
REIJEROORD;6
Kromstuk/Brugstraat;1
Bemelen;1
TER WUPPING;1
"Boord; Vloed";2
DE BREDE AKKERS;2
KARNSTUK;1
TETBURGSTRAAT 3;1
HUNZEBERGEN;5
Tiltje- of Compagnonswijk West;1
MUURHUIZEN 185-187;1
Vloeieindse Brug;2
PANBERG SITE III;1
"05.034 Broekpolderweg ""Het Haarlem""";1
SPIK;3
Amsterdamseweg/Dorpsstraat;1
Witte Steen;1
Empeldonks Dijkje (bij de Aa);1
Westermeer;1
Lage Duine Daalseweg;1
A12 Maarn, vak Z17;1
GROOTRAAIJ;2
Brouwhuis Rietven;2
Fugellan;1
BERKELSTRAAT 22;1
Zorg en Hoop, Oosthoeksedijk;1
Daalweg;3
D17-NOORD;1
Grote Geest;1
ENGELMUNDUSKERK;1
polder Rugge, zuid van Kleidijk;1
VOORMALIGE NEDERZETTING WOLFHEZEN;1
Sint Bernardus klooster;2
Oosterhorn;1
LANGE REIN;2
Bogardeind;2
SJOPPENAAS;3
Oisterwijksedreef;1
Stichtse Kant Oost;2
LINDESTRAAT;1
Ter Valcke;2
Hoogstraat;21
HUIS DEVER;1
OLDE STAPHORST;2
BORGTERREIN FRAAM;1
dorpsstraat 25-31 Moerkapelle;1
"Swifterringweg; Kavel H32";1
MOLENPAD;1
Miensloot;5
NUDISTENKAMP;1
OOSTERVELD-IJSBAAN;1
Bronovo Ziekenhuis;1
GROTE OF VOORSTER GASTHUIS;1
De Zemelen, Kapelleweg 7;1
GROOT HUMALDA;1
RUYSDAELSTRAAT;1
Kasteel Overbrug;1
RUSTHOF;2
SCHWEIBERGER BOSCH;1
RATOMMERVELD;1
01.083 Kuiperstraat;1
HORZIKSESTRAAT;2
ELSPEETSCHE WEG;1
MARKVELDE;2
KAMPJE;1
Vunderink;1
HEMPOLDER;1
Pistoriusstraat;1
In de Betouwstraat (riool);1
Klein Hermana;1
HOMMERT';1
Heumense schans;1
Nassaustraat 3;1
Stationsweg Oost 195;1
OOSTER 3 NCP BLOK S6;1
Leiweg;1
Voormalig AMK-terrein M13820 / CMA28F-A29: Haarlerveld;1
ZWEMBAD, SAUNA, TUIBRUG;1
DE APOTHEKER;1
MCRZ;1
Empelsche Plas;1
AGELERBROEK;1
DE SMAL 2;1
"VleuGel 14 ""Marsdijk""";1
DE KATTENBERG;2
DE GEMENT;3
Kleinveld;1
NOORDZEE OOSTERSCHELDEDAM NCP BLOK S9;1
DOMINEESWEG, KAVEL E3;1
KRALINGERPOLDER 23;1
Rondweg N61;1
OVERDAMSTRAAT;1
HAZENBERG;16
"GRACHTSTRAAT; WIJKERBRUGSTRAAT";1
"Wieselsche Bos-ZW; Wieselse weg";1
KARREWEG;10
KIEVIT;1
S4;2
Velsen 2;1
Sterckwijck, vindplaats 2;1
RAADHUIS;2
Plangebied Bijenkorf;1
DE WIT;11
Park Oudeland 60;2
MIDDEL, RIJKSWEG A8;1
Hoogeland;2
Zuidwal 1/Paviljoensgracht;1
POLDER GROOTE-EN KLEINE LINDT;1
Venrode;3
Noordzee NCP Blok P18 Ankergebied 5A;1
Meentweg;1
KOUDENHORN 64A (TEYLERS HOFJE);1
Kroonwerk  Menno van Coehoorn;1
VERWOLDSCHE BROEK;1
HEIRSTRAAT;3
ZONHEUVEL;9
EEXTERSTRUBBEN;1
HOOGEDONK;1
Effathalaan 34;1
OUDE ZANDSLOOT;1
HOGE PRIJS;1
Achterse Heide;1
Heeswijkse Kampen;1
FBK park, Starterswoningen;1
PRINSESSEKADE (O.A. NRS. 41 - 43);1
st jansgildestraat 5;1
OUD MILLINGEN;1
Vier Kwartieren III;1
huis te ypelaer;1
Weerdestyn, voormalig AMK terrein;1
LOMMERRIJK;1
BUITENDIJK;1
IDINKWEG;1
"PYRAMIDE; SOLSE BERG";1
BIJ-KERK;1
Ezelspoort;1
OLLEBERG / OELENBERG;1
Keenenburg III;1
KNIJPTANG;1
HAVEZATE HAGEN;1
GROOT HEILIGLAND 18;1
FYNS;1
MIDDENGEBIED;9
"Espelerpad; Kavel C51";1
ZUIDERRINGWEG, KAVEL Q104;1
WESTKAPELLE;3
KYMMELSWIJK-NOORD;1
Huize Baarschot / de Herenhof;1
REUTJESWEG;1
Voormalig AMK-terrein M9474 / CMA37E-083: Achterdijksche Plassen;1
TRICHT;1
Gastersche Holt;1
BOEKENT 7;1
AALKEETBINNENPOLDER;1
Plangebied Bonenburgerlaan;1
OPENBARE SCHOOL;1
BEDRIJVENTERREIN;1
DROSTAMBT (VINDPLAATS 40);1
spoorlijn Assen-Beilen, de Diepstroeten;1
PANCRASGORSSEDIJK;1
WAAL HEESSELT 1;1
Valkensteinsche Blok;1
Voorste woud;1
Dorpsstraat 44;2
STEKENBERGWEG;1
Steenwijkerkamp 3;1
POLDER LUTKEWIERUM;1
ZUIDEREENDRACHT;3
Eversberg;4
ESDOORNLAAN;1
Stichtsekant, 1-R Bon-Eindhoven;1
Kleine Beerze;1
ZUIDERES;3
"SPORTPARK DE BANDERT; BANDERTLAAN";1
IN DE SPELWERD;1
Appelmarkt/Groenmarkt;1
Boddebroeker Loop;1
HAPERTSCHE HEIDE;1
NOORDERRUITER00;1
HOOGSTRAAT 200;1
HUYS TE WARMOND;1
AASTRANG 3;1
HEIJENRATH;1
'T KASTEEL;2
Rustenburgweg;1
KERMISPLEIN;1
WELLERZANDWEG, KAVEL M83/M84;1
Venushoek / Schootsestraat;1
Chaamse Beken II;1
Master fan Loanstrjitte 9;1
"Stoofweg; Den Berg";1
EISCHENBROEK;1
RIETHOVENSE DIJK;2
RINKESFORT;1
Polder de  Mijl;1
BORNE;6
KLEIN GIETENS;3
BERKUMERBROEK;1
DE GROTE AALST;11
Oostvoornse Meer 11;1
HOEK;3
BEERSTERHOOGEN;1
SIBERIE;1
"13.02 BROEKPOLDER; BOONERVLIET; GOLF";1
SCHOKLAND, KAVEL P33;2
Pacellilaan;1
SCHACHTSTRAAT;2
BERGUMER MEER;1
KAMPERVENEN;16
"OP DE SCHANS; SCHANSTRAAT";1
Schutweg;3
HOKKERDEN;9
EYKENHOFWEG;1
CENTRUM NOORD;1
POLDER SMIT;2
Hoge Wier;2
Oude Postbaan;2
Kavel G37;1
Warnsveld riolen 2011;1
DOESBURGER HEIDE;1
Drielindekensdijk;2
KASTEEL VAN DERWIJNEN;1
ALOUDSWERF;1
ALTEVEER;1
DALFSERVELD;1
BIGGEKERKE II;1
PEELKANAAL (DE HOEVEN);1
ECKELT;1
Achterambachtseweg 47;1
Zuiderpoort;3
Provinciehuis;3
Prinsenhoef;5
DE DRIE MORGEN;2
Westeindse Polder;1
CLATTENBORCH;1
DE HOGE WIER;1
GROTE AALST;1
OOIJEN;10
Kerkbuurt 114;1
NEERSTRAAT;1
BERGHEIDE/WEIJERSBERG;1
REIGERSBOSCH;1
Badstraat 1-3;1
Abtshoeve;1
REMMERDSELAAN;4
NIEUWE WEEM;1
Rheder en Worth-Reder heide;1
LUNTERSE WEG;1
Morra;1
POLDER MIJZEN, DE GOUW;7
Polder Purmerland;2
ten N.W. van het hunebed op het Drouwenerveld;1
TORENSTRAAT;15
STIPPELBERG-SITE 18A/MILHEEZE IB;1
Didamseweg, Broekhuizen;1
SCHUTTERSGRACHT;3
ASSENDELVER POLDERS-VINDPLAATS 27;1
ULENBOSCH;1
HEESCH - DORP;1
AMERONGERDIJK;1
Rielerenk;17
TWISKEPOLDER;1
Kavel E170;1
EMMERHOUTSTRAAT-OOST;2
ROGGEBOTSLUIS, SECTIE O OF SECTIE N;1
Hoek boerderij A. Wouters;1
MOLENPLAS;2
Westeindsche Weel;1
AALKEET BUITEN 066;1
Trappenberg-Kloosterschuur;1
BIJ DREES POELS;1
"""De Opstal""";1
Der Schilp;1
DE HOOF;2
Noordzee Eurogeul 27 NCP Blok R03;1
Blauwe weg;1
VEREENIGDE HARGER- EN PETTEMERPOLDER;1
07.081 Maassluissedijk Vergulde hand west 4;1
DIDDINGEHUIZEN;1
"'T ZOLDERKE ; RONDWEG";1
KLEINE HOUTSTRAAT ? (=72/BANK V.LENING?);1
Groesbeeksedwarsweg 169;1
HUINERENK;3
PAARDETANGEN;3
"DRIEERWEG; HET VOSSENHOL";1
VOORMALIG KASTEEL WADESTEIN;1
KASTEEL LIMBRICHT;1
Loverbosch;2
KREKE;1
OMGEVING WEEMSELERWEG;1
De Doorning;1
Rode Beek;8
CALAND-KANAAL;3
HUIS DE BOGGELAAR;1
"KLEIN HASSELSVEN ; LEENDERBOS";1
VRAKELBERG;2
SAEFTINGHE;3
Wapserveensche Landen;1
Op de Hees;1
HARSKAMPEN;2
Frankenthalerstraat naast 15;1
SAEFTINGE;3
Westpoort;2
Vrouwenhof;1
GULDENHUIS;1
ESBROEK/HEUVELEN;1
Onderzoeksgebied Oude Boor/Dorpsweg/Kosterijweg;1
Blauwe Berg;1
Nonnegaat;1
Mortiere, vindplaats 1;1
06.037 burgemeester Heusdenslaan;1
De Dijk 64;1
Schuytgraaf vpl. 2;1
Quatre- Bras;1
Baarsstraat;2
Akker ten oosten van Tolweg, in de buurt van het sluisje;1
SCHONFELDPLEIN-BEERTSTERSTRAAT;1
OOSTERENG-LIEBERGERWEG;1
RIJSWIJK-DORP;1
Bloemweg 2001;1
Tiggeltse Akkers;1
HOLSLOOTSVELD;2
Beersebaan, Gildekamp;1
"ELSPETER HEIDE ; SCHOTKAMPWEG";2
DE KLOK;1
Scheiwal - Bullenkamp (Heurkensveld);2
Zocherplantsoen/ Bloemendalse Buitenpoort;1
Weiver 37 / 37a;1
Meersteeg, Trechtweg, voormalig AMK-terrein 12152;1
KREEKOEVER;1
TAARLOSE WEG-OOST;2
HANNIE SCHAFTWEG, KAVEL J99;3
Venlo Koninginneplein;1
Westerwijk;2
WELLSCHE MEER;7
staats spaanse linies;2
STEIVERSHORST;1
MARTERSTRAAT;2
KERKELAAN;6
Alsteedseweg 17;1
LOOVEEN;2
RIJKEL;14
NIJLANDSVELD 2;1
KLEIN VEENHUIZEN;1
Langereis;1
HEIBLOEM;3
EGBERINK ES;3
RHENOY;1
POORTVLIET;1
BAGIJNESTEEG;1
HUIS TE WEDDE;2
BRAAMBELT;2
Hof van Moerkerken;2
SCHONDELN;1
KAVEL KZ51A;1
Varkenshoek;1
Pieter Posthof;1
Oostvoornse Meer 10;1
Kasteel Nyenstein;1
VAASSENSEWEG;1
Bijlweg 3;1
Oude Vlissingseweg;2
Kapel Helsdingen;1
Koddelaan;3
"Kraanvogelweg; Kavel H7";1
LOMBARDSTRAAT;1
DORSTAMBT ELTEN;1
Sint-Willibrorduskerk;1
OSSENMARKT;2
Frans Halsstraat;1
WEG KOEDIJK - NOORD-SCHARWOUDE;2
POLDER HENSWOUDE/RUIGE SLOOT;1
Kerkstraat 29;2
ELZEN;2
KONINGSBEEMDEN;2
Voormalig AMK-terrein M9409 / CMA37E-023: Woudse Polder;1
MEEUWENVEN;1
POLDER ZWARTEWAAL;1
ZUIDKERKELAAN I;1
Loonerbrug, weg Balloo-Loon;1
Grote Melmweg 35;1
T.O.WILLEKAMP EN T.Z.DORPENWEG;1
CLARENBURG;1
DISTELHEUVEL;2
KASTEEL WIERS;1
UDDELSCHE BUURVELD;1
Slabroek;2
OUD AMELISWEERD;2
Schimmelpenninckstraat;1
DE HOFSTEDE;1
MARIEWAARD;1
DE BULKEN;1
STEENBERGERVELD;1
SOLSCHE GAT;1
Walplein;2
NIEUWE GRACHT 3;2
MEEUWENWEG / VLOEDDIJK;1
De Baan;1
Raadhuisstraat;3
Oudlandseweg;2
"DE BORCH; NAPOLEONSWEG";2
Grindgat;2
Schoemakerstraat 340;1
Lange Voort;1
KANAAL BUINEN-SCHOONOORD WEST;1
Kerkveld / Claylaan;1
Moenik te Helden;1
TUIN DOMINEE S.A. VIS;1
Kooijdijk;1
RHAAN;1
HOLSLOOTDIEP;1
DE HHOP;1
Hofplein/Gemeentehuis;1
ZEVENBANSCHE BOEZEM;1
Westfrisiaweg;15
Loerik-Binnenweg;1
Wieken-Vinkenhoef, perceel 301 en 302;1
KERNHEM;6
TRAMBAAN;1
"'T KERKHOF ; BURG. VAN WOENSEL DREEF";1
ROEKELSE ZAND;1
ZUREPASWEIDE;1
Engelsbergen, Gestel;1
REINDERSDIJK;1
Op gen hek 14;1
De Markt;3
Noordstraat;7
Zuideinde;1
van Ghent kazerne;1
De Luchte;1
EILANDJE OSSENWAARD;1
EEXTERVEEN;4
NOORDERMARKT 45 , NOORDERKERK;1
WESTENDORP;1
AKKER;2
Kasteelterrein Lathmer;1
KIRSBOOMKENSWEG;5
Oude Rijnsburgerweg;1
KERSENBOGERD;1
KERNSWERF;1
KLINGENWEG, KAVEL H2;3
STEGEREN VELD;1
HARNASCHPOLDER TERP A;1
WEDDERHOFTE 28;1
Boskade;1
RONDVELD;1
STOKHEM;1
De Wit;1
ACHTERLO II;1
DIJKHUIZER ENK;1
Roffert;1
"Locatie 7 ""Stenen""";1
MARSPLAN;5
HORSTERZOOMWEG;4
ST. JOZEPHHOF;1
DE GOUW-MEESTER JUFFER;1
ELZENBURG WEST;1
MONSTERSE GEESTJE;2
DE KALE DUINEN;1
Gaslaan 125;1
TEGENOVER SCHAAPSKUILWEG 15;1
Kerkstraat 32-34;1
Onland;7
"Potterstraat ;Looiwinkel";1
BURGVOORT;1
Besselink;1
SMILDE-ETIKET;1
Huis te Laar;1
OOSTERSCHELDE WEMELDINGE 2;1
POLDER WULVEN-HET RONDEEL;1
Laan van Eik en Duinen;1
OUDLANDSEWEG;1
Parkhotel Rooding;1
RIJNECOM;1
Vianendreef 74;1
Oerhaelspaed;3
LAGE DIJK 2;1
NOORDHAFFET;2
Ecoduct;1
Nieuwdorp;1
EIKELHOFWEG;1
HOOLBRUG-NOORDOOST;1
"Toernooiveld; Oude Groenewoudseweg";1
Lek Achthoven 1;1
VLIEGTUIG, KAVEL J112;1
EGMOND AAN DEN HOEF;1
KAVEL K47;1
KAMPJESSTRAAT;1
"HARTEHEEM ; HOFLAAN";1
WIELBERGEN;1
N217/Provinciaaleweg (tolweg);1
"Rassenbeektocht; perceel Nz17; Priempad";1
Van Gras tot Plas;11
KRAANLANDEN;7
Zuiderduin;1
SOUSBERG;2
Lutjewallerweg;2
Molenspoor, oeververbreding;1
Koolhoven-Oost;1
ZUIDERHAVENBRUG;1
Kasteeltje van Ostrade;1
"Voormalig AMK-terrein M10444: Dorpsweg; IJsbaan";1
NIJDEGGENSTRAAT;1
TWEEPOOT;1
De Strip, ten zuiden van Westerblokker;1
KAVEL H107;1
LANGE WEID;6
BOVENKERKSEWEG;3
REKKEN;7
NOORDWILLEMSKANAAL-NOORD;4
DE HAAR 1;1
(VML.) KAPEL;1
STARTHOEVE;1
DE KEEN;1
HEEGTSE VELDWEG;1
HUIS RHAAN;1
Averbodeweg 4;1
BOERDERIJ OOSTWEERT;1
HUNZEWEG;9
Sliklandseweg;1
MAANSCHOTEN/DE STRUBBEN;1
BEUNINGER ACHTERVELD;2
Harsens;2
Wolfsberg;26
D8;1
Franeker Groot Lankum;1
Harensche Broek;3
EEKHOORNPAD;1
ERDKAMPSKAMP;1
HOOFDWEG 10;1
Nieuw Princenhof 2005;1
Steegstraat;3
"Hans Vriezenschans ; Oostburgse Brug";1
DINASHOEVE;1
WOESTE BERG;1
Witte Paal Zuid Oost;1
HOMMEMATERP;1
Akkerstraat-Oost;1
ZUID-ESWEG;1
LEEMZOOLSEWEG;1
Genneperparken;1
OUDE TRICHTERWEG;2
"Parade; Thaliaplein";1
IJSSELWETERING;2
"SPORTLAAN ; REGIOPLEIN";1
EMMERSCHANS;4
BIJ STREEKWEG;2
Abbekinderse Zandweg;1
Ekkersrijt-IKEA;1
KAMPERNIEUWSTAD;1
Krassum;1
COORD.ADM.PL.135 /449;1
ZUIDERVELD/KOOIKERVEENTJE;1
Trace oostelijke ontsluitingsweg Rijen;1
KROMME NIEUWEGRACHT 39;1
EEKSE HOF;6
REIGERSBORG;1
WIJTHMENSE PLAS;2
Westelijke oude havendijk;1
In de Grote Hof;1
Haertelsteinveld;4
MORTEL-ZUID;2
Ingelumerdyk;1
Holsenerweg 1;1
Oosteind van de Plukmade;1
Jacht haven van Maurik;1
Waal Stiftsche Uiterwaarden Ophemert 1 jaarboek1;1
Wijkseveld/ Wijksestraat;1
DE STENING;1
Hanshof/Graafsedijk;1
EKEHAARDER ES - KAMPWEG;1
Heierhoeve-spoorlijn;1
Groene Kadeweg, kavel 3Z6;2
LANGEDIJK-BOVENWEG;1
Stratumseind;2
BESJESWEG;1
GASSELTE;5
VILSTEREN;5
"Groenweg; Klein Berghem";1
Venloseweg;2
BLOKHUIZERLAANTJE;1
"'T WEER ; ALENDORPERWEG";1
Maalwater;3
OUDE CAMPSPODER 04;1
Oudegracht 26;1
07.10 POLDER NOORD-KETHEL;1
Terborgseweg 25;1
KLEINE PUTWEG;1
Nedermaaslaan;1
Amersfoort;1
Vis;1
OUDE GARDERENSE WEG;1
BUGGENUM;3
BURGERWEG;2
VRETBERG;1
Dorpsstraat 43;1
Moorland-Oost;3
BEESELS-BROEK;1
HOLSTUK;2
KLOOSTERDIJK;4
MEULENMANS;1
"Vliegtuigweg; Kavel P2";1
HUIS WINDESHEIM;1
NIEUWEZIJDS VOORBURGWAL 48-56;1
HUISKESSLOOT;1
STORTEMELK;1
"NOPEIND ; BROEKERGOUW";1
BINNEN KOOIWIJK;2
Oudestad/Stadswal;1
JULIANAKANAAL;5
DEVENTERWEG 21;1
BAZUIN;2
NORGERVAART 03;1
"WOLFSDARM ; KRUKSE DIJK";1
ELSHOF;1
KETELMEERWEG, KAVEL E112;1
HOONWETERING, RONDWEG;1
"""DE LAAN"" ALLOIJZEN- OF BOVENPOLDER";1
HOORNDER MEEDEN;1
PLEINHUISJE;1
MAASSLUISSE DIJK;1
KERKPLEIN 2;1
ZIEKENHUIS;4
De Hazenberg;1
Nieuwstraat Marrewijklaan;1
Jagerhuis;1
BURGHORN;1
Hoekendaal, deelgebied 1;1
DORPSWEG 34;2
De Wingerdse Donk;1
MORTELHOF;3
Houten-Hofstad;1
Langbroekseweg 3;2
OUD EMMELOORDERWEG, KAVEL J122;3
BOUWMANSWEG;1
achterdijk, de appert;1
KAMPERVELD;6
locatie 8;1
NEER;5
"DE SPELLEWAARD ; DE SPELWERD";1
Jeltemastate;1
Molenstraat/ Kazernestraat;1
Westerweg 112;1
Hekendorpse Buurt 55;1
OUDORPER POLDER-VM. KAST. MIDDELBURG;1
KEULSTUKKEN;1
Alevietenterrein;1
"Ossenkampweg; Kavel Q48/49";1
WATERTOREN-BULLENLAND-TUMULUS IA;1
ZIJDWERK;2
WITSTRAAT DE 48 T/M 50;1
Larinkmars;1
NOORDZEE NCP BLOK L12;1
STRIJPER AA;1
BENELUXHAVEN;2
BRUNSTING 36;1
MAASNIELDER;1
BOSSTRAAT;6
Schoolstraat e.o.;1
Prinses Beatrix-, Margiet- en Marijkestraat;1
TIELLANDT;1
BOERDERIJ JOHANNA;1
LAAG SPUL;1
CINGELWAL;1
VOORMALIGE KERK;2
Lent- Oost;1
DIERGAARDSBOS;3
ES VAN OUD LUTTEN;1
OP DE KUPER;5
"MAAS; SLUISPUT";1
HAMBROEKSDIJK;1
MOLENHOEF;5
Hazeldonk Douane;1
LANGE SCHANSENWEG;1
Galdersche Heide, vindplaats 4;1
Stadsgravenstraat 71;1
"ST.PETRUSBERG; KERKBERG";2
Enkhuizerzand 5;1
AALBEEK;3
TERSCHELLINGER GRONDEN 4A;1
DE KLINKENBERG;1
DE GROOTE PLAATS;1
PLETTERSTRAAT;3
Oud Bodegraven;1
Gerbrandylaan;1
Aan den Bosch;1
"BUDEL-SCHOOT; DE POEL";1
"HET LAGE LAND; INDUSTRIETERREIN POORT";1
BODDENBROEK;17
Achterdijk (terrein Van Esch);1
NOORDERRINGWEG, KAVEL F65;1
De Loet 14;1
TERP VAN KIKKERT;4
ZANDWEG-STEENSTRAAT;2
LEEMHORN 6;1
"WAALSE WEG 1; voormalig AMK-terrein";1
POLDER MOLENAARSGRAAF;2
ZWARTEMEERDIJK, KAVEL T123;1
Tongerlose Hoefstraat 59;1
Koolweg;4
DE DIJK 64;1
tussen Elbaweg en Zuiderdijk (polder de Drieban);1
Smidsgang;2
"N.H.KERK; ST.PAULUSKERK";1
QUADENOORD / KEIJENBERG;1
LANGVEEN;1
Roermond Steenweg;1
Circusterrein;1
INDUSTRIETERREIN REVELHORST;1
BOEBEGRAAF;1
Nieuw Milligen;1
DE LALLENBERG;1
VOLMACHTENLAAN/MARKELAAN;1
Kavel B71;1
BESCHUINSE;1
Zelhemse Weg;1
DUIFPOLDER 06;1
"DURENDAAL; DURENDAEL; VOORSTE STROOM";1
Agricolastraat;1
Verdronken Land van Saeftinghe;7
Trekdamse Dijk;1
ASSELT BIJ KAPELLETJE;1
ASHORST;2
TIENMANSWEG-OOST;1
Polder Vuylcop, De Trip, voormalig AMK-terrein 11391;1
STEEWEG-'T BURCHTJE;1
Veender en Lijkerpolder;1
TJALLEWALLERVAART;2
Zusters Onder De Bogen, Kommelkwartier (St. Servaasklooster 14);1
LANGEVELD;12
"Zuidlaardermeer; Noordlaarder haventje";1
LUTJEWALLERWEG;3
Spijtbroeksburgwal 5;1
DE HON;1
LANGS HAARMAATSDIJK;1
BOSSCHASTEEG-OOST;1
"Biezelinge Oost; Kloosterhoek; Jeruzalemklooster";1
NAUERNASCHE VAART;1
GRAFWEGEN;2
WEST VLISTERDIJK 1A;1
SLOTBOOMSTRAAT;1
GALGENBERG/ ELSHOLTERWEG;1
Zwarte molen;1
HAAMSTEDE;7
DRIEKONINGENLAAN 13;1
Zonnehuis;1
Hessenberg-Schatkuilsestraat;1
KLEINE SMEULE DE SMAL 1B;1
In de Deltert;1
Grunostraat;1
GEESERVELD;2
de Alde Wite;1
NIBBELINKLAAN 12;1
POSTHEUVEL;1
TEN Z.VAN HEIWEG;1
ARCEN;2
HAN STIJKELWEG, KAVEL J16;1
OOSTERBROEK-GREVENBERG;1
Huppelseweg 4;1
KASTEEL PADDEPOEL;1
Berckter Broek;2
LIMBURGLAAN;1
hulsen/kanaal wessem-nederweert;1
BOURGONDIESTRAAT;1
GEUZENDIJK;1
Terp tjessens;1
Ald Rien;3
Pastoor van Kessellaan;1
ZANDERIJ PASTOORSLAAN;1
ZEILBERG;1
Jachthaven Lagedijk;1
OEKELSE AKKERS;1
Anton Coolenlaan;1
Ploenstraat;2
Tjessens;4
WAALWIJKSE BAAN;1
Uffelse Straat;1
KAVEL T114;1
Bieweg;2
Wethouder Winterinkstraat;1
Saldens Weide;1
BREEDSCHVELD;1
IJzerenbosch;3
HUIS TE ANSEN;1
Plangebieden Peek en Singel-West;1
Kasteellaan 3;1
"HONGERENBURCHT; HONGERENBURGT; BORRE";1
SPEELUUS;1
DE HUNZEBERGEN-NOORD;1
BROEKERVELD;6
Huis ter Horst;1
De Falom;1
Voormalig AMK-terrein M13248;1
Stella Maris;2
Beltrumsestraat;1
Holsenerweg;1
POELDIJK;3
NOL IN 'T BOS;1
"MALENSBOSCH; FRANSOZENGRAB";1
T EI;1
Plein 21-27;1
LOENERMARK;1
BUNDERS;1
STROESCHE BERGEN;4
HANKAMPSVELD;2
Zandpad castellumlaan;1
NIJEBORG;1
Kabels en leidingen 1e Haagpoort;1
WIJNBEEK (NEER I);1
TRONDERHAAR;1
BEJAARDENTEHUIS;3
Sprengel;1
Hoge Vonderstraat/Kofferen;1
Geldersekade 65;1
HOEK BERGSE DORPSSTRAAT - KERKSTRAAT;1
ST.LUCIAKAPEL;1
HOOFDVAART 88;1
"Koetenisseweg; voormalig AMK-terrein";1
Beemdkant;1
KATERSTRAAT, NOORDZIJDE;1
De Peppel;1
Caspargouw;1
Gezondheidspark Amnesty Internationalweg (GAI);1
OTTERLO;1
Uivermeertjes-Zuid;4
Golfbaan Prise d'Eau;2
ZUID-TANGENT;1
"Mosselee; Zandweg; voormalig AMK-terrein";1
HET OUDE HUIS;1
GEMAAL WESTERVELD;2
SCHOUWBURG;1
VARKENSGRASDWARSWEG;2
Monster-Noord;1
KORREBELT;1
KRONKELSWEG;1
GROOT NOTTEL;1
SLOOTDORP;1
Loeswijk;2
Chaams broek;1
Ongerstraat 2;1
CHAAMS BEEMDJE/KOS BEEMDJE;1
Leeghstraat;3
VOORMALIG HUIS FOREEST;1
SUIKERPLAAT;1
Voormalig AMK-terrein M10646 / CMA37E-093: Holierhoekse Polder 10;1
Bedrijventerrein;1
Koepoortsweg 73;1
valkenswaard-zuid;2
GRENSHOEVE;2
MEINERSWIJK 1;1
VOORKOOP;7
GALGWANDENVEEN;4
DIEZERSTRAAT / GASTHUISSTEEG;1
AALKEET BINNEN 043;1
Klooster der Kruisheren;2
HULSTER NIEUWLANDDIJK;1
DE PAARDEKOP;13
KRIJTENBERG;1
ZETTENSCHE VELD ZUID;1
Nabij kruising Bisonweg met Biddingweg, Deelgebied VIII;1
LASKWERDERWEG;1
"ABDIJ; KLOOSTERBERGSTRAAT";1
De Hoge Geest;3
Cingelwal 48;2
"DE ACHT ZALIGHEDEN ; MARKT";1
ZWAANENHEIKE;2
Hofstraatbuurt;1
NCP BLOK S2 1;1
SCHOKLAND, KAVEL P37;1
"GALGENBERG ; ELBURGERWEG";11
ST. MAARTENSHOF;1
PARK LEEUWENSTEIN;1
"Hoogenberg; Turnhoutse Pad";1
DE SLUYS;1
Vingerling;1
Buchten;1
GEVANGENHUIS;1
EMMABERG;1
HEIDENSE RILLE;2
HUIS RUYVEN;1
MEENTWEG;2
Plangebied Midden Regge te Hellendoorn;1
HAVELTERMADE;1
HULSTHORSTERZAND;1
Kasteel Barendonck;1
HAMMERHOF;2
Landgoed 't Maatje;1
De Worf (De Gallee);1
BAZUINERESCH;1
"Moesbosch; Koksweg; voormalig AMK-terrein";1
TER LAAN 17-18;1
Kranensteijn;1
LANGE MADEN;1
Stroucken;1
HET OUDE WEZEVELD, OUDE WEZEVELDSEWEG 18;1
Tungelerwallen;1
PERS TERREIN;2
DE REIGERSHOFTE;2
LOERBEEK;1
"HET NONNENGEZET; LANDZICHT";1
Inschot;1
HET MIDDENZAND;1
Sparrenheuvel;2
"BOERDERIJ HEEMSHOF ; OOSTERWEG";1
GELPENBERGWEG-ZUID;1
"HOGE WEG; SCHUILENBURG";1
kasteel palmesteyn;1
Plangebied De Putter;1
HUIS TER NIEUWEHOOP;3
VOORSTE LANDEN;7
DE MEERBOOM;3
de Heiningen;1
HUGTEN;1
FAZANTSTAAT BIJ NR. 7;1
AZINKS KAMP;2
Jan Durkspolder, locatie B;2
GROOT HEILIGLAND 36;1
Egelmeer, Voormalig AMK-terrein;1
ZANDPLAATWEG;1
Harinxmaland;1
LEEUWENSTEIN;2
ROIJENDIJK (DE HOEVEN);7
VLIESTROOM 3;1
LEMSTERWEG, KAVEL F73;1
"Blankenhammerweg; Kavel N38";1
Ludingaweg;1
Veerweg (N264);1
SCHADIJK;2
Kerkpolder  MD 3.15;1
CLEMATISLAAN (HOEK SPIEGELENBURGHLAAN);1
HANSHOF;2
Kerk van Anloo, Anlooer diepje;1
OUT HERLAER;1
MOSSELSCHE ZAND;5
HOFSTUK;1
Wal Sprengenbos (locatie 1);1
Reehorst;1
SCHHIMMERESCH;1
KRAATS;1
ST.-WALRICK-TUMULUS 3;1
ROIJESTEIN;1
Grote Kerkstraat 4;1
Oude Hengel;1
EVERSE AKKERS-CLUSTER 3;1
DRIE DORPEN POLDER / TERCA BAKSTEEN;5
Beneden Molendijk;1
Enschotsebaan-Zuid;1
JOHANNES POSTWEG, KAVEL J77, TERP A;3
's-Heeren Boudewijnstraat;2
Beetslaan nr.1;1
Somerensche heide;1
"GULDEN HUIS; AA";2
locatie 9 schoonebeeker diep;1
Vrangendael;1
Bremerweg;1
SEVENUMSE DIJK;1
ABF-terrein;1
HOOIDAMSLOOT/JAN DURKS POLDER;1
BLAUWEDIJK;1
IJSSELMEER MEDEMBLIK 6;1
WESTFLANK LONNEKER ES;1
Hornerweg 1;1
"QUADENOORD; DE DRIEHOEK";2
BROUNS MOESHOFSTRAAT;1
"Voormalig AMK-terrein M10442: Stationsweg; Parallelweg";1
N50;2
"RIPSVELDEN ; DELLERWEG";1
GRUTBERG;1
NIJKAMP;1
Bekenburg;1
Fietsenstalling station;1
Woesteweg;1
"LOMM-WEST; LIVELDWEG";1
DE GEER;17
Gasthuisstraat;4
Roersingel;3
Larenseweg 127-1131;1
Afferden/Sambeek-Oost;7
PATER BERTHIERSTRAAT;1
Weiakkers;2
DIJKEINDE 5;1
WINDESHEIM;5
GRONSVELD;1
Westersebos;2
LANGE BEGIJNESTRAAT 30;1
Hobbelrade;1
AALKEET BINNEN 035;1
SCHUILENBURGER ESCH;1
Oud Ferdinandinusdijk 6;1
Groot Duifhuis;1
De Weem;1
DE WILTENBURG/ DE BURG;2
Grotel 7;1
MEPPERSTRAAT;2
SCHATZENBURG;1
Renkums Beekdal;1
NICOLAI KERK;1
Waalkade, Nijmegen-centrum;1
Bulkemsdalweg;1
SPORTVELD;17
VERLENGDE HOOGEVEENSCHE VAART-ZUID;1
VRIJENBAN;4
PANDHOF ST.SERVAASKERK;1
VROONLANDSEWEG;1
WALKUM;1
Crowne Plaza Maastricht;1
N332 Rondweg Heeten;1
Kapellstraat 31;1
NABIJ HASSELER ESCH;2
GROTE WOLDWEG 93;1
Draaibrugseweg;8
LANGESTRAAT 72;1
Dorpsstraat 27;4
WIJNBEEK;1
St. Laurenskerk;1
TERREIN ACHTER BARAKKENKAMP WAALSDORP;1
HOOG GELDROP-SITE E;1
VINKENBURG;1
Lage Zwaluwe west;1
aan Rentelaarshof;1
Kleine ven;1
Abeelseweg Oost 11;1
TEGELEREYE;3
Akker, ten zuiden van Elsenburg;1
AGNIETENKAPEL;1
KRIEKESCHOOR / DALEMS STROOMKE;1
MIENAKKER;4
BERGAKKERS I;2
Boterweg;2
Zwembad;2
OUDE DORP, VLIERWEG;1
Oude Steeg 14;1
de Bak;1
Breul;2
KONIJNSBERG;2
Schoutenstraat 14;1
Bergse Pad;1
Hordijk-West;1
BAKEWELLS PAELKE;1
Bredestraat-Zuid;1
Spoorlijn Raalte-Almelo;1
MOLSTRAAT;1
WESTERBROEK;1
Havenhof;1
DOESBURGERMOLEN;3
Boerenhol;3
Houtmarkt 63c;1
HEULWEG, BIJ DE DORPSKADE;1
AALKEET BUITEN 067;1
GRAFVELD OH;1
Museum Ton Schulten;1
NH-kerk, Oudkerkseweg 20;1
HEERNISSEWEG;1
BULKHEUVEL;1
Griftdijk Noord 11-17;1
GROBBENHOEKSWEG;1
Stadskern (Plantsoenstraat);1
ALBLASSERDAMSE STROOMRUG;1
KLUTENWEG, KAVEL G25;1
ONTGINNINGSWEG;3
DIRK STAALWEG 75;1
HINGSTMAN;2
POLDER LAAG-BLOKLAND;3
"De Hoeff; De Rietkampen";1
NABIJ SEXBIERUM PIETERSBIERUM;1
BEELAERTS STRAAT;1
HEIDEHOOGTE;1
Plangebied Raadhuisplein te Arkel;1
Dorreweg;1
Ruwwaterleiding;1
DRIELSE VEER II;1
DE GOUW-MOLENKOLK 2;1
La Ciquena (de Markies);1
1E STUK;7
OVERCIJND;1
Perceel 85 en 86, plangebied Trierveld;1
Kleine Havensteeg 7-9;1
Nieuw Annendaalbosch;1
Breukelerwaard;2
EXATENBOSCH;1
VLIELANDERBALG II;1
DE BANTEN I;1
Bogerdlaan 23;1
KROMME KAMP;2
DE GOUW-PORTELWOID;1
"STEENFABRIEK BELVEDERE; INDUSTRIEWEG";1
'T HUIS OP DE BERG;1
EDDERVEEN-DE HULDERTS;1
Kerkstraat;34
Kampse Straat 3;1
HOEKPOLDER;2
BOVENHAARWEG;2
"AUTOWEG ; D.E.L.M. ; DELM";1
BROEKHOEKWEG;2
woudse polder MD01.05;1
OUDE MAAS ??;1
DE GROTE PLAS;1
Zeedijk;4
Dorpsstraat 263-265;1
Kreekherstel Hogerwaardpolder;1
SCHAANGEDENNEN-WEST;3
WESTERVELDSE AA;1
RUITERSPLAATS;1
ONLAND 7;1
Molenweg 95;1
Havezate Weleveld;1
KOLMANSWEG;1
Smokkelhoek;53
Kalters Kaamp;1
Ouderdijk, Groot Noordhuizen;1
PARK ACHTER VOORMALIG GEMMEENTEHUIS;1
GEESTMERAMBACHT;5
16.44 AALKEET BUITENPOLDER;1
Ruimte voor de Lek;1
"HOGE WEG; NOORD-BAKKUM";1
VOORSTE BIKKELWEG;1
Achterweg 19 en 19a;1
Zeereep Berkheide;1
16.83 AALKEET BUITENPOLDER;1
Waardassacker;1
Taalstraat 88;1
IJSSELSTEINSEWEG T.H. STANDERTMOLEN;1
De Traan I;1
Millse Weg 2;1
Haartgang;1
OP RUIMTE;2
Postlaantje;1
STIJBEEMDEN;1
KLEINE HEUL;1
De Fontein;1
"BOEKELO; BRINXGOED";1
Vossenberg;6
Meerdijk;5
beuningenhof;1
Voorstraat 13-13C;1
"DELM ; D.E.L.M.";2
STADSWAL;1
ZUIDELIJK BOVENEIND;1
SCHOUWLAND;1
ZORGCENTRUM OLDERSHOVE;1
KLOOSTERWEG 3;1
DE ZANDBOCHTEN;1
CENTRUM MOLENSTRAAT;2
Smedenstraat 38-44;1
prins van oranje;1
Stadskantoor-Minneursplein;1
Mastbosch;1
Voormalig AMK-terrein M8797 / CMA30H-009: Polder Achthoven;1
"ROOSENDAALSEWEG; KASTEEL; VP 2";1
HARDENBERGERVELD;4
Leegstraat;2
KLEIN GOUW;1
ESBROEK;63
BEUKBERGEN;1
KAVEL B36/ULKEWEG;1
Sec. E;1
HOORNAKKERS;1
sportvelden;1
KUINRE;1
VML.STEENFABRIEK;1
Houthem-Vroenhof: Martinuskerk;1
ZEELTSTSCHE HEIDE/VALKENHORST;1
REGTERSTEEK;1
BEUNINGER LANDWEER;1
BUSSCHOPWEG;1
Oude Adorperweg 5;1
Rijperweg 52;1
Herenstraat 50;1
'T HELLETJE;1
VLIESTROOM 1;1
ZUIDELIJK V. EIJSDERWEG;1
"ELBURGERWEG ; HAKKELTSE WEG";1
Depute Petersstraat;5
Bosberggoot;1
Broekhin Noord;2
NED HERV KERK;6
Kavel M132;2
TONCKENSBOS 31;1
VISSERWEERT;1
Kloetingse Weg;1
Julianastraat 13;1
VALKSEWEG;2
SCHOKLAND, KAVELS P32 EN P33;2
Bloemendaal-Maasstraat;1
OOSTERVOORTSCHE DIEP-OOST;1
TERHEIJDENS SPOOR;1
LINNE;10
Mortelsveld/Kleine Bergerweg;1
LANGELAND;5
Kasteel den Burg;1
KORTE NOORDWEG - WATERINGSEWEG;1
SCHAAPSKUILWEG 14-OOST/LINDERES;1
"SCHEPELENBERG; HULDTONEEL";2
Groote Noordwolderpolder;3
MATSLOOT-NOORD;1
PAGNEVAARTWEG;1
Geerling;1
Julianastraat;5
KAVEL J129;1
Nieuwland Parkweg Noord;1
"Kavel Q57; Het Spijk II";1
"Blauwendraad ; Kwintelooyen";1
'T KERKESTUK;2
DIJKSTAL, HUIGELAND;1
REGULIERSDAM;1
MARISLAAN;1
"RIJKSSTRAATWEG ; DE TABAKSSCHUUR";1
OOSTABTSPOLDER;1
Noordzee Bruine Bank 7;1
GROENINGEN-PASSTRAAT;1
DISTELWEG;1
De Boech-Zuid;1
VENEKOTEN;3
Turfven;1
Empeldonks Dijkje (terrein van Van Moorsel);1
Hanssumerweerd;21
VIJZELKAMPEN;2
HET ACHTERVELD;4
"Groenendijk ; Hitland";1
STARTSE DIJK;2
STADHUIS;10
Linge Oost;1
waldijk/verzijlenberg;1
NIEUWE WAGENINGERWEG;1
"KASTEEL DEN HULST; TEN HULST";1
HEESTERAKKERS;4
Hooge Woerd;3
BAAKSCHE KAMP;1
Weeshuisstraat;1
LINIEDIJK;3
KAZERNE;3
DOMINEESPAD;2
Leudalweg;1
Lievelde, Engelse Schans;1
ZIJDEWIND;1
DE SOESTERBERG;1
Grote Markt 4;1
MEESTER VAN COOTHSTRAAT;1
DENNEBURG;1
Almstein;1
NH KERK/ST. NICOLAAS;1
Hillenraad;1
HOBBEL;1
OMGEVING VENLO;1
GASTHUISBOUWING;3
Steeweg;1
Loonerdiep, hunbed van Balloo;1
DE GROTE PLAK, WOOK;1
ST. LAMBERTUSKERK/GOOSEN JANSSENSTRAAT;1
JONKERSAKKERS;1
"SOESTER ENG ; ENGHENBERGJE";1
KOUDENHORN (BAKENES);1
SCHIPBORG;1
STEENENKAMER;3
WITTE ENGEL;3
Soarremoarsterpolder;4
AALKEET BUITEN 035;1
"Appelvinkweg; Kavel M23";1
GARBRANDSLAND 1;1
OL KERKE;2
Nobelstraat 89-91;1
Rietveld;1
WEG LANGELOO-NORG;1
WANSSUMSE WEG;1
Everdingen-Deil;2
OUDERDINGE;1
Groenakker;1
NABIJ BOERDERIJ RIJHOVE;1
"SCHALKWIJK ; ROMULUS";1
"Steenenkruis; voormalig AMK-terrein";1
Welsum;1
ZWINDERENSCHE ES;1
VAN BALVERENLAAN;1
ZUIDHAFFELWEG;1
Fivelstroom;1
BOKKEDUINEN;1
SCHOOLSTRAAT 17;1
ESDONK;5
STEVENSWEI/L.AKKER/KWAADBOS;1
GARDERENSE WEG;1
NIEUWMARKT;1
SCHOONOUWENSE WEG 20;1
Walstraat 19;1
04.044 Van Heusdenslaan;1
OIRSCHOT VI;1
HOLSTERSTEEG;1
KEUKEL;1
ZITTARD;1
Kimswerderlaan;2
Eltenseweg;3
OVERSTEGEN;3
DUUNSCHE LANDEN;4
DRIEKONINGENLAAN;3
NOORDZEE NCP BLOK L6;1
POLDER GALEKP MET COORD.ADM.PLAATS.;1
Dorshout (tegen de oever van de Aa);1
WILLEMSOORD;1
Theresiahoeve;1
";t Soerlant IV";1
NRD SPAARNDAMMERPOLDER;1
SCHIJNDEL;1
"Molenpolder; Kerkdijk 143a";1
Voormalig AMK-terrein M12908: Noordzijde 17;1
Halkenbroek;1
"Maaense Berg; Hydeparklaan, Voormalig AMK-terrein";1
BATAUWEG NABIJ OPGRAVING ROB;1
Steinder Weg;1
GROEVELANDEN;1
DIJKERHOEK;1
Smalle Einde;2
Noordzijde 12;2
Walramplein;1
BUNDERBOS;1
Stadsrondweg Oost;1
20.35 KRALINGERPOLDER;1
OSSERMEER;4
WEPER;5
Gesterweg;1
"HSL-cluster 4; Vinkenburg";1
Minderbroedersklooster;1
De Schans 76a;1
MATSLOOT NOORD 03;1
Kasteelterrein Hooghhuizen;1
Wierum;1
Randweg Zuid, oostelijk deel;1
Euvelgunnerweg;1
voormalig AMK-terrein;3
NIEUWERKERKSCHE KREEK;1
Bergbos;1
MOLENZOOM FIETSTUNNEL;2
KAPELLEBERG;2
HINGSTEVEEN;3
VEENSELANDWEG;1
Isendoornstraat,Reinmakerstoren;1
Oostappen;2
Kasteellaan/ Touwlaan;1
VOORSTERALLE;1
EWIJKSCHE VELDEN III;1
HOEK BREDASEWEG/DASSEMUSSTRAAT;1
"OOSTERENG; PALMKAZERNE";1
Vosdonk;1
KAPEL VAN ST.WILBERT IN 'T ZAND;1
Tripkouw 11;1
Galghoek;2
Unjerpad en Oosterpolder;1
Nesdijk;1
HEDELSCHE WAARD;2
Ouddorp 14;1
SCHOKKERRINGWEG, KAVEL P49;1
Uden-Zuid, voorheen Hoenderbos;1
HUIS ALFT;1
Eben Haezer;2
MORTEL;43
GROTE STUK VOOR DE SCHUUR;2
KUNDERHUIS;1
HOUTGRAVEN;1
Slagmolen;1
OUDE WINKEL;1
Gansenooische Straat;1
OOSTDEEL RANDWEG ZUID;1
GIJSBERS;1
BOKSHEIDSE DIJK;2
DE GEER, TREKWEG, ROMEINENBAAN;1
ZWART WATER, POLSE KOELEN;1
Copernicusweg;1
ALBLASSERDAM 3B;1
Hondsbossche Slaperdijk;2
GOUW;1
DE UILKER;1
LOLLEBEEK;2
WAAIENDONK;1
OOSTERSCHELDE;2
VOORSTRAAT 47;1
HEISTEREN;18
Spittaalstraat 91;1
RandstadRail Emplacement Centraal Station;1
Havezate Buurse;1
PETRUSKERK;4
EIK EN DUINEN;1
De Boschen;1
VELTUM;5
"Voormalig AMK-terrein M9409: Oostpolder in Schieland; Antonshoeve";1
NIEUWAAL;1
RIJKEL DONDERBERG;3
Laareind;2
SPIERINGSLOOT;2
Beekstraat 24;1
ZANDWEG TAARLO-LOON;1
DUIZEND ROED OF DORPSSTUK;2
LELIESTRAAT;2
Vinninge;1
KAVEL N45;1
Aelbrechtsweg;1
hoek Molenstraat - Kasteeltraverse;1
"HOGE TUSSENRIJTEN; LALLENBERG";3
EMMERESCH-LANGGRAF;1
SCHUTSLUIS KRAAYENNEST;1
ZUURLANDEN;2
DE LANGE AKKER;4
'T WESTEN;30
"LARIKSWEG ; JAGTLUST";2
PERSINGEN;3
"ANTONIUSKAPEL; SCHADEWIJK";1
GROOT WARNSBORN;1
NOORDZEE BOKKEGAT NCP BLOK S3 jaarboek2;1
Engbersweg 8;1
Akker ten zuiden van Horn;1
N397 EERSEL - DOMMELEN;2
DIJK PR.HENDRIKPOLDER;1
NAAST MEPPELERDIEP;1
VOORKOOPSTRAAT;2
Konijnenbosje;2
OUD-VALKENISSE;1
1E NACHTEGAALTJE;3
Broekhin Schaarbroekerweg;1
Baroniestraat;1
"Voormalig AMK-terrein M4071: Centrum; Noordeinde; Oude Molstraat";1
Nieuw Loosdrechtsedijk 157;1
't Slot Noord;1
Ritsevoort;2
Het Kleine Laar;1
Stationsweg 12;1
LOBBEKENSTOREN;1
HOF TE BOEKELO;2
VONDERMEDEN;3
Helmusweg;2
NIEUWEWEG 1;2
DE HOFKAMP 1;1
Voormalig AMK-terrein M10439: Drie Heulen;1
NIEUWLANDSE BOSSEN I;1
Rodezand;1
VLOOT;1
VLUUSAKKER;2
HILBERTSHAAR;6
KASTEEL SLUIS;1
DE WORDEN;1
Grosthuizen-Het Schot;1
Offingawier het Blauwhuis;1
INGBER;1
Staweg;1
KERK VAN DE H. PANCRATIUS;1
gemertseweg;1
"Kavel M107; Lindeweg, Marknesserweg";1
BISSCHOPPELIJK COLLEGE;1
SCHEEBROEKER LOOPJE-NOORD;1
Alendorperweg- Hoge Woerd;1
VEILINGWEG;2
T HOOGE OG HEIDEHOOGTE;1
HOOLINGER VELD;2
GELDERWOUDSE POLDER;11
JAMMERDAALSCHE HEIDE;5
"ZUIVELFABRIEK; A77";3
GENOENHUIS-SITE F;1
WAALNES;1
Langestraat, ?s-Gravenzande;1
Trace persleiding Doetinchem-Wehl;1
Sondervick;1
NIEUWLICHT;1
20.31 KRALINGERPOLDER;1
EMELANG;1
'T HALDERT;1
OP DEN BERG/STERRENBERG;1
NOORDZEE BRUINE BANK 1;1
BACKENHAGEN;1
Boerderij de Holten;2
Haarlemmerplein Grote Houtstraat;1
Garderenseweg - Voorthuizerstraat;1
NOORDSTRAAT;1
AADORP;1
NIJMEGEN - OOST;1
WEELE;2
TEN WESTEN VAN DE WETBOSCH;1
SCHALKWIJKSE WETERING 1, voormalig AMK terrein 2942;1
ROMMELTJE;5
Helmond-Noord, net oostelijk van Kanaaldijk Noord-oost;1
Kamp Westerbork vuilstort;1
VRIJ;1
Amaliaplein;1
EYSERHOF;1
het Meer;2
"KROMSTRAAT ; ARMEHOEVE";1
Ivige Leane;1
Deurzerdiep, Amelterbosch;1
"GENTSESTRAAT; VROUWENHOF";1
Essenpas Vindplaats 1;1
HAAKMA STATE;1
AHR33;1
Lepelare Zand;1
LINDENSTRAAT;1
Erve Hilbert;1
Eastermar;1
REKKENSEBINNENWEG 22;1
Ham, Langsteeg;1
OMMERENSE VELDWEG;4
Lutmarsweg;1
Waterleidingbedrijf;1
LEEUWENSTEYN / DE LEEUWTJES;1
Raard;1
JUNNER KOELAND;1
16.82 AALKEET BUITENPOLDER;1
ONSTWEDDER HOLTE;5
"AA;";1
Kobeetjedraai;2
Boerderij Wayenstein;1
VLODROP;1
De Mehre;2
HET SINGEL;1
"Ewijksche Velden; De Hoge Woerd; Industrieterrein Schoenaker-west";1
Krommeniedijk - Kerk;1
Braakhuizen;2
1000 ROEDEN;2
Krekelzankweg;3
WILHELMINAHOEVE;19
BOERDERIJ KLEVER;1
HEURNE;2
BULLENAARSWEG;1
Veegteshof;1
MEERDIJK-KERKWEG;1
USSELERVEENWEG;1
"Voomalig AMK-terrein M3073: Vinkenweg; de Klaveren";1
Waalsprong, 't Klumpke;1
MAASKADE;1
ZANDVOORTERPAD 18/18A (CAFE SLICHTING);1
STEENFABRIEK - MAAS;1
Aan de Lijkweg;1
URANIUMWEG/ISSELTSEWEG/HUIS ISSELT;1
BOSCHMADEN;3
DIJKWEG;1
ACHTERTUIN VAN NOTARIS RISSEEUW;1
WAGENINGSE ENK;1
Markt;30
COR LEMAIRESTRAAT;1
Offemweg 121;1
DORPSSTRAAT 44;1
TONCKENSBOS 16;1
Molenveld Zuid, lokatie Bernhardplein 2-16a;1
Keympema;1
GINKELSE HEIDE: WIJDE VELDWEG;1
ZIERIKZEE OUDE BALIE;1
Sprakelhoek;2
STARTSCHE VELD;1
"Wolfshuis; voormalig AMK-terrein";1
POLDER NEDER-SLINGELAND;1
HOGEWEG;21
"Vrilkhovensche Akkers; voormalig AMK-terrein";1
Op de Wan;1
19.22 OUDE CAMPSPOLDER;1
Laan van Pluymenstein;2
Edisonstraat;1
BOXMEER;5
De Vogelzang;1
DUKESVOORT;2
SCHENKENSHUL;1
SELLIK;1
SCHARN;3
WALDERSTRAAT;1
Braassemerland, Noordeinde 176;1
DE SPAANSE STEEG;3
Goudenstein 2;1
ALBERDAHEERD;1
D'EKKER;1
LANKUM;1
HOFLAAN 16 CARSJENS;1
Bedrijventerrein Hoogendijk, fase VI;2
LANDGOED TERBORGH;3
SPAUBEEK;3
VOORMALIG SLOT HERKENSTEYN;1
"SINGEL; SCHOUDERMANTEL";1
ZUIDERMIDDENWEG, KAVEL H33/H34;3
Groeskuilenstraat, Ripsoever;1
"SPORTFONDSENBAD; INSTRUCTIEBAD";2
HAVINGA'S REED I;1
Langedijk;2
De Morrawal;1
Weteringshof;3
JULIANASTR. 52;1
REBROEK;3
'S-GRAVENLANDSEPOLDER;3
De Zoutmeet;1
ZUILICHEM-WEST;1
Kustlicht;1
PUINPARK/NIEUWE POLDER;2
Kavel G44;1
PRINKEL;1
Maatweg Meesweg;1
Beijerkop Noord;1
Schurinklaan;2
ROLKEPOLDER;1
POTTERSTRAAT-DRIEBANEN-WESTERKERK;1
YDEWALLE;1
VLIEGTUIGWEG, KAVEL J115;4
KAVEL J78;2
Westerpoort (Westerdijk);1
WARANDEBERGEN;1
Eisenhouwerstraat;1
BOTLEK TUNNEL;1
Waaldijk 24;1
KLOOSTER LIDLUM;1
plangebied 14 boring 14;1
TIENDWEG-MIDDEL BROEKWEG;1
DE PLAS;1
Hargen;1
KOPS PLATEAU;3
"Roggebotweg; Kavel N47-III";1
WELBEDACHT;2
"Tarpanweg; Kavel H71";1
Wieken Vinkenhoef-Oude Lageweg 133;1
"Oude Baerle; Nieuwe Baerle; Baerlehof";1
GROOT-DRAKENSTEIN-TUMULUS V;1
ST.MARTINUSKAPEL;1
WAAL jaarboek1;3
BRIKWEG, PAMPUSHOUT, KAVEL AZ91;1
BOKKENSTUKJE;1
BAKENESSERGRACHT 70;1
HANDPAAL;1
STRUIKEN;1
MILLINGEN (DE LANGE PAAL ?);1
TONCKENSBOSCH-NOORD;2
PEN NOORDERWEG;1
BREEDENBROEK;1
kloosterbos - kaap;1
Groot Haesebroekseweg 10;1
HOEVE DE SCHAAF;1
KAVEL P34 (LOKATIE 6);1
WELTSHEERD;1
SCHAARSBERGEN;1
Reeverweg West;1
Kerkstraat, Stationsweg, Centrumplan Molenbeek;1
HOORN;2
Wieling;1
Haanwijk 13-15;2
STEENFABRIEK HUISMAN;1
PROV.WEG WESTERBORK-ZWEELOO;1
RONDE HOEK;2
de Wemer;2
AMELOSESTRAAT;1
Terca Baksteen;1
BREKLENKAMPERVELD;2
STERRENBOSLAAN;1
MATTELIERSTRAAT;1
CASTERSE DIJK;8
'T WINSEL;1
BIJ BOERDERIJ KAVEL H33;1
MEESTERSWIJK-NOORDWEST;1
GEEREVELD;1
16.18 AALKEET BUITENPOLDEER;1
ONDERDUIKERSWEG, KAVEL G53;1
GROTE MARKT 18 (VLEESHAL KELDER);1
Hoornwerk fase 2;1
Honte 1;1
VISVELD;1
VEEDIJK-WEST;1
Tolsestraat 12;1
GAEDSBERGH;1
Terschellinger Gronden 5;1
Patersveld;1
BEUNINGEN;6
"PUTTERBOSCH; PRINS HENDRIKWEG";4
Ald Hiem;1
OLDENHAVE;1
"De Gouden Leeuw; Heistraat; Nieuwstraat";2
TEN NOORDEN VAN BOVENDWARSWEG;1
Speeltuin Bijnkershoeklaan;1
SCHOONOORD;1
KP 21;1
Kemperkoel;2
Zonnehoeve;1
Chaamse Bos;1
LIAUCKEMA STATE;1
koterhuizen, terp aan zeedijk;1
De Ruyterstraat 130;2
'HET SLOTJE';1
JAN AALTJES;1
De Scheiding, Oude Diepje, Frieschepalen;1
17.36 AALKEET-BINNENPOLDER;1
Westerweg;5
Het Achterland;1
Op de Kamp / In het Bosje;1
SCHONAUWEN;2
OORLOGSMONUMENT;1
DIDAM;19
Voorsterbeek;2
Ossenbergweg;2
NN38;1
DE ZWARTE BERG;1
Petrushoeve;1
Gammelkerveld;2
AGNIETENPLAS;3
MEINERSWIJK 3;1
DROUWEN;4
Zwarte Plak;1
PAPENMOERKE;2
Nieuwkuijkseweg;1
"Nagelerweg; Kavel J76";1
BRONNEGERSTRAAT;3
Kalkhof;1
Sudhoeke 4;1
JANSSTRAAT 47 (HOEK BEGIJNESTRAAT);1
Strandwal Uitgeest-Akersloot-Boekel (locatie 3);1
ANDEREN;6
Wieken Vinkenhoef, perceel 262;1
STADSDEEL BOOGJES;3
GEBROEK;9
ZUIDMEEP 2;1
OUDLEUSEN;19
Aanleg bergbezinkbassin Kerkstraat. Centrum;1
Zwijnsbergen;1
KLEINE MEER;2
JONKERS;1
VEELE;1
GIESSENDAM;2
Voorburcht kasteel ter Horst;1
Hemmerbuurt;1
Laag Helbergen;2
EIBERGEN;9
Sinnesstraat;1
MEEDENPAD;1
Koninging Wilhelminastraat;1
"""Hooger Werf""";1
Kerkehout;2
Odasingel;1
Mauritsweg-Walderstraat;1
WESTABTSPOLDER;8
Zuidplaspolder;1
ECK EN WIEL;3
DE WOERDJES - OOST;1
AALKEET BUITENPOLDER 04;1
Oude Pendrechstedijk;1
langestraat 28;1
NABIJ DE HOCHT;3
RODESCHOOL;1
OLLAND BIJ DE BERG;1
Weidelint;1
KAMPERSHOEK EDISONSTR/KELVINSTR;1
"VEENWOUDEN ""Schierstins""";1
Oude Bommelsestraat;1
Mookerschans;2
metro Groenendaal I;1
OOSTERZIJPOLDER: KASTEEL YPENSTEIN;1
HET OUDE KERKHOF;1
CHAMBERTINLAAN;1
Verbreding Rijksweg A12 Ede-Grijsoord traject 4;2
Driehuizendijk;1
MEKKELHORSTER LANDWEER;1
CAESTERVELD;2
VENENSLAGEN;2
Gusseweg;1
RAARHOEKSWEG;1
VERLENGDE PARKWEG / MAANDERENGWEG;2
DE HORSIK;1
Schebbelaarseveld;2
Zwarte Water;2
HONSBERGEN;1
VELDEN;1
NIEUWESCHANS;2
"Kloosterbosch ; Blokweg ; Rondenbosch; Stevensweg";1
STRIJBEEK;1
Munsel;2
Pompstationweg/Duinroosweg;1
Oosterweg, Campus;1
OIRSCHOT VII-3;1
ZANDERIJ GULDNMOND;1
Brede School, Schereplein;1
AAN DE NOORDERGANSSLOOT;1
Noordlangeweg;1
'Mountjeswier';1
Visschersplein;1
MARKELOSEWEG HOEK VEENWEG;1
Aamse pad, De Woerd, de Hoge Hof;1
DE ZESHODERD;1
"Oude Weiden-Rotonde; vpl 6";1
"19.29 OUDE CAMPSPOLDER; WESTGAAG";1
HAVENSTRAAT 7;1
OOST VOORNE;1
De Vliet, Blauwe Steenweg;1
WESTERSCHELDE;3
Fietspad Franjumbuorren;1
Meedhuizerweg;1
BOSWACHTERIJ GEES;4
NOORDWELLE;5
OUDE HOOFSTEDE;5
"HUNNESCHANS ZUID; NATUURBAD";1
Steynkuilweg;2
Het Hoge Burg;2
ZANDGROEVE RIJSBERGEN;2
De markt;1
KLEVERLAAN;1
ZWIETEN;3
Kavel G48;1
"Pilotenweg; Kavel H73";1
Haard;1
"Scherpbier 2; voormalig AMK-terrein";1
Staartven;2
ZWARTENDIJK 38-40;1
NABIJ HET SCHOUWINK;1
KASTEEL HEUMEN;1
KERKHORSTWEG;1
Deijnsschestraat 15;1
De Smele;1
Kavel E114 Ketelmeerweg;1
GROTE HOUTSTRAAT 11 (GULDENBERGSPOORT);1
Jeronimuspolder;1
KERKWEG / KERKHOF;1
"SOERENSE WEG ; PRINSENTAFEL";1
NOORDIJK;2
01.104 Hoogstraat 130-134 De Vlijt Boringen;1
HOEKSE PARK OOST;1
WIJCHEN DE BERENDONK;4
OVERAKKER;1
Burgemeester Frenckenstraat;2
HASSE;1
LOCHTERBERG;1
GROENTENVEILING WESTERLEE;1
CULEIKAMP;1
De Draaikes;1
"HOUTENSE WETERING 2; voormalig AMK-terrein";1
Het Havik;1
Blauwstraat;1
DROSTENDIEP;2
Oostzijde A28;1
Koningin Julianaweg;1
BEEGDER HEIDE;1
WIELINGSHEUVEL;1
MOERINGWEG;3
Neterselsche Heide;1
STRAND FORT DEN HAAK;2
MILLINGEN AD RIJN;2
BRAKELSE HEIDE TUSSEN ALPHEN EN RIEL;2
Woudsedijk-Zuid 22;1
"Rechtestraat; Stadhuis";1
BUISTEEG;1
Marktstraat 37;1
CASPERGAUW;1
OOSTERSCHELDE WEMELDINGE 1;1
NEERHEM;1
Winssen plangebied leegstraat;1
HEIKANTSEWEG;2
TONCKENSBOS 07;1
DE HURK;2
"SPRIELDERBOSCH; KOEBERGJES";11
HAAKSBERGEN;5
Tivolistraat;1
TRACE FIETSPAD;1
WAGENINGEN-HOOG;1
plangebied Buurse-Zuid;1
Kruispunt Pr. Bernardstr, Keizerdijk, Hoofdstr, Pr. Hendrikstr;1
HOEK LAAKWEG LAAKPAD;1
Hindersteinlaan;3
"Kamperhoekweg; Kavel H34";1
RAMSDIJK, KAVELS E170 EN E171;1
EUVELGUNNE;3
GROOT KELL;1
Nutsbedrijventerrein;1
D21 - 25;1
Provincialeweg 4;1
de Weyer;1
MOLENGOOT;1
MAISBAAI;1
WATERLOOZE WERVE;1
Emmerikstraat;1
VEEN;1
Stadsdennenweg 16;1
DE WEILANDEN-NOORD;1
TEN ZUIDEN VAN SPELDERHOLT;1
OOSTERRINGWEG, KAVEL M134;1
VROUWENHUISWAARD, KERKEIND;17
HEERDE;1
Voltaweg;1
DE ZANDMENNERIJ;2
BIJ WARTIENS;1
Prins Hendrikkade;2
PAS VAN BORSELE;1
SPOORSTRAAT;3
SANATORIUM;1
KAVEL L2;1
Eremietenberg;1
Rutgerusgang;2
GRENS GELDROP HEEZE;1
HET STOKT;1
"Huij; Heerstraat 2";1
BUTKESBELT;1
BLAUWSTRAAT;1
BOTTESTEIJN;1
Kenner Straatweg;1
GEERVLIET;3
WESTERKAMPEN;3
BREMERBERGTOCHT, KAVEL Z45;1
FLANSUM;1
KATHOEK;1
ORANJEZON;3
KASTEEL HEIJEN;1
150 kV kabeltrace;1
GASTHUISPOORT;2
Andreas Schelfhoutstraat;1
Schoonrewoerde stroomrug;1
Kerkplein 1;1
Zwiksweg;1
Noord Steenplaat 1;1
"PADBROEK ; MESSEMAKER";1
DUIVELSHOF;6
Zaalheuvel;3
"Wulpweg; Kavel G50";1
DE WIJDE BLICK;3
Skrok;1
St Joseph;1
OUD KERKHOF;1
DOLSBERG;2
POLDER RUSTPLAATS;8
Kernhem, vlek A3;1
WOUDPOLDER-KROMMENIE II-VINDPLAATS 2;1
Kerkpad ZZ;1
Kavel L40;1
Porhorn;1
WITTE HERENSTRAAT 24 (FRANS LOENENHOFJE);1
SCHOOLBOS;1
hoek vm. Nieuwekerkstraat - Hoogstraat;1
HOUTERPEELWEG;1
DE TINNEGIETER;1
Alde-Steeg;1
Voormalig AMK-terrein M13753 / CMA28B-A02: Schaddenbeltsweg;1
Griftdijk Noord 13;1
HOGE BOS SCHUURKENSHOF;1
Voetbalveld VV Schijf;3
FIRDGUM;1
Belfort;1
Witvrouwenbergweg;1
Paleis het Loo;1
Klokbekerweg;1
"Schollervaarweg; Kavel M42-II";1
trappenberg-kloosterschuur;1
KNARWEG/MEERKOETENWEG, KAVEL D22/D23;1
WILDERVANKSTERWEG;1
BIJWINKEL;3
Arkens;1
HIJKER ESCH;2
ANNERTOL;6
Wijchense Meer 2;1
Vechten (Limes);1
"BAAN; DUSSEN";1
Maelstede 2-4 (Lika terrein);1
OP KERNIES;3
"Heiland; voormalig AMK-terrein";1
Ossenbroek 4;1
Den Hoorn 29;1
TOREN;1
SPEULDERVELD;7
Stolpweg 7;1
"Buitenomme ; Schoutenboomgaardweg";1
MOLSTEEG;1
GROOT MUIZENGAT;1
BOYENWERF;2
ZWAAGDIJK OOST;1
AALKEET BUITENPOLDER 19;1
DAALHOF;1
OP DEN BEYE;1
LEEMKAMPWEG;1
GROENEWEG;9
WESTERZIJ;1
Nuis;1
BURGWAL 95 - 99;1
BRONCKWEG;1
MOLENWEG;31
ZANDWEGJE;1
Het Lieve Vrouwe Walleke;1
GRATHEM;1
Lieshoutseweg;3
Nedcar;1
Middendorp;1
LEEUWENBERGWEG;2
P.KERK;1
De Dole;1
"Langbroekerdijk B; Sandenburgerlaan";1
BELLAMYPARK;1
Strand Westhove;1
RAAN;2
Marisstraat;1
MILLINGEN;3
Enkhuizen;1
GER DE SCHOOIER;1
Manege;2
NIEUW SOEREL;1
Archeologische zone 1, Oostvlietpolder;1
EMMER ESCH - SCHIETBAANWEG;1
Oirschotse Hei;5
Erve Leusink;1
KRIJN VAN SLUISWEG;1
Zocherplantsoen -Bloemendalsebuitenpoort;1
De Wildeman - Vindplaats A;1
Voorstraat 26-achter/ Badhuisstraat;1
BOS;1
BUITEN HAVEN;1
GOUDAKKER;4
Leliestraat/Tulpstraat;1
KAPELIERSPUT;1
Heeswijk-Ewinkel 4;1
PAASLOERWEG;1
Gildestraat;4
OVERENG;1
Veller 2, Oude Vellerseweg 7 en 18;1
VOLLENHOVERWEG, KAVEL S93;1
GROOT HEDEBO;1
Paal;1
kasteel Boschhuizen;1
"Eyserbosschen; voormalig AMK-terrein";1
T WAAL TIPBLINKEN 3;1
STOBBEN;1
KAVEL P84;1
SPRINGWEG;3
OUDE BONGART;1
KOESTROOMDIJK;1
DENNENOORD METAALWEG;1
Exdel;4
BUISSTEEG;1
HET KLOOSTER;10
VERGERT;1
NEEREIND;1
Kruispunt Pr. Bernhardstraat, Keizersdijk, Hoofdstraat, Pr. Hendr;1
Hitland II;1
HOGE WEIDEN;1
Openluchtmuseum Het Hoogeland;1
grafelijke herberg Mijnsherenherberg;1
Het Hool;1
VOORSTUKKEN;3
Berglaren;3
Meisevoort;1
LENT;1
ZELDAM;5
Hompsche Molen;1
Groot welsden;2
Oosthavenkade 17 en 18 te Urk;1
DORPSSTRAAT 25;1
BRANDDEELING;1
Den Eikenhorst;1
POLDER DE HOORN;3
PANNENHOEFSEBAAN;1
ERVE GROOT WASSINK;1
Rondweg eefde;2
KADIJK (VOLKSTUINCOMPLEX HEEMSTEDE);1
Oostvoorne Kerkplein;1
OOSTELIJKE POLDER;1
"Vossemeerdijk; Kavel N23";1
POLDER DE ZIEN;1
De Neude;2
Plangebied Violenstraat 4;1
Zuid-Willemsvaart;2
DIJK ONDER OOSTERHOUT;1
LEIENGRAAFSTRAAT;1
"Schootsestraat; Venushoek";1
BINNENSTAD (ARKGRACHT);1
RENDIERWEG, KAVEL L51;1
Bospad;1
BELGEREN;1
GALGLAAN;3
huis Kloppenburg;1
Zwinstraat;1
SCHOUDEE;1
DE ALVERSCHOTEN;1
"R.K.KERK;";1
Schoordijk;1
Klein Trierveld - Vindplaats 55;1
Zuidzijde Eggerweg;2
HET GROENE KERKJE;2
Buitenlanden;4
MAAIJEN;1
TINTELENBERG;1
16.72 AALKEET BUITENPOLDER;1
Kootwijkse Veld;1
"VALENTINUSKAPEL; KEERSOP";1
Doove Balg 4;1
Beakendyk;1
BROECKLAND;1
Lange Pad, Het Geer;1
NABIJ KESSELSE BERGEN;1
Verdonkenoord 102-104;1
DEURZE;3
HUIS 'DE NESSE';1
L ABTWOUDSCHE POLDER 07;1
Smidswei Parkeerplaats;1
SCHEPERSCHAARSEWEG;1
Hanssum;1
LANGE RAARBERG;1
TORENWEG/SCHROEWEG;1
MARSDIJK/GRONINGERSTRAAT;1
Sassenplaat (Scheepswrak Sassenplaat);1
Milligersteeg;1
KLOOSTERWEG;4
BANJAARD NCP BLOK S5;1
Zuidmaten oost;1
SCHAGERWIEL;4
JUFFERSTRAAT;1
Vrijkenveld;3
Covaterrein;2
SCHORE;1
HOEKWANDWEG, KAVEL U41;1
HOMMERZAAD;3
Zanddreef;1
Houttil Waag;1
Wieken Vinkenhoef, perceel 325;1
ASSENDELVER POLDERS-SITE O-ZUIDERWEG;1
GOLFBAAN DE BRAKEL;1
Stadhuis, Kerkstraat;2
De Hoep;2
BOMHOF;2
wal Rozendaalse Veld (locatie 5);1
GEESTEREN;1
Jacobijnerkerkhof;1
Sinoutskerkseweg/fietspad de Poel;2
HOGE DIJK GROOT VELDHUIS;1
SPANG;24
De Bucht;2
Beekseweg;2
TERP HAAITZUMA-STATE;1
Singel 56;1
UITERDIJKEN;2
BRICHTEN;1
STOKWEG;11
PAARDEMARKT;2
KEUPERHEIDE;2
Ulftseweg;1
TEN NOORDEN VAN DE MARSCH;1
DE BARTJES;1
Kroondijk;1
Aan de Heuvel;1
MEERWIJKSELAAN;1
GANSWIJKSE POLDER;2
Bomenbuurt;1
SLUISLAAN;1
DONK TE HILLEGERSBERG;1
NOORDER BLOK;4
Akerendam;1
"'T SLOT; EMPEL-MEERWIJK";1
HUIS TEN DORP;3
Molenkade;1
Wijldijk;1
Kleine Kiekenbelt;1
Zwartwaterweg;2
GRAAFLAND;9
"'t Leenderbos; voormalig AMK-terrein; Klein Hasselsven";1
Westfrisiaweg tussen Zwaagdijk en Oudijk;1
Boudewijnskerke;1
KASTEEL WELL;1
GROENENDAAL/HOGE WOERD/HEULMANSWEG;1
WYTHMEN;2
DEKEN NICOLAYESTRAAT;1
EURSINGER BINNENESCH;2
ZUIDERMIDDENWEG, KAVEL H19;3
Zwarte kamp;1
Parkeerplaats De Roskam;1
Rondweg (Locatie I);1
AALKEET BUITEN 060;1
Plangebied  Bethanie;1
BIJSTERHUIZENSTRAAT;3
Pisartlaan, Ing. Rocourstraat, A2, Crematorium;1
RIJKSWEG 15;1
Zuiveringsinsatlatie;1
BURCHTWEG, KAVEL M20;2
BOUWPUTTEN BEJAARD.CENTR.MARIENSTEIN;2
Stationslaan;1
KLEINE ENGELENBURG;1
DE ZUIDERT;1
Langs de Omringdijk;1
LOOISCHE GRAAF;1
Hoog Moersbergen (gem. Utrechtse Heuvelrug);46
"Nieuw Wateringveldse Polder; Bovendijk 143; Huis ten Hoeke";1
LOUISAHOEVE;2
Siccamastraat 6-12;1
MEERLOSCHE BAAN;6
OLTHOFLAAN;3
CAFE BUSSCHOP;1
EIKSTRAAT;1
DE WESTEN;37
POLITIESCHOOL;1
"Deelshurk; Schaapsloop";1
HOGE ROT;1
KERKENAKKERS II;1
"OUDE POSTBAAN; OUDE BAAN; VELDWEG";1
Pompstationsweg;1
OPHEUSDEN-DORP;1
DRIENE;2
DORP 218;1
polder Rugge, noordoost  van Konneweg;1
N229, Stefanushoeve;1
Berenhoeksestraat 10;1
Krabbendam;1
MARTINIKERK;1
POLSTRAAT;5
PRATTENBURGSCHE BOS;5
"HEYEROTH; HEIROT";1
Weimersedreef 25;1
wijngaardstraat;1
KETENBERG;2
Nederbergweg 4;1
Honderdland;6
KALFHOEKSE PAD;2
Voordenweg 2;1
PLANGEBIED EEUWLANDSEWEG;2
Perceel ten zuiden van Doctor de Vriesstraat;1
De Graven;7
THULLERHEIDE;1
BINNENESCH;3
OOSTERVELD VAN ROLDE;1
NONNENPLAATS;1
Trippelenberg;1
EMICLAERSEWEG;1
DE REGGE;1
Middengebied;2
ten westen Hervormde kerk, op terrein voormalige kippenslachterij;1
KASV BASTEN;1
"Erve Wissink; Huis de Spijker";1
Venedijk / polder Broeken en Maten;1
BRINKMADEN;5
Oudezijdse Achterburgwal 45;1
GROTE VELDWEG;1
Beekgraaf;5
Broekstraat, Lindenholt-Noord;1
SMIDSDIJK;6
St. Jozefterrein;1
BURCHTWEG, KAVEL M22;1
DWINGELOSE HEIDE;2
HOGE BULTEN;3
WAMEL-DORP;1
Klinkhei;9
Stapersveld;1
"Palenweg; Kavel E164";1
SPREEUWENSTEIN, DE BLAUWE STEEN;1
VLIERDENSEWEG;1
Houtmarkt 47;1
POOLSCHE DRIESSEN;1
Visveld;5
ZUIDELIJKE VERBINDINGSWEG;1
Kavel K57;1
GROOTESCH;3
JEKSCHOT;2
HET SCHILD;2
"HERENHUL ; ENGELANDERHOLT";1
NOORDZEE EUROGEUL 18;1
BIJ HUILBEEK;1
BURGERSDIJKSEWEG 04;1
KORENMOLEN;2
ZUIDERDIJKWEG 16;1
WINTERSTRAATJE;1
KAVEL N73;1
Noordzee NCP Blok P8 02;1
De Kleine Melm;1
TEN ZUIDEN VAN DE MEERGRAAF;1
GEIJSTERSCHE VEN;1
Dorpsstraat 72;1
NOORDIK;1
"VINDPLAATS K; STAKENBERGWEG";1
NOORDSCHE VELD;9
Grote Molenstraat;3
Stationstraat West;1
NIEUWLANDSE WEG;1
Hardingstraat;1
Kellerweg;2
LELYSTAD, SECTIE B;1
SCHOKLAND;8
"Zuidermeerweg; Kavel E46";1
't Leuken;1
"Tarpanweg; Kavel H61";1
DUITSLANDLAAN;1
NOORDZEE ZUIDERHAAKS NCP BLOK Q2;1
PASVELD;1
Schans;5
Gulperberg;2
Visserstraat;1
GROOT-VELDHUIS;1
DE WEVER;3
RAAKEIND;1
Startebos fase III;1
Scharnegoutum;1
DE GOORN;4
"WAERENBERG; KLEINE BEDELAAR";1
Mierloseweg;1
Grote Houtstraat 93;1
LEUTERVELD;1
KONIJNENWARANDE;2
01.049 Kortedijk 124/126 Stadsboerderij;1
SWORMINKSLANDEN;2
Arixweg;1
BAKKERSTRAAT 63 EN 64;1
DE KRAATS;2
VEERWEG-NOORDKOOP HOEVE;1
Es Duivelshof;1
"PALEISPARK ; PARAPLUSPRENGEN";1
SLUISPOLDER;4
Dorpsweide te Wijk aan zee;1
Heizensche Dijk;4
ELZETTER BOSCH;1
KLEIN SALEMINK;1
"Akkerstraat ; Boogaardstraat";1
DE STEERT;1
Paesens Moddergat 1;1
Heuvelstraat;1
De Meelfabriek;4
SCHUILENBORG;1
KERKWEG 124-128;1
HET WITBROEK;1
ZW van de Holmhoeve;1
GORECHT;1
"WESTERWIJTWERD-NOORDOOST; RONDEEL";1
Lateraalkanaal;1
LINNER HEIDE;1
Willibrorduskerk, Kerkhof;1
Salesdreef;2
"OOSTERWEG ; HEEMSHOF";1
Bezandingsgreppels in vak 8a (locatie 11);1
HIVELSHOF;1
MOOKERHEIDE;5
DORSHOUT (LANGS AA);1
"Schillinkpad; Kavel N66W-II";1
Roterweg;1
KALFHOEKSE WEG;1
Ziekenhuis Hoog Laren;1
Dorpsstraat 192;1
KLENCKERWEG;2
VINDPLAATS B;1
WORDRAGEN;2
SINT BAVO;1
JANSSTRAAT;4
DE GRIET;2
BEEKHEUVEL;3
15.14 FOPPENPOLDER;1
HUIS OP DE BERGH;1
Herrewiel;1
BOSWACHTERIJ LEENDE;1
DEUTZSTRAAT;1
Vindplaats 6;1
Dr. Guepinlaan - Ommerenveldseweg;1
GALGEVELD;2
AAN DE MAAS BIJ MIJNSHEERENLAND;1
Troprijt 11;1
Beneden Strijmen;1
WILHELMINALAAN;8
"Voormalig AMK-terrein M4132 / CMA37B-029: Centrum; Kerkplein";1
"HOEK VAN HOLLAND; OBJECT 3 EN 4";1
Watermolen Veldink;1
MORTEL ONTGINNING;1
Oosteinde 50;1
SLUIS NR.2;1
DE ESCH-KYMMELSBORG;1
LANGENDIJK;1
Catualiumplein 2;1
Koningsoord;1
Boerderij De Balije;1
Lange Voorhout tegenover 102 (Amerikaanse ambassade);1
Birkhoven;1
WITTE KERKJE;3
Rotterdam Beverwaard Tramremise;1
Galgenberg (ten oosten van Elst);1
"MORTELSHOF; voormalig AMK-terrein";3
Ensink;1
ESSEN;3
Steendammeweg;1
SCHAAPDIJK;2
"STIPHOUTS BROEK ; EENSELAAR";1
De Driesprong;7
FRUITBERG;1
Schellerdijk nabij nieuwe hanzeboog;1
Kasteel Assumburg, Hoogwerf;1
"EDESE HEIDE; KREELSEWEG";1
BOKHOVEN I(?);1
Pesserstraat;1
ZWARTE WATER / VEN KOELEN;1
Gasthuisweideweg;1
Norgerweg;1
Overeind, De Posthoorn, Voormalig AMK-terrein 3610;1
GRIETMANSWIJK-ZUIDWEST;1
NOORDBARGERES I;1
Heldensedijk;2
SCHOOLLAAN;2
Huppelseweg;1
Weg Zuidlaren - Tynaarlo;1
MAESDAMMERHOF;1
NOORDERES-WEST;1
KROMHAAG;6
IBF;1
BOXMEERSCHE VELD;3
KAVEL D58;1
Huis Blankenborg;1
ZUIDERRINGWEG,ZWIJNSTOCHT, KAVEL Q39;1
HOLINGERVELD;1
KAVEL H52;1
Duifhuistraat;1
Merelweg;1
HUIS WESTERHOUT;1
RIETAKKERSWEG-WEST;1
FERWERDER EN BLIJAER POLDER;1
Tiel-Medel vindplaats 4;1
Hengelo, plangebied Molenenk;1
Zuid-tangent I en II;1
EKSCHIP;1
Koeveldweg;1
DR POELLSTRAAT 4;1
"KOUDEPOLDERSTRAAT; MIDDENWEG";1
DE WIJNGAARD;1
HEIDEHIEM-NOORD;1
LANDBOUWSCHOLINGSBEDRIJF, KAVEL L50;1
D8-KNIPHORSTBOS;1
Bachlaan 21;1
UBBERGEN;1
Eldersche Gronden;1
De Santacker, 1e Weteringsewal;1
IJSSELSINGEL;1
Noorddijkerweg 12;1
Kootwijkseveld;1
Voormalig AMK-terrein M12916: Peperstraat 30;1
POOLSE DRIESTEN;2
"ST.ANTONIUSKAPEL;";1
Klapstraat;2
Terp Nesserwei;2
Huisvensestraat;1
Rotonde provinciale weg Lith-Oss;1
ASINGAHOF;1
Broekseweg;1
OLTHOF;1
TEN O. VAN SATELLIETWAARN.STATION;1
Jacobusstraat;1
21.29 DORPPOLDER;1
NELISKE;20
LAND ACHTER DE BAKKER;13
Zandweg;6
SMAKT;2
Vroegere boerderij Sijboltsheerd;1
"NUIS OOST; BOERSREE";1
Rietlanden, Grote Rietplas, parc Sandur;1
T BROEK;3
Ganzenkolk;1
AMERDIEP-NIJLANDERBROEK;1
BEDAF;1
DAMPEGEEST;3
De Mendert;4
HASPELBERG;1
Grasterpje Fennewei;1
ELSPETERWEG;1
SELLINGER NOORDES;1
ENGELSCH VAARWATER 1;1
OPEERDOES;1
Zwinkels;1
Watervalweg;1
BOERDERIJ DE DOLLARD;2
HERBERG HET WITTE PAARD;1
EIKENHORST;1
Busschoor;1
Het Laar;6
Holmers Halkenbroek;3
KAPELAANS SCHUITWATER;1
Bakkerij De Raad, Draaiweg 2;1
OP DE LAAR;1
Tichelstraat 44;1
Kasteel Groot Beuggenum;1
WOLDSTRAAT;1
KUINDERWEG, KAVEL M35;2
SNIPPERLINGSDIJK;2
HAAKSBERGERSTRAAT;1
BOSBERG;4
HALDERT;1
KLEINE BOOMPOLDER;1
Nieuwe kerk;1
Molenzicht;2
De Groene Jager;1
NIEUW JACHTLUST;1
ZANDSEVELD;1
GRENSWEG WILREIT;1
Ruine van Heenvliet;1
JOOSTENLAAN/HAARPAD;1
"De Buunder; Driegemeentenpad";1
Varenlaan;1
WADDENZEE;2
VELD BIJ ROEGHOORN 2;1
AN D'OALE DIEK;2
OUDE ZWOLSEWEG NOORD;1
LIEVEKAMP;1
HOGE VALKSE DIJK;7
DE ZELT;1
KAASBAAN;1
WIERDE DE HOOGTE;1
GROTE VLIET;1
Julianastraat 21A;1
Oostersingel 65-67;1
"Kerkweg ; landgoed Terborgh";4
"Hoogstraat; Mariapolder";1
HOGE KLEI;2
ERVE MOLLENBROEKSDIEKS;1
Bongeveen;1
BERGKAMPEN 19;1
Berglust;1
BRINKGOORNS;1
POLDER STUUT;1
Heiligenbergerbeek;4
COLLSE WATERMOLEN;1
AAGTEKERKE KALFHOEKSEPAD;1
Aan de School;1
DONIADIJK;1
"Zuidwal; Leerthouwerstraat";1
GAASSELT;1
ZEESTRAAT 41-43;1
EENDENKOOI OOST;1
Kazerneterrein;2
Voormalig AMK-terrein M2756 / CMA21B-A01: Poepershoek;1
Popma-STINS;1
Spuiweg;1
NOORDERDWARSPLAATSEN;1
BETHLEHEMKERK;1
Schaapvolte, hunebed Eexterhalte;2
Op de Leues;1
AHR 38;1
NOLDERESCH;3
EKKERSTRAAT;1
NIJKERKERSTRAAT;2
De Holdert;1
DENNEKAMP;1
NEDEREINDSESTRAAT - WESTEINDE;1
DOELENSTRAAT/ ST. NICOLAASKAPEL;1
"Espelerweg; Kavel G87";1
TEERD;1
BLERICKSCHE HEIDE;2
HAANMAATSDIJK-OOST;1
KLIEVERHOGE;6
hoek Westeind-Veerweg (onder pand kapper Zanen);1
Vroonweg;1
DEN BURG CENTRUM;5
kasteel Nieuw Herlaar;1
PAPENPAD;1
Voorstraat 51;1
WITTE STEEN;3
Tikewei;3
TUSSEN KAVELS Z26, Z27, Z28. Z29,Z30;1
Broekstraat 85;1
"Voormalig AMK-terrein M10409/CMA37G-040: Lyceumlaan; Nieuwland";1
BINNENSTAD (VOLDERSTRAAT-MAZIJK);1
Middelven;1
Vrachelsedijk 17, 19, 21;1
POLSTRAAT 13-23;1
Op het Altaar;3
OOSTERENDERWEG;7
"Noordermeerweg; Kavel A8";1
BREDESTRAAT;4
Stadhuis 's-Gravenhof 2;1
"De Uitwijkse Heuvel; Alversbergje";1
Simeonshof;1
Plaspoelstraat, Leidschendam;1
IN DEN BERG;3
SCHUUREIK;6
PASTOORSDIJK;7
DE WERFT;3
HULSEL;1
OUDE WEI 22 - 26;1
PAALBERG;1
ZWARTEWEG 3;1
Fransumerweg;1
Herenstraat;2
Maayerheide;1
WAATSKAMPZIJWEG;2
Passewaaijse Hogeweg (zuidzijde);1
GROTE MARKT 2 (STADHUIS-KELDER GRAV.ZL.);1
Heimersteinse Laan;3
ANDERENSE WEG;3
Loerik II, A.Pistoriusweg;1
OUDELANDSE DIJK, DE LEI;1
GRAVENBURG;1
TER AART;1
"CAMPING ""DE BERKT""";1
REMMERSTEIN, DUIVENTOREN;1
DE HOGENHOF;1
Kerspel;3
MEIJSCHEVOORT;1
Sportcentrumlaan;1
ZUIDREKKENSE WEG;2
GEMEENE WEG;1
VEENWAL;4
STEENFABRIEK;13
PRINSEN BOLWERK (VM. JOODSE BEGRAAFPL.);1
VOORMALIGE VELDPOORT;1
Gasthuisstraat wegwekzaamheden;1
HULSBEEK;2
EVERSWEG;3
ZUIDELIJK VAN LIBEEK;1
BREEDENWEG;1
Butenskar;1
Plangebied Achten-Peeters;1
ROUWKUILENWEG I;1
HAULE;6
INGBERGRACHTWEG;2
BOERMASTREEK;1
NABIJ DE ZANDBERGEN;1
"Zorgcentrum Het Hietveld; Kuiltjesweg";1
MARTENSWAL-OOST;1
GORTELSCHE BERG;1
Huis te Glimmen;1
Kathedraalterrein;1
"KLOOSTER WINDESHEIM; BERGWEG";1
STHEEMANSTRAAT-ZUID;1
"HERINGBOSCH; RUSSCHER BEEKJE";1
01.087 Dijksteeg;1
Archeologisch monument 65H-010: hofstede Ravesteijn;1
BIJ GAGELVEEN;1
AAMSEPAD;1
Abbekinderen;1
01.108 hoogstraat 26 Joannes de Dooperkerk;1
SCHOOLPAD;1
HET LAAGVELD;1
DIDAMSE HEIDE;2
Plangebied Voederheil II;3
Woerdlaan;1
OUDE WEERD;2
Hegstraat;1
RUWENHOF;1
BUIKHEIDE;1
DE SLOKKERT;1
Blija, Witteweg, Terpje;1
KRUISWEG;4
Piloersemaborg;1
ZUYLEN;1
Diekerweg 6;1
Boschoven (bij zandpad);1
DE ROMEIN;1
HOLTHUIZEN;2
Vroenhoutseweg 21;1
MAASKEMP;10
Gouwe 52;1
Draaiburgseweg (Aardenburgse Havenpolder Zuid);2
MIE PEELS;2
HUIS TENGNAGEL;1
VIADUCT;1
DE SCHANS;3
Onder de kerk 10;1
DORPSSTRAAT 521;1
AUSTIEBERG;1
Bierstraat, Kleine Markt;1
BEETGUM TERP;1
MEYENBERG;1
MARKT / GRAVENHOF;1
ZUIDERBLOK;6
DEFENSIEWEG, voormalig AMK-terrein;1
KALE DUINEN;1
Wolfskoele;1
De Breuly;1
"Kerkweg; het Oudeland; voormalig AMK-terrein";1
Noordergronden 4;1
HOOIKAMPEN;1
LANGE BEGIJNESTRAAT 22;1
Rondweg Woudsend (deelgebied II);1
EMMELHAGE;1
Sneeuwbalstraat;1
VLAGTWEDDER BARLAGEN;1
Reigershoek;1
MEESTER BONGAARDSWEG;1
LINDENHEUVEL;2
Pothuizerweg, Hoge Wierde;2
GIESSENBURG;1
"KAPEL; HINTHAMERSTRAAT";1
St. Michaelschool;1
KERK VAN DE HEILIGE LAMBERTUS;2
HARNSEDIJKJE;1
Nieuwbouwplan Bangert-Oosterpolder, algemeen;1
DE UIL;1
HET KEMPKE;2
SCHAIJK;1
Lieshoutse Beemden;1
OVERBOSPARK;1
Aalbrinkstegge 5;1
Castelre;1
MARTENSWAL-TILGRUP;2
PHILOMENAHOEVE;2
LUISEL;2
BINGERDEN;2
'T HAANTJE;1
Maaspoort;1
Kasteel van Ooijen;1
MAARNSE GRINDWEG I EN II;1
Lijsterstraat;1
NEULUNTEREN;1
HEIDESTEINLAAN;1
WILDE VEEN-NOORD;1
LEONARDUSKAPEL;1
Overheicop;3
RESSEN;1
OUD WULVEN, JONGERIUS;1
'T LOOHUIS;1
Munnikenhof West;1
NOORTHEY;1
Plangebied De Bulder;1
Zuid-Linschoterzandweg 34;1
Geulpoort;1
Sophiapolder;1
KASTEEL JEKSCHOT;1
VESSEMSE WEG;1
OEYENBOSCH;3
18.25 DIJKPOLDER;1
De Wildeman,Hurwenense Broek;1
BERKENRODESTEEG (WRSCH. NRS. 4 EN 6);1
OUDE HAVEN-TEGENOVER RIDDERSTRAAT;1
DERKINGSMATEN;2
De Overloop;1
OVER DE VOORT @;1
Margueritelaan;1
J.C. WILSLAAN;1
SWIERINGA'S POLDER II/STADSWEG;2
Graaf Allardsingel;1
DIJKGRAAF GROOTWEG;2
ZUIDERMIDDENWEG, KAVEL H28/H29;2
De Rieze IV;1
Beusichemseweg;1
HARTELUSTLAAN (TEGENOVER NR. 16);1
ECHTERPEEL;2
Drunensche Duinen;1
Oude Ven;1
plangebied Meulenveld en Vilgert;1
Fietstunnellocatie N9 ad Damweg;1
Nieuwstraat-Peperstraat;1
Voormalige Burcht van Peize;1
LIJKWEG;1
Someren-Ter Hofstadlaan;1
Archeologische zone 9, Oostvlietpolder;1
DENEKAMP;10
ALMERE-HAVEN, KAVEL FZ14;1
ZUIDSPAARNDAMMERPOLDER;2
Kanaaldijk 212;1
Lijkveld;1
MOLLENVELDJES;1
POLDER HET OUDE LAND VAN STRIJEN;1
Landstraat 21-23;2
Steenkamplaan;1
OMLEIDINGSKANAAL;1
WIJDE VELDWEG;1
MARKTSTRAAT 6;1
AKENBUURT;15
KALKWIJK;3
KAVEL D51;1
MAAIPAD;1
POLDER DE DERDE BEDIJKING;2
Munnikendijk;1
"MOLENWEG ; JACOB VAN GAESBEEKLAAN";1
'S-GRAVENZANDE / HOEK VAN HOLLAND;1
Bordseweg;1
DEN HAAG GROENENDAAL;1
SLIKKERWOID, DE OOST;1
"WITVROUWENBURG; WITVROUWENBERG";1
"Huis Cluttenleen; Huis Rozengaard";1
Emmastraat en Irenestraat;1
NOORDZEE NCP BLOK Q11  2;1
Vlasakkers, militair oefenterrein, voormalig AMK-terrein;1
Huikenhof;3
DEN HEPPERT;1
GALDERSE HEIDE;1
Nieuwe Keizersgracht 24;1
HUNZEBOSCH-WEST;2
Dorpsstraat 23;2
STARRENBURG;1
"Koedijk; Oud gerechtshuis van Wulven";1
KIEL-WINDEWEER;8
ZANDDIJK BIEWEG;1
Riolering Borchmolendijk;1
Het Bord De Haan;1
Houtjeslaan;1
TIENDWEG;16
Zuid van Molenweg;2
HAVENLAAN;1
Noord-Spierdijkerweg;1
De Spil;1
BROEKWEG, SNIEP;1
VERKOOPLOKAAL UTRECHTSEWEG;1
AALKEET BUITEN 042;1
Oude Rijssenseweg;1
KLEIN PARADIJS;2
Dominicanenstraat;2
Kasteel Luitendaal;1
DOORNSPIJKSE HEIDE;2
RONDENBORCH;1
DE SCHUTSBOOM;1
Tiendzone;3
Graafsedijk 21;1
HOEVE OVERLAND;1
LAAGHALERVELD;7
LANGUEDOC;1
SANDENBURGERLAAN;1
HOLMERPAD;1
VLIELANDERBALG VII;1
DAARLERBEEK;1
IJSSELBEDDING;2
KITSKESBERG;1
LEESTENSE WEG;1
DE GEEREN;1
Veld.;1
Vaaltstraat 4;2
Exploitatieweg;2
KATTENBURG;1
OUD EMMELOORDERWEG, KAVEL J123;2
Hofdame;1
DE HEMMERKOOI;2
COMMANDEURSPOLDER;2
Knooppunt Galderen;1
HARSSCHENBOSCH;1
"A22 ; HEEMSKERKERBROEKPOLDER";1
"MARIENDONK; MARIENDONKSTRAAT";1
Loostraat - Keizersallee;1
het Bosje;1
Oeverlanden;1
"Voormalig KASTEEL TE HERPEN; BLOKHUIS";1
SMAKTER SPURKT;2
WRK;1
AFFERDENSCHE/DEESTSCHE WAARDEN;1
ERVE TEMMINK;1
Geenraderweg;1
Nullanderstraat;1
Baron d'Osystraat;2
MANTINGERDIJK-NOORD;2
Assinklanden;1
HONDWEG, KAVEL P26;2
EHRENSTEIN;2
HOFWEG;3
HEUVELSWEG;1
HENSTSTRAAT;1
Plangebied Heijckmann;1
BORGVLIETSE DUINEN;2
GIESELBAARG;4
BIJ GEMEENTEHUIS;1
SIEBENGEWALD;2
Grafheuvels;1
AARDKUIL;1
Rijksweg N 271;6
Bleijendijk;1
Swichumerdyk;1
SPERWERSTRAAT 91;1
Kanaalweg;8
"LANDGOED GENBROEK; KEUTELBEEK";1
Beverweg-Teteringsedijk;1
Meeuwenweg;2
PONTWEG;8
DE KOLDERS;1
HOOIBEEMD;4
WEST VLISTERDIJK 22;1
WOERDENS KASTEEL;1
TJESSENGAWEG SIXMATERP;1
DEURNINGER ES;1
HOFSEDAM;1
trace Vlaardingen;1
Erckensraay;1
Kasteelplein;2
Duinlaan;1
Verkeersplein N33/N34 Gieten, gem. Aa en Hunze;1
WELLEVELD;2
Heemstedeburg;1
SLUISPOORT;1
BEERSERBULTEN;1
STRANDPAAL 16/97;1
Harmelerwaard;4
kasteel van Wouw;1
Kieldiep;1
"SOESTERDUINEN ; LANGE DUINEN";1
HORNESTREEK TOV VREDENOORD;1
WATERINGSE VELD;1
Laar;2
GRINDWEG;1
'HEERENHUIZING' BAARSCHOT;1
LANGBROEKER WEG;1
OUD-EHRENSTEIN;1
Van Oldenielstraat 12;1
"Oude Pastorietuin; Parochiecentrum";1
DIEPSWAL;1
TWEEENBARG;1
rioolwerkzaamheden Valkenswaard;1
GORTELSE HEIDE;7
Vlieland Westerveld 2;1
DE RAAM;1
NIEUWOLDA;2
Nobelstraat;4
"VEERKAMPEN ; ERENEIND";1
BEESD;4
WESSEM BV;1
ANNENDAALDERWEG;2
"Centrum; Kerkegasje";1
VOORMALIG WEESHUIS;1
Moleneind 18;1
Zuiddijkstraat;11
MARKERWAARDWEG;2
2230 Beekbergen, Wolterbeeklaan;1
LANDGOED OUD-NAARDEN;1
WANSSUM;1
Zuidschans;1
LANGEHOFSTRAAT / KUIPERSTRAAT 1;1
Schoollocatie;1
Woestduinlaan 87;3
ALKMAARSEWEG 311;1
KEUTELDAL;1
DE DREEF;1
"HERBERG ""DE STEENEN KAMER""";1
Rijksweg 3C;1
LAKENVELD;3
KERKENHOF, DE WOERD;1
PARALLEL AAN HOGE WOERD;1
VOGELTJESLAND 8;1
Roland;1
ESVELDERBEEK;2
Zeegbos;1
PUTTERWEG;2
Maas Elsloo;1
NOORDPOORT;1
GELDERSE GRACHT;2
's Gravenhof-Waterstraat;1
HAZENWEG 2;1
"Nieuwezijds Kolk; Dirk van Hasseltssteeg";1
BATHMEN;1
Hunerberg, Castra, Canabae;3
WESTERGEEST;12
Voorstraat 20;1
CHRIST. KLEUTERSCHOOL;1
Heeswijk Havenlaan-Noord (W3C);1
POLDER OUD-MATHENESSE;1
DROUWENERSTRAAT;2
WANSSUMER HEIDE;7
PUTAKKER, KONINGIN JULIANALAAN;1
"HAKKELTSE WEG ; HANENDORPERWEG";16
"NIEUW GROEVENBEEK; HET VOSSENHOL";8
HOGE LEEMHOLK;2
VAESRADE;3
KAVEL P24;1
Crapoel;2
DE LANGERT;5
KERKEIND 20;1
GAMMELKER ESCH;1
Laakse Slenk in het Hulkesteinse Bos;1
WEG DOKKUM-HOLWERD;1
FABRIEK NOOITGEDACHT;1
KLOOSTERS;1
DE VORSSEL;4
Natuurderij;2
Het Oude Maasje;1
Stadsbleek;1
ERVE BLOEM;1
De Bolle;1
ST MAGDALENAWEG;1
De Croon;1
KRABBESCHANS;1
BAAIJENHOVENSE WEG;2
ACHTER DE IJSBAAN;1
DE ROUVENEN;2
Hoge Maasdijk;2
D6B;1
MAKKEVELD;1
Beekveld, naast nr. 35;1
Camping De Meidoorn;1
Benedenweg 30;1
Munningsbosch (De Eikelkes-zuid);1
SCHALKWIJKSE WETERING;1
Boven-Tjonger bij Oosterwolde-Prandinga;1
Bloemendalsestraat nr. 8-10-12;1
HARSSENBOSCH;1
Nieuw Herlaar;1
LAAN VAN ESCHEDE/ONDERDINCK;1
BOEZEMSINGEL;1
BAKKERSVENNEN;1
VERNIELD HUNEBED D 52A;1
ZEELBERGSE AKKERS;1
MARISBERG;2
ZWARTEBROEK;1
"KLOOSTER ""HUIZE BIJDORP""";1
Paardenbroek;1
Bergen op Zoomstraat;1
HAGELINGERWEG;1
Fiifgeawei;1
parkeerkelder BADHOTEL;1
SERVAESKAPEL;1
Borwallinge 23;1
Mulkenshof;1
Keverberg;1
Hoffstetterlaan;1
POLDER OTERLEEK (VINDPLAATS 31);1
JOERELAAN;2
HARKEBUURT;17
BOSHOVERHEIDE;58
Broedershof;1
BLOEMENDAALSE WEG 250A (HUIZE BELVEDERE);1
Hoogeind 50;1
De Dijk 12;1
"QUADENOORD; HARTEN";1
GIETENERVELD;2
"HITSBERG;";1
STOKSTRAATKWARTIER, OOSTKANT;1
Koniing Lodewijklaan/Sumatralaan;1
West Frisia;1
STERRESCHANSWEG 54;1
Voormalig AMK-terrein M10408 / CMA37G-039: Oosthavenkade;1
HOGE LOO;2
Basisscholen;1
BENSCHOPPERWEG 35;1
MIDDELES;1
De Kaai;1
DOESBURG;3
"POLDERWEG; PROVINCIALE WEG";1
FOCHTELOER VEEN;2
"KARELLAAN ; KRUISSCHOT";1
MORIAEN;1
"Voormalig AMK-terrein M10417 / CMA37G-048: Westwijk; Drs.Stijkelstraat";1
Pastoor Clercxstraat 50;1
WOLFBERGWEG;1
PLANTSOEN STEPHANUSKERK;1
NH KERK/ST LAMBERTUS;2
BINNENSTAD (WILHELMINASTRAAT-MUNTSTRAAT);1
Regenboogstraat;1
OUDE VISMARKT;1
Wethouder H.J. ten Raestraat;1
"Elandweg; Kavel K23";1
Kievitshoekweg;1
HANNEKERWEG;1
ROUWENHOF;1
"De Laak; Putterbosch; Grieteweg";1
Langeweg 19;1
ENGDORP HOOG HEES;1
POLENWEG, KAVEL F29;1
GRINDGAT POL;2
De Duivelshof;2
"Voormalig AMK-terrein M2511 / CMA34F-A25: Haaksbergerveen; Buurserveen";1
OIRLO;2
Haeselaarsbroek;20
HOEFSEWEG;1
ZELHEM;5
hoornwerk;1
Klokkenplas;1
MATSLOOT NOORD;4
Akker - Nieuwbouwterrein;1
de Rolle;1
WEILAND;1
01.076 Markt 22 't Schele hoekje;1
LUTTERHOOFDWIJK;1
WEERSLOOT;1
SLABROEKSCHE HEIDE;2
BEEKVLIET;1
Melkema;1
IJSSELMEER OOSTERDIJK;1
Dorpsstraat (ong.);1
NIEUW BERGERHOF;1
Ten westen van de Veersloot, tegenover De Tuithoorn;1
OUD EMMELOORDERWEG, KAVEL P8;1
OOSTKADE;2
Langelaan, Teylingen College;2
Martensterrein;1
de Hondeborg;1
Adrianushoeve;4
SCHAPENPLEIN;2
BRAAMBOSCH;1
Wielewaal terrein;1
DE OVERLAET;1
FRANSMAN I;2
Huurlingsedam;4
Voormalig AMK-terrein M9411 / CMA37E-025: Klaas Engelbrechtspolder;1
URKERSLUIS, KAVEL E1;1
Voormalig AMK-terrein M10457: Giessenhof;1
Hof te Liempde;1
DE STRUBBEN;12
sarsven;1
GENDEREN-DORP;1
Hogenbos;1
HOOGSTRAAT II;1
SINT JOZEF;1
DE WILMERT;23
Marsdijk 3;1
Kasteel Helmond;1
ENG ACHT MORGEN;1
Sliklandseweg 4;1
DE HEIJ;1
VOORMALIG HUIS HEEMSTEDE;2
HARNASCHPOLDER;2
ABDIJ LILBOSCH;1
Oude Markt;3
DE DOOLHOF;1
Rode Torenstraat 51;1
LANXMEER;3
ROSKAM;5
MAASBROEKSCHE BLOKKEN;3
MAREN (DORP);1
HUISWAARD 4;1
Hoek Hamstraat/Gasthuisstraat;1
TEN W VAN MUNNICHSHOF;1
Wernhout;1
POUCQUES;1
LEIFFENDERHOF;1
"Rijksweg A6; Kavel J97";1
STARTSCHE BOUWING;1
DE SPRANKELAAR;1
POLDER HET VINKEVELD;3
Kerk te Spankeren;1
HOGE WEG;13
HUIS TE WERVE;1
RIMMEGEN;1
01.025 Hoogstraat 220 Fonotheek;1
Haamstede;2
Generaal Foulkesweg;2
Kloosterlaan 8;1
Waaldijk 99C;1
"BRUGGELEN ; BAKENBERG";1
"ST. JORISSTRAAT ; BINNENSTAD";1
"Wielsetocht; Kavel OZ39";1
Langelsestraat;1
Solsebergweg 10;1
Het Smitsveen;2
Santfort;8
VOORMALIG KASTEEL ALDEGONDE;1
Grote Heistraat;1
zuid Esweg;1
Pasadenha;1
Leyendael;3
De Krochten;1
ASSENSTRAAT;1
Bloemvenweg;2
Konneweg II;1
NOORDERVELD;20
ZOMEROORD;1
HOGE WOERD;26
MIDDELBOER SCHOOL;1
BIJ DE OOIGRAAF;1
Peteweg-Barteweg;2
De Stroet III;1
KASTEELRUINE HUIS BRAKEL;1
Van Aelstlaan;1
LINDERMATENWEG;1
EVZ, deelgebied 13 nabij A50;1
HEIDE / ROODHUIS;1
Herenweg 78 (Noordeinde D 60);1
MAHONIEHOUTSTRAAT;1
"'t Leenderbos; voormalig AMK-terrein";2
Nemerlaer;2
HUIS WARMELO;1
LAGE POLDERS;1
Herstraat (perceel 16);1
MEDELSESTRAAT;7
D52 - HEZENES;1
WAAL;30
Haarlem;1
N.H. KERK;24
LANGAKKER;4
Parachutistenstraat;3
CALIFORNISCHEWEG;1
A2 Diefdijk;1
HUIS KARSSENBERG;1
BOSRUST;5
Bergdwarsweg;1
Seerijp;2
Gemeentewerf Bruchem;1
BEEGDERHEIDE-SITE A;1
WAAIAKKERS;1
Oostvoornse Meer 7;1
KERKPOLDER;2
"ANGSTEL ; POSTWIJCK";2
Kandelaarweg;4
WETERING;1
"PRINSENHOEVE; PRINSENHOEF";2
Hoofdstraat;16
Paardenburg;1
Langweer;1
"ELSHORST ; GULDEN HUYS";3
VIJFHUISTERDIJK;1
MOERENBRUG;1
MUISBROEKSEWEG;12
Uilestraat;1
WIJHE;2
"HSL cluster 1; Huifakkers";1
"NIEUWE KERK; VLOOTBEEK";1
KASTEEL GELDROP;1
KAVEL E170;1
Filenserwei 1;1
GRENSPAAL 814A;1
ARENDSHOEKWEG;1
STEENWERK;1
SCHEVICHHOVEN;1
MARKTHALLENGEBIED-BREESTRAAT 23;1
POLDER BRABAND;1
"Helvoirtsche Broek; De Leij; Leijbroek";1
BENDELAAR;5
"Nabij Hobertsveld; Schietbaan";1
Hooglandsepolder;1
BOOMGAARD;1
AAN DE BERKSE STRAAT;1
Laarveld vindplaats 12;1
KAMPHERBEEK;1
'T ORGEL;1
Kleine Zevenaarpolder;1
QUATRE-BRAS, voormalig AMK-terrein;1
RECHT UIT;1
NABIJ OUDE DIEPENVEENSEWEG;1
LANGESTRAAT 79-81;1
WESTERWIJK;1
"(Kasteel) Zijlhof; Zijldijk; De Baanderij; Houthandel Klinkenberg";1
SCHARNDERKUILEN/'THETJE;1
OUDWIJKSE BLOK;1
BRANDWIJKSE DIJK;7
MAASVLAKTE SLUFTER 3;1
HOOISTUKKEN;1
"Levendaalse Laan ; Cuneraweg ; Laareind";2
MEINWEG ACHTER SM BEATRIX;1
De Pannerd;1
Westerbork;1
DEN BREJJE;1
VEERPOLDER;1
't Suyt;1
DE HEEMHOEVE;1
ROELINKSVELD;1
17.50 AALKEET BINNENPOLDER;1
Echterbroek;8
WOEZIK SPORTVELDEN;1
Bremerwildernis;1
BUITENHUISPOLDER-SITE L;1
ESCAMPPOLDER ERASMUSWEG;1
BROERKERK;1
spruitenstroompje;1
DE HOGE KAMP (VOORM. KASTEEL VOORST);1
HOGEKAMP;3
HEEKEMAHEERD;1
ENTER ERVE T EXO;1
WEISTEEG;1
KAUTERSTRAAT;1
LEEK;5
DE BEEST;1
boomkreekweg;1
ELBURGSEWEG SCHAAPSKOOI;1
De Hordelman;1
"Geulderveld; Voulwames";1
BARNEVELD;4
OOSTER 6 NCP BLOK S6;1
ARSENAAL;1
Veldbeek;1
Vathorst VIII;1
VOSDONK;4
"ST.ANNAGESTICHT;  VML.KASTEEL";1
MEERDERVOORT;1
NH KERK SLEEN;1
BAKELSEDIJK/HUTSENBERG;1
HENDERSHUTTE;2
"Voormalig AMK-terrein: Polder Heenvliet; Holle Maarse Dijk";1
ZANDSTRAAT;7
Breusterhof;1
ARCHIPELWEG/NOORDVLIETSLOT;1
DE PRIEM;1
04.038 Willem de Zwijgerlaan 240;1
Romei;1
Hoeve Kruiseik;1
Baanhoek;2
NOORDZEEKUST VLIELAND 1;1
Malapertweg 4-6;1
Liverdonk;1
LANGESTRAAT;8
KOFFIEGOOT;3
VELDZIJDE;2
Erve Beukenstein;7
VOSSEBERG;5
18.29 DIJKPOLDER;1
"TRURENBERG; OVER DE VOORT";3
TROMPSTRAAT, voormalig AMK-terrein;1
Papendijk-Heesterseweg;1
OUDE GRINDWEG;1
Bedrijventerrein Trilandis;1
De Herkenboscher Ohe;1
LEENDERSTRIJP;5
HET DAAL;1
Lage Traan - Leeksterveld;1
kasteel spitsbergen;1
MANRESA;1
KRUISPERCEEL;2
"KROMME RIJN ; VINKENBUURT";1
Het Buske;1
MAMMOETWEG, KAVEL Q31;1
BOERDIJKSLOOT;5
terpen Nesserwei;2
"KEUTELBEEK; OVERHOVEN";1
Utrechtsestraatweg;1
HOFWEG DE MOLSHOOP;1
NIEUWE PASTORIE;1
Rijksstraatweg 199;1
ten westen van Tolweg;1
VOORSTAD;1
FABRIEK TERSTAPPEN;1
DE RIEGERT;1
Oosterdalfsen;3
KLOETEVEN;1
Galgenkamp;1
TIGGELSCHE AKKERS;2
HULSCHE WATER;1
HUIS DE TOLL;1
HEERSTAAIJEN;5
Voormalig AMK-terrein M13242: Achterlandse Dijk;1
Groenstraat-Parallelweg;1
Zwarte Kamp;1
"HOOGTERRAS; De Bosberg; Voormalig AMK-terrein";1
HAARTVELD ZUID 2;1
Voormalig AMK-terrein M10365 / CMA37D-060: Aalkeet-Binnenpolder 06;1
Steegseweg, Kolkstedeweg;1
GROENE STRAAT;2
ROUWKUILEN;11
RUITERKWARTIER;1
NABIJ TEXTIELFABRIEK;1
POLAKKERS;2
GRONINGERESCH EN VELD;1
HARINGHUIZEN;2
Hasselte Baan;1
Oostvoornse Meer 4;1
"REMMERSTEINSCHE BOS ; PAASHEUVEL";1
Nikkelwerf;1
Achter de Kerk 19-21;1
"BOERDERIJ DE AALST ; DEN ALST";1
Sniederslaan 42-44;1
Domineesweg 27;1
HEUKELSTRAAT;3
Broekpolder, zuidelijk deel Oostpolder;1
Plas Heerewaarden;1
Ruyterstraat;1
Overlangel Asboom;1
ASSERWIJK-DOMEINWIJK;1
Terp Medwert;3
SINT ANNA TER MUIDEN-OOST;1
Boomweg 4;1
AAGTEKERKE HAZENBERG;1
Nicolaaskerk;1
"Sibbe; voormalig AMK-terrein";1
TILBUREN;1
"Schansweg; Caestert Beemden";3
Korte Waarder 45;1
FOPPINGATERP;1
"Kloosterbosch; Blokweg; Rondenbosch";1
BAARSSTRAAT;1
KAVEL M20;1
Groot Noordwolder Polder III;1
AETSVELDSE WEG;1
STEENFABRIEK VOGELENZANG;5
Berghemmerveld;1
Willem III terrein;1
SLUITGATWEG, KAVEL E155;2
IMMERLOOPLAS;1
KLEINE HOUTSTRAAT 70-72 (BANK V. LENING);1
Heege-West;1
Frieseweg vm Colijn;1
VELDHUIZEN C;1
DORPSSTRAAT HOEK LOOSTRAAT;1
ELSWOUTLAAN (DUINVLIET);1
Inlaagpolder;1
HACKFORT;2
Jachthuis;1
16.85 AALKEET BUITENPOLDER;1
VERLOREN ZEEG;2
Bleijenburg;1
AKERSLOOT;4
GROTEWAL;2
Terrein gasfabriek;1
KUINDERWEG, KAVEL M69;1
ELZENSTRAAT 19;1
3E VOETBALVELD;1
ENGELSCH VAARWATER 2;1
MAASSTRAAT;6
Ambrosiusweg;1
Kasteel van Breda;1
Oude Telgterweg - Heidelaan;1
Oude Brachterweg;15
KIEL-WINDEWEER/LULA;1
Tegelseweg;1
TWUYVERWEG;1
Horsterweg, Businesspark Maastricht Aachen Airport;1
LOCKAERT/LOOVELT/WESTERVELT;1
3E KAMP;3
RASSENBEEKTOCHT;1
PIETERSKERKHOF 10/11;1
DE OVEN;2
HOGENDIJK;4
Voormalig AMK-terrein M12899: Oosteind 48, 50;1
Tweede Maasvlakte;1
Voorschoten van de Hoeven- Sortpark;1
TUSSEN QUADENOORD EN OOSTERENG;1
Boterstraat;1
weg Assen-Rolde, Deurzerdiep;1
Elsetrberg;1
Kerkweg 18;2
DOLDERSTRAAT;1
VLIESLOOT;1
HOOGEBERG;4
BELVEDERE;3
Lingewal;2
Grootslagpolder, Veenakker;1
BENEDEN KERKWEG;1
LANGESTRAAT 18;1
DAMMENOOY;2
STEENWIJK-ZUID;1
ODEON PRAUBSTRAAT;1
ZUIDHIJKERZAND;1
LIJSTERSTRAAT;1
KLEIN HEILIGLAND 49;1
TEN NOORDEN VAN HORN;1
AKKER TEN NOORDEN VAN DE WAAL;1
Polder Oudeland van Maasdam en Puttershoek;1
Provincialeweg 74-76;1
KONINGSLUST;2
Vulensbeek;22
"HOLDERBERGSE STRAAT; DE MAAI";1
Lentse Lus, Griftdijk zuid;1
Nijssenstraat;1
MAAIJEGATWEG;1
HEEMSKERKER NOORDBROEKPOLDER (VINDPLAATS 8);1
POELSESTRAAT;1
Pruimendijk, voormalig AMK-terrein 6389;1
SCHUILENBURG;5
J. LIGTHARTSTRAAT;1
MUGGENPLEIN/LINDENSTRAAT;1
ZUIDEINDE WEST 36;1
AREND JAPIES;2
KOLKENWAARD;1
SCHEULDERSTEEG;1
Korte Nobelstraat 21;1
MACHAREN-DORP;1
HUIS TE NISSE;1
KRAAIVENSCHE AKKERS;5
Middelburg;1
VALENDRIES TERREIN E;1
begraafplaats Johanneskerk;1
POLSTRAAT 3;1
"TERBORG; OUDE KERK";1
OVERSLAG;1
Hommerzaad;1
rioolpersleiding Raard-Betterwird;1
MAASTRICHT-AACHEN AIPORT;1
"Burchtweg; Kavel M10";1
LENTHE;4
BURG. LEGROWEG;1
De Helleputten;1
Matsloot Noord;3
HOGE VAART-KAVEL KZ48A;1
NIEHARKEMAHEERD-ZUID;1
ZWARTE WEIJER;2
GR ZWERVEL;1
Noordzijder Polder;1
NOORD KETHELPOLDER;1
DE BRAAK;1
SCHANSBRUG;1
"Uiterdijkenweg; Kavel R14";1
04.037 Burgemeester Verkadesingel 24;1
KLEINE OOSTERWIJCK;1
Prinses Beatrixstraat 35;1
Groene Entree;2
Haarweg / The Dutch Zuidbaan;1
Kamp;2
KOKPANDEN;1
NIERSPARK;1
Holle Drift;1
Ruine Strijen;1
Cafe 't Fuske;1
OLDORP;1
JANSWEG;1
ZUIDWESTERRINGWEG, KAVEL H46;1
NAGELERWEG, KAVEL J77;3
Oude Molenweg 13;1
D30;1
ERVE BINKHORST;1
Kuinderweg Kavel M49;1
Rooseveltweg;1
JOODS KERKHOF;1
KASTEEL OUD-ALKEMADE;1
Unemastate;1
3e Exploitatieweg;1
Klooster Emmaus;1
VLEDDERHUIZEN;2
"Het Oudeland en Indijk; Appellaan, voormalig AMK-terrein";1
WAALSE WEG 6;1
Ballooer Es;1
Woudweg 2;1
SLOOTKANT BINNENZIJDE BEGRAAFPLAATS;1
DORRESTEINSEWEG;1
Plangebied Dorado Beach;1
kasteel;1
VIJFHONDERD-IN-BEOOSTEN-EEDEPOLDER;8
STRANDJE WESTMAAS;1
De Lokkert;1
DE TOMBE;1
Lisdodde;2
Wrangeweg/Abbekinderse Zandweg;1
NOORDZEE EUROGEUL 12 NCP BLOK R3;1
KLEIN TRIERVELD;34
Engelsestraat;3
HARFSENSESTEEG;1
SPOORWEG-JULIANASTRAAT;1
"LIJSTERENG ; AUTOWEG";1
REEWEG;4
Sterckwijk, vindplaats 7;1
KORFBALVELD-DOBBENKAMPEN;1
de bult;1
COOP. CONDENSFABRIEK;1
HARSKAMPER HOEK;1
Nieuwstraat 60-62;1
DORPENWEG;2
STERRESCHANSWEG 59;1
"Creilerpad; Kavel B53";1
MOLLEKOTWEG;1
Broekpolder;2
Hoek Broekgraag en Wadensteinsesteeg te Herwijnen;1
OOSTEREND;26
STROE;10
voormalige brandweerkazerne;1
Boschpoort;1
A2-PAUSBAAN-SITE GELDROP 3-3;1
CERESLAAN;1
EERSTE BOERWIJK-ZUID;1
Steigerwijk;1
STERRESCHANSWEG 71;1
JONGELO;2
HET LOT;1
GELDERSOORD;1
MILLINGSCHE ZAND;1
Ouddijksloot;1
Marina Maasduinen;1
BEUNINGERHOF-ZUID;1
Geul;2
SCHARENBURG;3
VLIEGTUIGWEG, KAVEL J114;1
Zuidbroek;1
"N.H.KERK; HH.COSMAS & DAMIANUS";1
OVERDIJKS VELD;1
KLAAS KLOOSTERWEG 35;1
Kruissloot;1
MANTINGERDIJK;1
Urselinenpark;1
T KLOOSTER TER HUNNEPE;2
SEROOSKERKE;4
Achterdijk 25;1
RIETGREB, ZUIDZIJDE;1
GOUDEN LEEUW;4
HILGELO HUPPEL;1
HAGMOLENBEEK;1
FRANSCHE BERG;1
KLEINE MOES;2
Voormalig Grolschterrein;1
"Voormalig AMK-terrein M10375 / CMA37D-070: Polder Zwartewaal; Meeldijk";1
OOSTERWEG;20
Stuwpand Grave;2
ECHTERSTRAAT;1
SABELPOORT;1
"MUNNIKENHOF; VELDSTRAAT";1
Melderstraat 23;1
FLORAPLEIN;1
Zijdepark;4
KATS;2
BEUNINGER BINNENVELD;1
Hommelink;1
Dijkweg;1
Sint Martinuskerk;1
"ORANJE NASSAUOORD; WAGENINGSE BERG";4
Leo's Oord;1
Westerslag;1
STAVOREN OBJECT 17;1
VICARIUSHOF;2
WOLLINGBOERMARKE;1
Boerhavekwartier;1
BOVEN LEEUWEN - DORP;1
01.110 Kortedijk 46 (boringen);1
POLDERS OVER EN NEDER SLINGELAND;1
KELL;1
Texelstroom I;1
WEST II (UITBREIDINGSPLAN);1
VORMER;1
OUDE TWENTSEWEG;1
BRUG OVER TJONGER;1
"ECKART ; ST. JOZEF DAL";1
Borgweg 15;1
"BOBBENAGELSE BRUG; DOMMEL";1
rijsdijk no. 8;1
KRUITTORENWEG (POLITIEKAZERNE);1
HOFSTAD ZUID;1
WIERINGERMEER;6
DEURZER DIEPJE-RIJKSWEG 33;1
KMA gebouw D;1
Achterdijk-Waalse Wetering, Groeneweg, voormalig AMK-terrein;1
Blaaksedijk 250;2
PATRIJSLAAN;1
Boetzelearstraat;1
Oude Pastorie;2
Tussenlanen 29a;1
"Zuidelijk benedenein; Jacobabrug; voormalig AMK-terrein";1
WILLEM EGGERTSTRAAT-WEESHUISSTEEG;1
NIEUW HOF VAN HOLLAND, voormalig AMK-terrein;1
Loerangelsestraat;1
BURGER WEESHUIS;1
"J. KARELLAAN ; WACHTELBERCHSCHE BRUG";1
KLEIN DUIN;1
de Staaij;1
STEENBANKPAD, KAVEL D50;1
AALKEET BINNEN 036;1
De Prins;1
KABROEKSE AKKER;1
HET BURGE;1
Remigiusstraat-Gerbergastraat;1
't HASELT;2
WOLFERTSDORP;1
VEELERVEEN;6
POLDER NOORD KETHEL 06;1
Haamakkersweg;2
KOOIWEID;1
RAAMLOOP;3
P.J.Jongstraat 174;1
04.021 Hazelaardreef 36 (Holyweg doorsnede);1
ALGEMENE BEGRAAFPLAATS;5
KLOOSTER RAVENSBOSCH;4
Herenweg NH-kerkhof;1
LEUR -DORP;1
VASSER HEIDE;1
Landsherenkwartier;2
S.L. Louwesstraat;1
Diepstraat;1
BIESWEG;4
BEST II;1
Pastoor Verhegenstraat;1
Sint Jansgildenstraat;1
Breeveldpolder, Molenvliet;1
Vlengendaal;4
Raam;1
Pylkwier;1
NOORDZEE NCP BLOK P15 1;1
EENDEKOOI;8
plangebied de Renbaan;1
Uilsloot of Arissloot;1
VISSCHERSHOF;1
OOSTENDERWEG;15
perceel genaamd Mosseltuin;1
STEENLAND;4
Plangebied Juliahof;1
Reijakkers (Beekse Akkers);1
ASSELT;11
VOORTSESTRAAT 2;1
De Hooge Burch;1
MOZARTLAAN;1
TUIN VAN VAN SPRIEL;1
De Vorssel;5
IJSSELMEER WIERINGER VLAAK;1
EITEREN;5
VOORSTER VELD;1
VOORSTSESTRAAT;1
SLOT SCHENGE;1
STAMELBERG;1
Vijverweg;3
Leestenseweg - Rozenhaag;1
BOUWPUT STADSKANTOOR/ADM.PLAATSING;1
MELICKER HEI;1
Arboretum;1
Deimpt;1
SCHREIERSWIJK;2
HUIS TE NIEUWER HOOP;1
DE WITTE HOOFDEN;1
NIERSDAL;3
terp Conia;1
ZICHTENBURG;2
SLINGERWEG, KAVEL OZ31;1
DICHT BIJ MAAS;1
Medelstraat/ de Wilmert;1
ACHTERLOO;3
Rimburgerweg;1
Ringweg, Schaesberg;1
PAMPUSPAD, KAVEL AZ105;1
DE WILHELMINAHOEVE;2
ODOORNERWEG 2;1
STADSWEGSKE;1
MOLENBEEKWEG;1
RAPENBURG 50;1
Scheiding;1
Scheebroeker Loop;2
HEESWEG;1
TUSSEN PAAL 2 EN 3;1
"KASTEREN ; STRATEN";1
SCHANSHOEK ?;1
RIOLERING UTRECHTSESTRAAT;1
Kranenmortel;1
Hogebierenweg 9;1
AMELAND PAAL 19.4;1
WILLIBRORDUSPUT;2
Begijnenhofwal;1
OP HET ZAND;2
KOOIPLAS;1
HOOGVELD VINDPLAATS 2;1
GROTESTRAAT 25;1
GRUTTERSSLOP;1
OOSTKAPELLE;3
WILLINKPLANTSOEN;1
de Elshof;1
FUNDAMENTEN WAARDENBORG;1
WISSINKLAAN 16;1
OOSTERSLUISSLOOT;1
ZWARTE WEG;10
WEPERPOLDER;3
centrum;3
ZUIDBROEK;2
MILITAIR VLIEGVELD MVKV VALKENBURG;1
WEENDERVELD;1
EEMBRUGGE;1
BLOMMENDAAL;1
FABRIEKSSTRAAT-NOORD;1
LOONER DIEP-WEST;1
Huis de Wiers;1
Kampervest, containerlocaties 2 en 3;1
LEENTJERWEG;1
DE HOVEN-OOST;1
"MALDERBURCHT; DE BURCHT";1
DE HEES EERSEL;1
VOSSENWAARD;1
ALADNAWEG;2
Voormalig AMK-terrein M12917: Peperstraat 31;1
BOSCHSTRAAT;2
Bosheide te Swalmen;3
WIERUM;1
10.01 HOLIERHOEKSE POLDER;1
Kavel 134;1
DIRKSLAND;1
KAWOEPERSTEEG;2
LEERMENS;1
OENEMA;1
FORT KIJK IN DE POTSTRAAT;1
SCHOENAKER ZUID;1
DANZIGWEG;1
MOLENVEN;2
GIESE VENNEKES;1
"Westerwijtwerd-Zuidwest; Polder Engeweer";1
HOLZKUILERWEG;1
DE GOUW-MOLENKOLK 1;1
BENDERSCHE HEIDE;1
HOOGBROEKSEWEG;2
Zorgboerderij, de Ploeg;1
Hagar's Hoeve;2
Rhoderterp;9
IJSSELMEER HOFSTEDE;1
VROUWENWEG;1
MEELDERT;1
"VEGHELSEWEG; KRUISEIK";1
KAVEL M88;1
Schotellaan;1
TEN Z. VAN KNGV;1
kasteel Gestel;1
CATELIJNESCHANS;1
ECKART ST JOZEF DAL;1
"BERKENLAAN;HOOGE-VUURSCHEWEG";2
OVEREIND 8, voormalig AMK-terrein;1
Bornerbroek-Epe;1
Fluitenberg-Koeweide/Oude Diep/Oude Kene;1
Den Hoed;1
MUNSE WEG;5
De Wildeman - Vindplaats D;1
TRACE A 73;1
Korte Vijverberg;1
TRAAY, HEUVEL 1, voormalig AMK-terrein;1
DE VLIEGENBERG;4
HOUWSE STRAAT;5
ESPELERDWARSTOCHT, KAVEL D25/D26;1
"BERGLAREN ; DRIBBELHEIDE";2
peizerweering;2
HAAKSBERGSE BINNENWEG/LOO;1
DE HEUVELAKKER;1
BIJRON;1
ENSPIJK;1
ZUIDELIJKE WEG;1
RIJKSWEG 5;1
TRAAY, HEUVEL 7;1
Omlegging N9 bij Damweg;6
WOONWAGENKAMP;3
Grote Markt;6
Verlengde Parkweg;2
Ittervoort;3
HEUVEL IN DE KOLKENWAARD;1
SLINGERWEG, KAVEL OZ39;1
"Kasteel Den Boogaard; Sleutjes Spook";1
ACHTERDIJK 34;1
Bogasterrein;2
BLOKHOEVE, A.C. VERHOEFWEG;1
HET BUNDER/ACHTERSTE SCHRIEAK.;1
WELLERZANDWEG, KAVEL L7/L8;1
Reinunie;1
KLEIN PRUISSEN;2
Stationsgebied;4
Braakpolder;1
SECTIE K;1
Lage Horst III;1
NOORD ES;4
Philisteinse Polder;6
EIJLERSHUIS;1
NABIJ KERK ASSELT;1
BEGIJNHOF;2
"EVERSBERG ; MOLENSTRAATJE";1
MOLENWEG AKKER;1
Sint Sebastiaanstraat;1
Aa-dal;3
Hoofdweg Kerkhoflaan Eelde;1
Willemsplein/Willemsstraat;1
MOLENPLAN;1
ILLIKHOVEN 210;1
Vindplaats 4M_1 (De Windkanter), plangebied Groenendaal;1
Messchenveld II;1
BELLINGWOLDE;7
De Zuidpolder, locatie molen;1
OVER ESCH HOEK;1
Houtmarkt;2
"Elschot; De Houtert";1
HET NEDERHOVEN;1
'T HOOGHUIS;2
Nuland;1
Vleerdamsedijk 15, Rockanje;1
KAMPING VAN SBB;1
Amerongen Groene Entree;1
RENSBERG;1
"KLEINE GRACHT; M.PASTOORSTRAAT";1
NOORDERARMEN;1
Vliedberg;2
ZUURSCHE DUINEN;1
Huis killestein;1
Slek;1
VOERWEG;4
HOGE RIJNDIJK;3
ELLERTSWEG;1
RATTENTOREN;1
Vispassage Loondermolen;1
GEERLINGSWEG 9;1
HONSHOEF;1
TRAAY, HEUVEL 5, voormalig AMK-terrein;1
HEIDENDAAL;1
Maasvlakte II, 1;1
Klein Berkelaar;1
WOEZIKSESTRAAT;9
HUISWAARD I;1
't Veld;1
Kronehoef;1
Zuid esweg;1
MOLEN;1
NORGERHOLT 2;1
AMBTSPERK II;1
dr. batenburglaan;1
WANNESTRAAT;1
DUYVENDIJKE;6
Brandevoort - Hazenwinkel;1
TERP STAPERT;1
PRINSES BEATRIXLAAN;2
Mozartstraat 1-15 en St. Maartenstraat 30;1
"DE PARK; MARKSTRAAT";1
RAAMVEST;1
ST GOARKAPEL;1
CORNELISSENWERF;3
WAALWEG;4
Busserdijk;1
"Schoonberg; Hooibrug";1
Son en Breugel;1
WITTE PAAL ZUID-OOST;2
HALVENDIJK, KALDENDIJK;2
HAIN;1
STEENWIJKERKAMP;3
Waleweg;1
BRIKPAD, KAVEL AZ87;1
Deurne-Groot Bottelsche Akker;1
FRANCISKANER KLOOSTER;1
POLDER SPIJK;1
AMBY HEUKELSTRAAT;1
Kamervoort;2
"BROEKSTRAAT; PANDERMAN";1
ABRAM;2
Habraken;5
NIJE GRAAF;4
NIEUWE BAAN;1
NIEUWBOUWWIJK SCHUILINGEN;1
PEELOERESCH-OOST;1
ESDOORNSTRAAT 6;1
Husenhoff;1
HOOGEIND;4
ZEEASTERWEG, KAVEL S19;1
HEECKEREN;1
DROUWENERZAND;4
Kooizandweg;1
vindplaats 50;1
DEN AALSHORST;1
BURGEMEESTER WALLERWEG, TIELLANDT;1
Voormalig AMK-terrein M13226 / CMA38D-A02: Binnendamseweg;1
DOELENSTRAAT;2
'T EESERVELD;2
BIJ HUIS MARQUETTE;1
Voormalig AMK-terrein M9471 / CMA37E-080: Vogelzang;1
THERESIAHOEVE;2
de Tuin;1
MAASDIJK;3
Overschiese Kleiweg;1
"Linge Hamsche Bouwing; Kapel-Avezaath 2";1
WEITKANT;1
Pilmus;1
SCHAAPWEIMOLEN;1
REUTHSE LOOP;1
Rijksstraatweg 99, Hollandsche Wetering;1
Westmeep 5;1
Opperduit 328-330;1
Kleine Laak;1
HET HEIKE;2
Ten zuiden van de Hoflaan te Groesbeek;1
KLOOSTER;12
Vindplaats VII;1
SPIJKSCHE VELD;1
De Esrand;1
MARLE;1
Oud Kerkhof;2
Kuiperstraat 9-13;1
DE VINKENBUURT;1
OUDE OOSTDIJK;2
HARINGHUIZERWEG;4
NEUZENDIJK;1
ZEVEN LINDENWEG;2
DOOVE LEEMKUIL;1
Westerblokker;1
KLEINE HOUTSTRAAT ?;1
OOSTERZIJWEG;4
DE POLDER;2
LANGE HOOFD;1
Stekelenburg;1
perceel L 5;1
Oldersumerweg;1
KAMPENESCH;1
VLAARDINGSE SCHOUW 02;1
DIEVER ZAND - HAARWEG;1
Limbrichterstraat;2
WESTERSCHE LAGE-LANDEN;3
RAMSDIJK, KAVEL E171;5
NIJLANDSE WEG-ZUID;2
HANSSENBERG;2
Plein 7;1
GRAAFSEWEG/OOSTERWEG;1
Joghtlaan;1
BOERTANGE;1
Molendijk 5 te Zuna;1
Leuvensche Beek;1
BOESLAAN;1
"ELZENBURG ; MAASKADE";1
SINT ANNENSTRAAT 12 /ZWARTLAKENSTEEG;1
MOLENAKKERDREEF;1
Beatrixplein;1
Hoek Ruitersmolenweg en Stichtingsweg te Beekbergen;1
Tolhuijs;1
WOUDENBERG, voormalig AMK-terrein;3
BIJ DE OUDE MOLEN;2
Herenengstraat;2
Nieuwlandse hoeve;1
"Baarstraat; Heerbaan";1
kalverhemsheugt;1
Waardstraat (Diddens & van Asten);1
ENGBERGEN I;1
HAMBROEKEN;3
Neelstraat 16;1
Maarnse Grindweg;2
Nol in 't Bosch;1
BARGERHOF;4
Theater De Franse School;1
De Klomp;1
ROODEN MORS;1
POLDER DE HOON;1
KLEINGRAVERSTRAAT;3
DREWERDERHOF;3
De Hoge Woerd;1
OVEREIND;4
Reuveld;1
DE KREEK;1
Stevenshof;1
Prins Bernardstraat;1
HEKKENS;1
Keizergracht 355;1
"Droststeeg; Eijckelenburg (camping), voormalig AMK-terrein";1
Raadhuisstraat te Voorburg;1
PLANT.WILLEM III;1
HALERWEG-ZUID;1
Zomerdijk;1
KAVEL O57;1
Lage Heide;1
"Muntstraat ; Molenstraat";1
DE ZANDHUT-PAALHOEVEWEG 16;1
"Colijnweg; Kavel L89";1
WIJNKELDERWEG;1
Ter Hofstede - De Kaai;1
KOMPAGNIEBERG;1
Natte Horizon;1
Oosterhout;1
"GEERSTRAAT; GELEENSTRAAT";1
Bos van Dommer;1
NEUSHOORNTOCHT, KAVEL Q83;1
Wouwseweg 120;1
01.102 Havenstraat Galeiwerf;1
Dorpsstraat 6;2
Hezelstraat 57/59;1
's Gravenweg 21;1
VERLENGDE IRENESTRAAT;1
VOSSEVEEN/ZEVENHUISTERWEG-ZUID;1
Heukelstraat 15-17;1
Dorpsstraat 82;1
HEMMEN - DORP;1
BEUSICHEMSE BROEKSTEEG;2
Ellenhof, Scheijmansplein;1
Op de heuvel;1
KAUTERSTRAAT 11;1
Kloosterweg, Karthuizenstraat;1
Noordzijdeschans;1
DE BREI;1
N.H. kerk / St. Maartenstraat;1
ZOUTELANDE-STRAND;1
RONDENBOSCH;4
SIJDJESBERG;1
Reitdiepdijk;1
KOEWEIDEN;1
TIGGELKOEL;1
"SPEULDERBOSCH; SPRIELDERWEG";4
Kloetingseweg;1
AKKERS VAN MARS;1
HOOG ESSEN;2
zorgcentrum `De Holdert;1
Ringlaan;1
VUILWAMMESERWEG;1
REDEWEG, KAVEL P57;1
HEESWIJK HAVENLAAN;1
BIDDINGWEG, KAVEL K16;1
DE HOLTBOSCH;1
veld/akker;2
WISSINKWEG;1
Voormalig AMK-terrein M12892: Westeind 26;1
BOUKOSER BROEK;3
HAGERSHOF;1
begraafplaats;5
GELE BEEK;1
Wanroijse Broek;1
Nullen;2
PUTTERWEG T O KERK;2
"Kadoelenweg; Kavel T100";1
Zevendal;1
LAAN HOFRUST 4;1
"NEDEREINDSESTRAAT ; VILLA MARIA";3
DE KESSELSCHE WAARDEN;6
BIJ KASTEELTUINE SCHAESBERG;1
Turnhoutse Weg;1
Kepselweg;1
DERDE BARENDRECHTSE WEG;1
Terschelling Paal 27, 1;1
Woongebied Vroonakker III;2
DONIAWIER-ZUID;1
"BREESTRAAT ; NMB-BANK";1
STOBBENWEG;1
lipomwijk (schansweg);1
HOOGEVEENSEWEG-OOST;1
MINISTER CREMERSTRAAT-NOORD;1
Nooitgedagt;1
TUINEN PALEIS HET LOO;1
De Tieflaar;1
op t' torentje;1
LOOSTRAAT;4
Binnenweg 9;1
INDOORNIKSCHE TOCHTSLOOT;4
Basisschool het Schrijverke Engelengat;1
DOMPLEIN EN VOETIUSSTRAAT;1
Houtsberg;1
AKKERMOLEN HEUMEN;1
HOOGLANDSE KERK;1
DEURZERBROEK/AMERDIEP;1
KASTEEL OIJEN;1
GAAL;8
BAKENESSERGRACHT HOEK DONKERE SPAARNE;1
NOORDZEE DEURLOO 4 NCP BLOK S7;1
OVERASSELTSE UITERWAARD;1
ZUIERWOID;3
BARMHARTIGE SAMARITAAN;1
Paterserf;1
Bommelweg;1
Noordzee NCP Blok L14 2;1
Anlooer Diepje, kerk van Anloo;2
FOXEL;1
Oost-Duivesteyn;1
16.98 AALKEET BUITENPOLDER;1
NOORDZEE DEURLOO 3 NCP S11;1
Langestraat/Skredyk;1
GENNEPER HUIS;1
OP GEN HOES;1
"BORGWEG; 'T HOUKJE";1
KLEINE VECHT;1
"Het Broek; Tussenrijtstraat";3
Hoogstraat 10;2
VEERHOEKPOLDER;3
Heerenstraat;1
HUNEBED D37A;1
Voormalig AMK-terrein M10406 / CMA37G-037: Landstraatkwartier;1
OP DE PUT;2
NOORDZEE NCP BLOK P8 01;1
VLIEGTUIGWEG, KAVEL J117;1
LANDSAARD;1
BRUMMELS;1
Zomerbedverdieping stuwpanden Sambeek;1
Geurdenstraat 1/Hoven 23a;1
NOORDSE VELD 4;1
kavel E115;1
Hollandse Kade - Stationsgebied;2
"RAZEND ZWIN; OUDE VEER";2
Koerheuvel;6
ALDE DYK;1
"TEGENOVER HOFSTEDE ""DE OUDE STEE""";1
BAKENESSERGRACHT  (OOK KROM);1
VOORMALIGE BAKKERIJ RODINK;1
OUDE NEST;1
Geysterenderheide;3
Voort;1
RATTOMMERVELD;2
"ST.LAMBERTUSKAPEL; OZANDBERGEN";1
CUPERSWEI;1
GROOT HUISVEN;1
DE WITTEKAMP;1
Vlissingsestraat 9-11;1
BEUNINGERSTRAAT;4
GRAVENBOL;1
Goddeloze Singel;2
Grote Kiekenbelt;1
HEIBLOMKE;2
MOOIE NEL;1
ZUIDERHOOFDSTRAAT 71;1
DOETINCHEMSEWEG;1
Doornhoek;3
CUIJPERSBOSJE;1
EENER VELD 4;1
Maas;3
MEERWEG-KLEINMEERZWIN;1
Groot Palma;2
DEVELSLUIS;1
Geijsterseweg 19b;2
HEEMSTEDERWEG;2
'T SCHROOTJE (VINDPLAATS 40);1
BIJLTJE;2
DIEDEN-GEERTJESWEG;1
KROMME ELLEBOOGWEG;1
Zanderij Westerbaan;2
AMERBRUG;1
Hollestraat-Breden Ars;1
STROOTSWEG;1
Gennep;1
BOVENHAARWEG, voormalig AMK terrein 14760;1
Zijlsterweg 4;1
"HET VAANTJE; DOMMEL; TOLHUIS; VEERHUIS";1
Oudekerkseweg 84-88;1
KONINGSKAMP;1
BROEKHEUVELSTRAAT;1
MOLENHEIDE;7
MOEDERSLAAN;1
HUIS TE SPIJK;1
Riviervismarkt;1
HAATLAND;1
KNEUTERKENS;1
LANGSWANS VEEN;1
WECHTERHOLT;1
WALSBERG;5
DE VRIES;1
GROOTE WOLDWEG 65;1
FABRIEK STORK;2
Polder Rijsoord;2
KOOTWIJKERWEG;2
KURTJESBOS;1
LATTROP;2
HABRAKEN;5
Vathorst III;1
POLDER OVER OUDELAND;1
Park Lingezegen;1
ZUILICHEM;1
DE HOFSTEDE, DE MUSSENHOEK, PANOVEN;1
Dansersweg;1
Diessen, Molenstraat;1
MOLENWAL;1
MARSKEPOLDER;3
Het Hoogveld;2
GADULASTRAAT;1
DE ENG;14
Harseveld;1
GROOTE INGH;1
Helvoirtseweg;1
ERVE OLMINKHOF;3
Hobertsveld;32
HARDEWIJKERWEG;1
Sportpark Rijnhuizen, Voormalig AMK-terrein;1
OOSTERDIJK-DE TENT-TUMULUS I;1
GOUWE (VINDPLAATS 46);1
DE BOUWHOF;1
HEESBREDEWEG;1
Sandee;1
Kerkhoven;1
Eemnes;1
URKERWEG, KAVEL D134 (VOORHEEN D91);2
Kauterstraat 11;1
voormalige terp naast de ijsbaan;3
VACANTIEOORD GINKELDUIN;1
Randwijck;1
JP Coenstraat en Leidseweg (parallel);1
REDEWEG, KAVEL P33;16
Mendert fase 4-9;1
Schottersweg;1
Aan Generk;1
Oude Koningsstraat;1
SCHOOLSTRAAT 15;1
ACHTERSTE VEEN 1 - NOORD;1
ONZE LIEVE VROUWE OP ZEE;1
LOOERENK;10
KLEIN BERGERWEG;1
VROUWENHEIDE;1
LANGE VOORT;1
RIJNENBURG;3
GROOT WALTA;1
Middelwatering Commandeurspolder;1
BALLOERESCH;2
Kolhoopsdijk;2
Op de Hoeve;1
"2E-West; Wijk13";1
WAARDTOCHT / ULKEWEG;2
DE VRIENDENKRING;1
TOREN VOORM. KERSPELKERK;1
BODENPAD-NOORD;1
Tellersweg;1
Hoge Meet, Stelleweg;2
WESTERVELD-SCHAAPSTREEK;1
TUSSEN 2DE EN 3DE TOCHT;1
Vredenoord;2
Keizers- en Stobbenwaard;1
AUTENASE DONK;1
HOGE WIJST;1
HANEVOET;2
Blekerseiland;1
ORVELTERSTRAAT;2
"KAPELWEG; LAGE KANAALDIJK";1
Voorstraat 12;1
Brandweerlocatie, Nieuwehaven 45;1
HAVIKERWAARD;1
Zelhemse Enk / Provinciale weg vindplaats 5;1
Ameland Paal 7/8;1
DREESSEN CAMPKEN;1
OP DE BELT;8
Moerenburg;3
Appelbergen;2
GRAUWZUSTERSKLOOSTER;1
Meerstraat 9;1
HENDRIK MOUWENVELD;1
Burgzand Noord 8;1
STEENBERG;10
Herstraat (Terrein A);1
HIVA Terrein;1
DRES;2
BUURTSCHE BERG;1
Hoendiep 151;1
Oud Buggenum;1
HOUTRIBSLUIZEN;1
"WIESELSCHE BOS ; WIESELSE WEG";4
SWIER WIJNANDSRADE;1
Kerkwijk en Randweg-Zuid;1
HANENBURG;1
"Kerkeveld; Wesselinusstraat";1
OUDE POLDER VAN ST.-PHILIPSLAND;3
ANEGANG 39 HK LANGE VEERSTRAAT (MARANKA);1
HARSKAMPSE WEG;2
"Ketelweg; Kavel N6-II";1
ANGELSE LANDEN;1
Krooiweg hoek Deilsedijk: Palmesteyn;1
DE HAZELDONK;1
DE LILLEN;1
EWIJK;2
Rondweg Aardenburg, nabij Smededekensbrugge;1
Schouw;1
Broekhem: hoek Cremerstraat/Spoorlijn;1
Damlander Polder;2
BULLENAARSHOEK;2
Garenmarkt;3
Overeys;1
Statendam;1
Leemkuilen;1
Voormalig AMK-terrein M13371 / CMA28A-A05: Hotteveen;1
Tiel  Medel Krommewei (vindplaats 9R1);1
FOPPENPOLDER 09;1
KWINTELOYEN;3
STAPHORST;2
ROESTERBERG;1
AMBY ZUID-OOST;15
Billich;1
Breeveld;1
HET VEER;1
Jan Bestevaerstraat 60;1
RANGEERTERREIN STAATSMIJN WILHELMINA;1
NH KERK ST JOHANNES DE DOPER;1
MANDELANDEN;3
KROKKEWEG 6;1
Voormalig AMK-terrein M13529 / CMA28F-A18: Streuweg;1
Waardsedijk, Cromwijck;1
Baarderbuorren;1
Wolbroeken;1
HUNSEL;1
Steenakkerweg/Limbrichterbos;1
"LEUSDERHEIDE ; HOLLEGAT";4
TOUWLAAN;2
GILDESTRAAT;1
ENKHUIZERZAND 2;1
ZIJLSTERRAK;1
LUTTEN;1
16.77 AALKEET BUITENPOLDER;1
DRONGELSEDIJK;1
KERKMEERTJE;1
Mortiere, vindplaats 18;1
"KAVEL P34; MIDDELBUURT, ZUIDERT";1
DE ROOTH;1
BIJ HEIDEHOEVE;1
OOSTERDALFSERSTEEG;1
Beek en Bos VP9;1
OOSTERLAND 6;1
TOLDIJK;1
KETELWEG, KAVEL N11;1
KEIENWEG / KLEIN POL;1
OUD-EMPEL;4
KAROLINGISCHE BURG;3
"ERFPRINSBASTION; ACHT-ZALIGHEDEN";1
HET MALSELAND;2
MERSKEN;1
Landgoed Stameren;1
HAELEN;1
RUIGE WEID;1
dijk De Haai bij Grashaven;1
"Kapelaan Kockstraat 3; Welberg";1
ORANJEKANAAL NZ 27;1
BROERSTR.;4
Arkemheemse Polder;1
De Plantage;1
2E KAMP BOVEN DE WETERING;1
Asselt;1
NOORDZEE NCP BLOK L16;1
ZUIDERLOO;13
RETSEL;1
Maassdijk 143;1
WESTFRISIAWEG HOEK MARKERWAARDWEG;1
"Kobbelweg; Scheensloot";1
Dorpsstraat 471;1
GROTE HOUTSTRAAT 25 (ACHTERTERREIN);1
POLDER NEERVELD;1
Smakkelaarsveld;1
Groot Horsel;1
'T AKKERTJE;1
EKKELBOSCH;2
Liemendijk;1
Tissingh;2
HOGESTEEG;1
WEZUPERESCH;1
"SCHAIJKSEWEG ; BERGHEMSEWEG";1
MARSSTRAAT/'T SCHOL;1
ONLAND OVERVAART 2;1
BELSLIJNTJE;1
SPORTPARK NOORD;1
BERKTWEG;1
Berkelaar;11
OLDENGAERDE;1
LANGE ZELKE;1
Torenstraat 8;1
(BINNENSTAD);1
TJUMMARUMER MIEDPOLDER;1
Musselweg;2
Oostkapelseweg 8;1
deelgebied Bleumerweg;1
KASTEEL ACHTER DALEM;1
"Noordermeerweg; Kavel B6";1
Overboslaan 2;1
't Haal;6
Plangebied Hoolstraat;1
Engelschhoek 1;1
WELL;1
THOLENSCHE GAT;1
Noordzee Blok S05 Schouwenbank 01;1
Kerkstraat 48;1
EMMASINGEL;2
VOLHARDING;2
Zuiderplein;1
EMMERHOUTSTRAAT;1
OCKENBURGH;1
Kenwerd;1
Trace Everdingen;1
Z.O van de Reeberg;1
PRATTENBURG (TEN W. VAN );1
LUTTEKESTRAAT;1
Spui 237;1
MOLENMIELAND;2
Lobberdense Waard;2
TEN NOORDEN VAN KERK;1
AAGTDORP;2
"NOORDERHEIDE; FLESJESBERG";1
Achter de Vismarkt 88-90;1
"Zwijnsweg; Kavel Q70";1
HOZENSTRAAT;1
LOMM;77
Niers 3;1
KILDER;1
Sprundel- Vissenbergh II;1
Schans de Groote Warande of Spinolaschans;1
KONIJNENLAAN;1
HILLIGENSTEEN;1
Vaals;1
Brandweerkazerne;1
BREEVENEN;2
MONTFORT I;1
CAMPING;3
DE ELSTEN;1
GROEVENBEEKSE HEIDE;34
Maarsbergse Weg, Voormalig AMK-terrein;1
Wierde Wierum;3
OOST DOESBURGER HEIDE;1
Westhof fase II;1
Stationstraat 42;1
OUDE SCHOOLSTERWEG 15;1
BUINERHOLT;1
Rooise Zoom;2
CERESWEG;1
Duijvendijkse Weg;2
HOFSTEDE-WEST;1
ELDEN;1
TONCKENSBOS 33;1
Geestdorp;1
BOSSTIK;2
Westerse Bos;1
VERLENGDE KERKSTRAAT;2
Op het Vosselt;1
DE HILTE;4
vismarkt;1
"Voormalig AMK-terrein: Centrum; Asylplein; Maerlandse of Pieterskerk";1
NOORDZEE NCP BLOK L14 1;1
STUKJES 3;1
BENZENRADE;2
"OUDE KERKHOF; HOF TE LIESHOUT";1
ZEVENBERGJES;7
DE KLEIN LAAR;6
Scheidingsweg;1
Caetshage;4
Distelheuvel-Sesseling;1
"Espelerweg; Kavel C59";1
HEIJTMORGEN;1
DE SPINBAAN;1
16.100 AALKEET BUITENPOLDER;1
"Heerse Heide; voormalig AMK-terrein";1
01.007 Schoolstaat (1991);1
WEERDESTEIJN;1
HOUTERD;1
OUDE VLASMARKT;1
Gein-Zuid;1
PONTE;1
EMMERVELD-OOSTINGINSTITUUT;2
Beekdal de Swalm Bosberg;1
"HSL-cluster 1; Westrik";1
BOVENKERKSEWEG/KOOIWEG;1
DRIEHUIZERWEG 232;1
"KLOOTSKAMP; LUTTERWEG";1
Nieuweweg;2
HOPWEG. KAVEL L79;1
KRAKELINGEWEG;1
TEN N.O. VAN DE DRIESE BERG;1
De Vest;1
Vierde Kwadrant;1
DELWIJNSE STRAAT;1
D53-HAVELTE WEST;1
KERKSTRAAT 25;1
PARK ROSENBURGH;1
VOORBEEMD;2
(BEEGDERWEG);1
"MOLEN DE DOG ; DE KOOG";1
APEDIJK/LUBBERSKAMP;1
"Wrakkenpad; Kavel B47; Wraknr. 4";1
SMALRIEMSE;1
ZEESE;1
WESTERDIJK;1
ZEVENVIERENDEEL;2
SCHEVENINGEN PAAL 99;1
HAART;1
BALLOOERVELD-ZUIDLAARDERWEG;1
AAN HET SCHOOLBROEK;1
Putsteeg;4
NOORD SLEENERVELD;1
"VEERKAMPEN ; CROY";6
SCHELFHORST;1
MOTTEKUIL;1
"Wieselsche Bos-NO; Wieselse weg";1
Stuwpand Sambeek 57;1
Spitsbrug;9
OUDE KERKHOFSLANDEN;1
Valtherbos;1
't Hofje;1
"MIJDRECHT-CENTRUM ; DORPSSTRAAT";1
HET SLOT;6
HEERWEG;2
ABDIJKERK;2
ROZE VELD;1
NOORDZEE NCP BLOK Q2 ZUIDERHAAKS 2;1
Cadettenkamp;1
DEN DOLDER;1
PICARDTHOEVE;1
BOSCH HENGEVELD;1
HIJKERVELD 20-23;1
DE HULST;4
Heeghstraat 35;1
SPOORWEGOVERGANG WESTERWEG;1
HANGMEER;3
Kasteelgracht Hernen;1
WEEM;1
ASSCHATTERWEG-SNORRENHOEF;1
HAKVOORTSEWEG 17;1
BLANKENVOORT 2;2
BINNENSTAD;1
GALGEVEN;7
KEEKES LAND;1
NIEUW ANNENDAALSE BOS;1
Wal 2;1
HOUTHUIZERHEIDE;1
KLEIN WELSDEN;1
"Mildert, Wellenstein; Van de Broekweg";1
Vindplaats 2, deelgebied 6;1
LINNERVELD;3
Stroesche Bergen;1
HEEMSKERKER ZUIDBROEK;1
ZUYLESTEIN;4
Oostzijde 436;1
SCHOKLAND, KAVEL P14;2
Lange Nieuwstraat 38;1
Spinakker;1
Kleine Varne;1
Heusden - Koekoeklaan;1
KAVEL K9;1
MARIENKAMP;1
Fazantplein;1
Voormalig AMK-terrein M13259 / CMA38G-A13;1
"Locatie 3 ""Maassen""";1
sportpark verhoven;1
PLETTENBURG;2
Oud Wulfseweg;3
Salverderweg 63;1
WELSCHAP;3
Buurt 3, no.7;1
'T ZAND-SITE G;1
Julianastraat 54-56;1
DE GALGENHAAR;1
OUDE LUINE;1
Korenbloemstraat;2
"Schellach; Oude Veerse Weg";1
BARENDRECHTSEWEG;1
PIET MUIZELAARSTRAAT;1
Vliegbasis Soesterberg/Verlengde Paltzerweg;1
KEIZERBOSCH;1
"""grafheuvel"" Piushof";1
ERVE REESINK/BORGWEG;1
GROTE MARKT 2 (STADH. KELDER GRAVENZAAL);1
Grottotocht;1
MULDERWEGSKE;1
WIELHOVEN;1
Hooghuizen;1
OUDE PASTORIE/GROTESTRAAT;1
KWELWEGDAM;1
Kuurpark;1
MAASOEVER;2
Galgenberg;4
VEELUST;4
HEUVELSTRAAT;1
Stiphout, Oude Toren;1
Burgzand Noord 17;1
Hoeveneind 70 (T);1
VOORMALIG ARSENAAL;1
Houtmarkt 56-58;1
ACHTER DE STRENGEN-NW;1
ENGELS BROEK;1
ELSAKKERS;1
RODE WEESHUISSTRAAT 9;1
OCKENBURG KAMPEERTERREIN;2
MALIJKSE PAD;1
DE GUN;1
ELSERSTRAATWEG;1
DE TOL;5
VARKENSKAVEL;2
ZOERTE;1
"Wisentweg; Kavel K83";1
DE GRIFT;8
Driebergsestraatweg 11;1
KERK-GOUWTJE;1
11.KASTEEL DE BROEKHOF;1
Spuistraat;1
metro trace;1
Beijumerweg 19;1
EIERLAND;6
Pannerdens kanaal 1;1
VLIEGTUIGWEG, KAVEL O27;1
ASSENDELVER POLDERS-SITE S;1
Heumenseweg, Landgoed Hoogendonk;1
Nuisveen II/ Aan de Strengen;1
"HET LEESTEN; LEESTERHEI";1
Houtse akkers;1
Raaieind;13
HUIS DEN DOORN;1
De Schans (Limes);1
Ameidewal;2
SCHELEBERG;1
NABIJ ABDIJ LIBBOSCH;1
St. Jansberg;1
Konneweg;1
Vegetasscheweg (N321);1
Bremberg;5
JODENBERG;2
BROUWERSAKKER;2
MIDDELBROEKWEG (66-68a);1
Cronenburg;1
Peelstraat;1
N.H. KERK (VM. ST. MAARTENSKERK);1
VLIEGTUIGWEG, KAVEL J112/J113;1
DELFTSE SCHIE;1
"STREEKZIEKENHUIS; DE DEL; EDERWEG";1
WEKEROM;1
Schuitvaart;1
SCHANDELOSCHE BROEK;1
TUSSEN PONGEWEG EN ZWARTE WEG;1
OOSTERHOUT;3
Paddepoelsterweg 9;1
"OELOVEN; PUTSTRAAT 8";1
DE HEEM;1
Koppeling/De Schaft;2
Zijdebalen;1
Plangebied Vierde Bergboezem, locatie Buitendijks Slangwijk;1
HELMOND;4
TONGERENSCHE BERG;1
HET KUILTJE / OP HET VELDJE;1
LETTELBERT;1
ADAM VAN DELENSTRAAT;1
Jagerslaan;1
ZWOLSE WEG;1
DRENTSCHE PUNT;1
RIJSBRUGGERWEG;3
Hoeve aan de Oetelaar;1
Onderduikersweg 39;1
VOORMALIG BREMBOSJE EMMERVELD;1
CERMESTEIN;1
Oosterblokker 99;1
Hennesprong, Overdam, Rietdijk;1
Dartheide;3
Rhijnvliet;1
OUD EMMELOORDERWEG, KAVEL P6;2
Quabeeksgrub-Maar;1
DE HOOGWERF;3
Wittebrug garage;1
HOOFDSTRAAT 144;1
ZUIDWESTERRINGWEG, KAVEL H45;2
Kwadijkerweg;1
Korteraarseweg;1
DER BOEDE;1
TEXELSTROOM 12;1
BIEZENKUILEN;2
VERDRONKEN LAND VAN SAEFTINGE;1
PURMEREND-WEST 19;1
"DE KWEL; OP-ANDELSE STEEG";1
SLOT RAMPENBOSCH;1
OMGEVING HUYGENSSTRAAT;1
DE HOEK;4
kasteel den Elsbosch;1
Oude Postweg;1
Karrewiel;1
OUDE OOSTDIJKPOLDER;3
Kolkhoeve;1
GEMEENTEHUIS, SCHOUDERMANTEL;1
Provenierssteeg;1
STERKENBERG;2
Dorpenweg 39;1
TUNGELROIJSE BEEK;1
HOF;3
Noordes;1
KAVEL Y82;1
OVERDIEMERWEG T/O NR. 2;1
HEERENWAARD;2
BALANS 17;1
AFWATERINGSKANAAL;1
KELFKENSBOS;2
BIJZELSKIL;1
DE PLATLUIS;1
Steenenis;1
ZWIEPSEWEG;1
Herstraat (perceel 02);2
N-236 tussen Wijdemeren en Hilversum;1
De Woerd;5
SEKMEER;1
Biggekerksestraat;3
WATEREGGE;1
Masiusplein;1
ERVE KRAESGENBERG;1
"COLLSCHE HEIDE ; GULBERGSVEN";1
NIEUWE RIETGREPPOLDER;1
HET SLOTJE;2
Koeweg;3
LEEMHORN;2
ABCOVEN;1
WEVERSHOOF;1
BOORDZONE;3
WIJNAKKER;5
Overstek;1
HET OUDE HOF;1
Den Aard-Vessem;3
DONGELSDIJK;2
NOORDELIJKE RANDWEG;1
"KANUNNIK VAN NUIJSSTRAAT; SCHINVELD III";1
"Groeneweg; Kiewegracht";1
TURMAC;1
BUINER VELD;1
DE RIJSDAM;1
Paardenstraat 2;1
HOUTENSE WETERING 1, voormalig AMK-terrein;1
TGO WATERLAND;1
Nunsterweg;1
VLISSINGSESTRAAT 7;1
Bergerden-Geraniumweg;1
AFSLAG RIJKSWEG A1;2
HET WOLD;1
HOOGEBOSCH;1
Kerkverreweide;1
"POSTWEG; TOVERBERG; MARTHABERG";2
VASSE/HEZINGEN;1
WAGENINGSE LAAN;3
Voormalig AMK-terrein M10407 / CMA37G-038: Westhavenkade;1
Kwartellaan zuid;2
RONDESTRAAT;1
EIGENBLOK WEST;1
KATERBOSCH;3
DE MEIBERG;1
Rotsestraat;5
LOOHOF;2
Langhaag;1
Taxhof;1
De Ginkel/Ginkelse heide;1
RIETKOLK;25
SMITSVEEN;5
ACHTERAMBACHTSE WEG;1
Spoekeleantsje (Spokenlaantje);1
DE AALDERT;1
HEZINGER ES;1
OMTADABURGH;1
ERVE DE AUST;1
Akker;3
PIETERSBIERUM;1
kinkhoven;1
ZWARTE PAD - NZH;1
UGCHELES ENK;1
PROV WEG T16 L;1
ESCHARENSE VELD;5
Haagsestraat 13-23;1
SCHERPENZEELSEWEG N.;1
Erve de Garver;1
Zwarte haan 01;1
STRIJBEEKSE HEIDE;1
NIJNSEL;1
Voormalig AMK-terrein M10722: Polder het Munnikenland van Westmaas;1
WAALSTRAAT-TOLHUISWAL;1
VOORSTERALLEE;4
KRUISSTRAAT 33A;1
"Rivierduinweg; Kavel H31";1
DEURZERDIEP-WEST;3
TEN OOSTEN VAN SPEULDERVELD;1
TWEEDE ONTSLUITINGSWEG;1
Langestraat 33;1
OMGEVING VAN DE ZURE MAAT;1
Heide;10
RK KERKHOF;2
BRAAMBERG;10
Tussen de Rasbergen en het Bemelerveld;1
Fort Noordam;1
Baak;1
WATERPOMPSTATION;2
KAVEL K22;1
ZONNEBERG;1
KAMPERSTRAAT 16;1
HOOGHALEN;6
Portengen 103;1
KANONHOF;2
Achterbroekseweg 55;1
Overtocht 24;1
Kanaalweg 8;1
Bathmer Es;3
BEERZE EO;2
MAAS BIJ EMPEL;1
leuken;1
De Muilen;1
Keizerdijk;1
Doctor Nuijensstraat 63;1
Olsthoorn;2
Hutten Noord;1
TRAMKADE-SITE 3.01;1
BUUSSEKOEL;1
SOETERBEEKSEWEG;2
BOUTENSTEIN;2
ELLEMEET;6
Vindplaats 3 Werpsterdyk Haak om Leeuwarden;1
Beerits de verman huys;1
RIJKSWEG 12 UTRECHT-ARNHEM;3
LEGGELOO;1
Andreahoeve;1
Domburgseweg 26/28;1
BIJ BEGRAAFPLAATS;1
"HET ZAND; MUNNIKHOF";1
Heeswijkse brug;1
STEENBERGEN;3
PECKEDAM;1
BRUCHT;8
"Voormalig AMK-terrein M4105 / CMA37D-030: Landpoortstraat; Oude Singel";1
Catshuis;1
Eefdese Brug;1
landgoed kernhem;1
ACHTERSTE VEEN 2 - ZUID;1
LANGEEINDSESTRAAT;1
BEDAFSE BERGEN;2
ERVE HAVINK;1
Plekje;1
De Dijk 76;1
ZANDZOOM-OOST;1
land bij Holwerdervaart;1
Marnixstraat 202;1
STEENMATENWEG;2
Voormalig AMK-terrein M13329 / CMA22D-A12: Knolsdijk;1
Grote Kerkstraat 17-19;1
Noord West Plantsoen 2005;1
polder Rugge, oost van Aelbrechtsweg;1
Huneborg;1
KAVEL O28;2
BENTINCKLAAN, URNENWEG;1
Lage Zoom;2
Dinsdagstraat 25;1
Schoklandstraat/Wieringenstraat;1
JANSSTRAAT 85;1
Schatkuilse weg;1
Oude Molenvoetpad;1
DE LIJNBAAN;1
"DE KALBERGEN; KALIX BERNA";1
Vinkeveen,Herenweg;1
De Eng, plangebied Graafstaete;1
A2-PAUSBAAN;1
MUSEUM ASSELT;1
'T HOFLAND;1
Andreasplein;2
Hingsteveen;1
Noord-Achterweg;1
't Suyt en Nooitgedacht;1
Capelleweg tussen 2a en 2;1
Hoge Wal - Plantsoen;1
NATWEG;1
Van Limburg Strirumkanaal;1
SPRINGENDAAL;4
"Dronterringweg; Kavel L79";1
VOORSTE VEEN;2
BROERENKERK;2
UITHOFSPOLDER;4
Romienendiek;1
WESTERKAMP-ZUID;1
Voormalig monument 9489, 37F-006;1
VROUWENDIJK;1
KOELBROEK-BK/KB/89-1;1
LEEUWENSTRAAT;1
Delleburen (De Hoorn);1
OUD OOTMARSUM;13
Kamp Westerbork villa;1
"Oude Veense Grintweg ; Blauwendraad";1
HUIS BURGEMEESTER;1
Keizerstraat;2
DALEMSTRAAT;1
Beers;1
tracedeel Grijpskerk-Workum;1
BLEYENHOEK;1
Heldamweg (Limes);1
COLONJES;5
Verlengde Blokkenweg 14;1
"Mechelen; voormalig AMK-terrein";1
NIJLANDEN;10
DE LEGT;1
luld;1
Westerstraat  WET1;1
Kasteel Sypesteyn;1
Circumvallatielinie;4
Tinnen Pot 6;1
VIJZELSTRAAT-ITALIAANSE ZEEDIJK;1
Heumense Schans;1
OOSTERHEIDE;1
Kathagen;2
EZUMBUREN I;1
REINTS;1
"HUIS MEEZENBROECK; MEEZENBROEK";1
HESSELINKSES;1
Torenvalk(straat);1
Uitbaggeren grachten;1
Z.O. VAN EYSERBEEK;1
Paardenstraat;1
Zuidesch;2
SCHROEFSTRAAT;5
Varkensmarkt;1
KAUTERSTRAAT 9;1
HOGEBERG;2
KREUKELHOF;1
Noordzee IJgeul NCP Blok P11 3;1
Noordzee NCP Blok M7 2;1
Voormalig AMk-terrein;2
DE KNOL;1
Schoolstraat-Molenweg;2
LANGS DE BAKKERSWIJK;1
plangebied Kruiszwinsloot;1
GRONDEL;9
Munnekens;1
FERWERDER POLDER;1
Poeldijk No Vindplaatsen A en B;1
KLOKBEKERWEG;2
Saltpoort;1
ZUSTERKLOOSTER;7
WIELINGEN 06;1
VENRAYSE BROEK;5
"VINDPLAATS S; HOOIWEG";1
Voormalig AMK-terrein M9142 / CMA28H-A17: Hemmelhorst;1
Hofakker-Wijnstraat;1
GRENSPAAL 150;1
HOMOET;2
MEISCHEVOORT;1
01.123 Hoogstraat 206;1
"BENES; KOOG; DE WITTE HOOFDEN";1
MEELDIJK;1
ZOMERZORGERLAAN, AELBERTSBERG;1
LUYKSCHE STEEG;1
GOUDSE RIJPAD;2
Hofstraat 1;1
A-KERK;2
"DE HEUVELKAMP ; BROEKSEWEG";1
HEESWEG BOETELER ENK;1
INDUSTRIESTR/WILLEM ALEXANDERSTR.;1
NWT- De Mast;1
BUITENBRINKWEG;1
HOORNDERMEDEN;1
HEMMERKOOI;3
Dorpsstraat 13;1
"Noorderringweg; Kavel B97";1
DE TUITHOORN-TUMULUS I EN II;1
KOLKWEG;1
'T HOF;3
Deventer;1
Lange Veen, Gasselterveld;1
"Hoogstraat; Wallen";1
HOUTEMANSWERF;1
GIJBELANDSE DIJK;1
POSTHOORNSTRAAT;1
Boogaart;1
FIEBEL/JANUS;1
SCHINNEN;3
KATSHOEK;1
"Oude Tol; Koerhuis";1
DE ARK;4
WILGPLEIN-OOST;1
KOERHEUVEL-WATERTOREN;1
TJISSEBUREN EEN;1
ZURINGSPEEL;2
Knooppunt Empel-west;1
STOPPELENBERG;1
kasteel Vorstenburg;1
16.49 AALKEET BUITENPOLDER;2
VOORMALIG HOF TE BORCULO;1
Van Boetzelaerstraat;1
Molenweg;26
Hoogstraat 21;1
HOPWEG, KAVEL L66/L67;1
"Heksenberg; Landgraaf; Boebegraaf";1
ZWANEVLOT/HAZEBERG;1
Bosgang, Wilhelminapark;1
OOSTERHOFF;2
't Hof van Waarder, voormalig AMK-terrein 9375;1
"Voormalig AMK-terrein M10456: Middelweg; Lutjeswaardse Molen";1
Bong;5
Huis van Brecht;1
TABAKSLAND 55;1
Heilaren Noord;1
JOPPELAAN;1
Reekstraat;1
AAN DE MAAS NOORD;1
BETHLEHEM;4
Kennemerstraatweg 296;2
Hertespoor;1
Kerkstraat 7;2
Koaterhuizen;2
"BOLLEBERG; BOLLENBERG; DIERGAARDEHOF";1
DE REEK;1
't Rikkelder;10
DE PARK;13
Ontgronding Zeumeren;1
Pascalstraat;1
N.H. KERK (VM. ST. JOHANNES DE DOPERKERK);1
NOORDZEE EUROGEUL 4 NCP BLOK P17;1
KLEINE BEDELAAR;3
Markermeer Etersheim;1
Frederiksstraat;2
EBEN HAEZER;4
KRUISSTRAAT T NWE GRACHT EN RIDDERSTR;1
Plangeboed Olieveld;2
Tilligte west;1
De Cloese;1
Grootschoterweg 38, 44, 46;1
LOOER ENK;1
Torensluis;1
PSYCHIATRISCHE INRICHTING;2
EVENEMENTENTERREIN;1
Ontmoetingsplein Bitswijk;1
'T HOGE HUIS;3
HET ROOTH;1
"WIELSTRAAT; DE OVERLAAT";1
HOOGOORD;1
HET ZEEGERKE;1
"OOLDERGRIEND; MAAS";1
TOLLEBEKERWEG, KAVEL H96/H97;1
Lange Straat;1
KOEBROEKSVELD-LOONERDIEP;1
POL AKKERS AAN DE ELDIJK;1
Westelijke Randweg plangebied 1A;1
Ellerweg;1
Zwaagdijk- Oost;2
Lage Giessen 5;2
MAURITSWEG;3
Diepestraat 1;1
VALOUWE;3
LUTTERWEG;5
NIFTRIK - KERN;1
De Weverij Kerkhof 3;1
BOUWTE;3
Route 1 Accent;1
Hoge Tussenrijten;2
Oosteinde t.p.v. 64-66;2
HENCKENSHAGE;1
NOORDELIJKE WAALOEVER;1
KORTE BEGIJNESTRAAT 25;1
Isendoornstraat 3;1
HOF VAN WESTKAPPEL;1
Maasveldstraat, Roermondseweg;1
VOETAKKER;10
De Kling Bemde;1
"Tarpanweg; Kavel H60";1
GRONT;1
WIJCHEN;5
Houtmarkt 54;1
Dorpsweg 74;1
NIEUWE BRUG A'DAM-RIJNKANAAL;1
De Gamert;1
MEERBOSCH;1
Bogerdweg;1
HOF VAN BUIZE I;1
SCHIEKADE (OOSTABTSPOLDER);1
VARSSEVELDSESTRAAT;1
"Qualienberg; Platte Kapeldijk";1
Oudestraat;4
Lingedijk, 2 tuinen ten oosten van de Kerk van Wadenoijen;1
Hoogenboomsweg 3;1
KANAHOEVE;1
Wilhelminapark Plaspoelpolder vindplaats AHR22;1
Kloosterweg 24;1
"PUTTERBOSCH ; ARNHEMSE KARWEG";1
BEEKSLANDEN-DE TIPPEN;2
KLINKHEI;8
SCHALKWIJKSE WETERING 3;1
Out Herlaer;1
MIDDELBEERS;1
HET VEN;4
Moerbeek;1
Kreekpad;1
TUURDIJK/WESTRENEN HOEVE;1
Lichtmisdijk-Noord;1
SNIJDERSBERG;2
HEUMENSOORD;1
Hoog Strijp;2
KRONRNBERGERHEIDE;2
VENLO-GROOT BOLLER 1;1
WEG NORG-DONDEREN-IDE;1
"ZUIDERHEIDE ; ZEVENBERGJES";3
"ZWEMBAD ""DE HOOGT""";2
HUURNE;5
"RETRAITEHUIS IGNATIUS; MOORHEIDE";1
02.023 hoflaan 27 Buitenplaats;1
OOSTZANERWERF;1
EUVENPAD;1
"Vleetweg; Kavel U112";1
Vrouwe Bosch;1
TWEKKELO GOUDEN TAFEL;1
BARONIAN;1
KOOLSTEEG 12 T/M 24;1
NOS;1
Vinkenstraat 30;1
DE ZANDHORST;5
MARKELO;16
WEESHUISTUIN;1
ALBERICKSTRAAT;1
MARKT 4-5;2
DOMMEL;5
OERLESE BOSSEN;1
STRALINGEN;1
PADJEDIJK 11;1
HOGE 7;3
BOERDERIJ MIDDEN-DAATSELAAR;1
Oranjeweg 100;1
FRIESWIJK;2
HEERSTEEG;5
MAGAZIJN;1
WEG HOOGHALEN-AMEN NOORD;1
KAMPERRIET;9
BIJ HUNEBED D-53;1
"SERIS ; DE BEEMD";1
LEEMWEG;4
Oude Arnhemsekarweg;3
Oude Straat;1
Dominicanenwal;1
Veemarkt;2
OMGEVING ARNHEM;1
17.25 AALKEET BINNENPOLDER;1
EIJKENPEEL;1
KAPEL VAN H.ANTONIUS EN NICOLAUS;1
LEPELARE ZAND;1
Aamsveenweg;1
Vliet Noordzijde;2
LELYSTAD, KAVEL B45;1
SCHREBBELAAR;1
Vlijtsepark;1
"Wisentweg; Kavel K76";1
Voormalig AMK-terrein M13225;1
2E STOK;1
N831;2
"ZANDGROEVE; DOESBURGER HEIDE";1
"Hopweg; Kavel K38";1
Hogendijk;2
Schoenmaker;1
GRONINGERSTRAAT/HUIZE ELSBROEK;1
MARKELERBERG;1
Klooster Stein;1
AMSTERDAMSE VAART;1
Kraaienestweg/ Bos Veere;1
FRIEZENBERG;10
Hunzedal - Achterdiep;1
LEENDERBOSCH;1
Damstraat;1
De Valderse;1
"N.H.KERK; RIJSWIJKSE WAARD; ROTGANS";1
CASTRICUMMER POLDER;12
Huys Herlaar;1
Goorloop;1
OVERKAMPSWEG;1
GRIENE LEANE;1
kerkhof van kerk van Anloo;1
MATSLOOT NOORD 02;1
WAALBANDDIJK;4
NOORDZEE EUROGEUL 16 NCP BLOK R3;1
Noordzijde;1
Lankhorsterstraat;1
LITHERWEG;1
Centrum Beringe;1
Reitscheweg;1
THOMASWAARD;1
TOBIAS ASSERSTR 22;1
BRAAKWEG 11;1
DE SELHORSTVESTE;1
SCHONE HOFSTEDE;3
HOLTENSE ENK;1
Voormalig AMK-terrein M12893: Westeind;1
"vindplaats 5Z_2; Almere Hout Noord";1
ZESDAGWERF VAN GROP;1
BINNENPOLDER VAN SPRANG EN BESOIJEN;1
Sprundelsebaan 60;1
STENHORSTDIJK-NOORD;1
KUNDERBERG;14
BIJL-KOOLZEID;1
LOHENGRINSTRAAT;1
OOSTERLANDSE DIJK / SLEEPSE WEG;1
"Noordweg ; Molenweg";1
Meulekensweg;1
"Hyde Park ; Oude Arnhemse Bovenweg";1
"Zuidelijk benedeneind; benedeneind zuidzijde";1
HOPWEG, KAVEL L79;3
17.21 AALKEET BINNENPOLDER;1
Waterlaat 5;1
Overkampweg-Zuid;2
"'T JACHTHUIS ; WITRIJT";1
DORPSSTRAAT BROEDELET;1
Bleekstraat;1
LAGEVELD;1
DE ALENDONK;1
Elsterberg, Voormalig AMK-terrein;1
RIJKSWEG 19;2
Cuneraweg/Heimersteinselaan;1
HOLTERWEG 57;1
betuws Bedrijvenpark;1
SPITSBERGEN;2
Looistraat;1
Oude Diep, Balktil, Hamrik;1
KERKPAD 8;1
DE SPEES;2
de Hees;1
Nieuwe weg;2
OUD-ZEVENAARDIJK;1
COMMANDERIJ JOHANNITER ORDE;1
"TINNEGIETER; DE OUWEL; KONINGSTRAAT";1
WITTEVEENSWEG;1
"Brink; Fontein";1
DAMREESE SPOOR;2
Bedrijvenpark Medel Bredesteeg;1
Schoofbandweg;1
BEUSICHEMSEWEG-NRD, KNIPHOEK;1
Kanaal;1
KERZELSCHE BEEK;2
Polder Purmerland, voormalig AMK-terrein;2
BOERDERIJ *ARBEID ADELT*;1
Abdaalseweg;1
TWISTVEEN;2
GRASBROEK 2;1
Botermarkt/Tuchthuisstraat;1
Beerkekamp;1
Schotse Hooglanderstraat;1
Bastion Hotel;1
"DE EEKHOORN ; UTRECHTSESTRAATWEG";1
KLOOSTERWIEL;2
VOORMALIG KASTEEL ALTENA;1
SEROOSKERKE DORPSPLEIN;1
Luchtenburgseweg;1
Velderberg/Hankate;2
BEERSTERSTRAAT 17 - NOORD;1
DE MARS;29
HEUVINGER ZAND;1
Lindenstraat 19;1
Lange Polderweg;2
H.C. de Jonghweg;3
NABIJ HET ROODE VELD;1
UITGEESTERBROEKPOLDER 18;1
"'T ZANDT-NOORD; ALBERDA NIJENHEERD";1
Heaburgen West;1
VELDAKKERS 1;1
Odink;1
T GOY;6
De Kindertuin;1
GERTSLANDSDIJKJE;1
MONNIKENWOERD;1
KAVEL M28;1
ZEEWIJK;1
CRAENEBERCH;1
'T VAGEVUUR;1
Parachutistenstraat 2;1
SCHAANGEDENNE-ZUID;1
KROMME VEN;1
GRAFMONUMENT;1
IJSHEUVEL;1
Sperwerstraat / Hartman;1
LEKSTRAAT;1
WELLERZANDWEG, KAVEL L7;1
DE TUITHOORN-TUMULUS II;1
EEXTERKOELE;9
16.45 AALKEET BUITENPOLDER;1
TAFELBERG;5
"St. Annaweg; Horsterweg";1
GRASKUILEN;1
Kleine Houtstraat 70-72;1
Schalkwijkse Wetering, De Posthoorn, Voormalig AMK-terrein 11407;1
Molenakker;3
Karel Doormanstraat;1
HOEVE ABKOVE;1
Peilkadegebied-Elzenweg;1
BROUWERSHAVENSE GAT 1;1
Sint Nicolaasweg;1
Keverdamsepolder;1
ELZENPASJE;1
Vlakte van Ameland 2;1
"KASTEEL DE LAAGT; DE HEUVEL";1
VOORSTRAAT 42;1
Strandwal Heiloo;1
IN DE STEEGSE GRAAF/ DE HOGE WOERD;4
MEIJSCHE VOORT;1
Emergis-terrein;1
Havenweg;1
GRONDELOOZE MEER;1
"ROUWVEN; HET HURKSKE";1
"De Horst ; Molenweg";1
DORP EN OUDE ENG;1
Romeinenweg;1
Revelhorst;2
BONSE WEG;1
SCHOKKERRINGWEG, KAVEL P24;4
Emmerikseweg;1
NOORDZEE NOORDERHAAKS 2 NCP BLOK L17;1
Polder Oud-Piershil;1
KAVEL M74;1
Gracht Martinetsingel;2
Heistraat;6
NOORDZEE NOORD HINDER 1 NCP BLOK R6 (R3);1
SONDERT;1
Larikshof;5
"19.33 OUDE CAMPSPOLDER;OUDE CAMPSWEG";1
DE THIJ;1
Polder Tripscompagnie-Oostkant;1
EIKENVELD;3
01.017 Afrol/Kornelis speelmanstraat;1
BRUNSTINGER BINNENVELD;1
Achterste Holten;2
Maaijkant;1
"Dommelsvoort; vindplaats 8-10";1
EKEHAARDER VELD;1
Benschopperstraat 14-16;1
STAVENISSEPOLDER;3
Zoeksestraat 5a-7;1
TEN WESTEN VAN ACHTMORGENSTRAAT;1
L ABTWOUDSCHE POLDER 04;1
HANEBERGER HEITJE;14
Croy;2
LINDENSE ENK;1
Eeneind-Oost;1
Voorhorst;1
Razernijweg;1
HERTENKAMP;1
WML-terrein;1
"Meiboomkensweg; Steenakker";1
MAAS Empel 02;1
VORRELVEENSE WEG;1
Loon op Zand (NB), Oranjeplein - Kasteelweide;1
"Imstenrade; voormalig AMK-terrein";2
Koningsbosch;2
De Dreef;1
GEDEMPTE OUDE GRACHT 45 (BOERENLEENBANK);1
POLDER HET WESTERDIEP;2
WISSEKERKE;2
ROOSENWERF;1
Gat van Alem;1
HOORNEBOEGSE HEIDE;1
RUITERAKKER;1
Dijkweg/Buren/Westerdijk;1
"Asenray; Dorpsstraat";1
"De Pepert; Peperweg";1
BOLIESTRAAT;2
NOORDHOVE, SLOOTWEG;1
De Held;1
DE HOLLANDER;1
SINT JANSKAPEL;1
Bradfordstraat;1
KORTE HOUTSTRAAT;1
WEESHUISPLEIN;2
GODSWEERDER-SINGEL;1
LAGE LOCHEMSEWEG;1
Anderense weg,;1
ORDERBOSCH;4
TURFSTEEG 2;1
HEESMORTEL;2
Paddenpoel Wasweg;1
Haven 27-29 te Vollenhove;1
TEERSDIJK;1
St. Elisabeth;1
Herperduinen;1
TEN ZUIDEN VAN OLDE PLAK;1
HOGERWOERDSTRAAT;1
Hespelaar;1
KLOOSTER SINT GERLACH;1
Putselaar;1
Brakershof;1
Westeinde 9;1
voormalige terp Sotrum;1
DRIE DORPEN POLDER / BORAL INDUSTRIE;1
GROTE HOUTSTRAAT 116;1
MARSDIJK/SPINTGOORN-ZUIDWEST;1
BOER-OOST;1
BOOM EN VRUCHT;1
POLDER NEDEREIND [ VINDPLAATS 16 ];1
Someren - Acaciaweg;1
Dorpsstraat N237;1
DORPSSTRAAT 99;1
Onze Lievevrouwestraat - Dieserstraat;1
't Voske;1
"Kleine Beerpad; Schutterlaan";1
Haven Nooordzijde 30;1
GASTERSCHE DIEP;1
dorpsstraat 42;1
TOLHUISWEG;1
'T HUIS MEDEL;1
ZUIDERHOOFDSTRAAT 69/81;1
LITH;1
KADIJK 21;1
FOPPENPOLDER 013;1
Queeckhovenplein;1
"NEERVELT ; NEERVELD ; DE HOFSTEDE";1
De Witte Moeren;28
Mellemaweg;1
PLANGEBIED NEERLANDIA/PELGRIM;1
DINA'S HOEVE;2
LUTJEBROEK;1
TWENTHE RIJN KANAAL;1
VEENSCHAPS WIJK;1
PR. MARIANNELAAN NRS. 165, 173 EN 179;1
Rhijenhof;2
HEEMSKERKERWEG;1
KLEUVENVELD/HOLLANDER;1
POSTEL;1
WESTOEVER GRACHT OM KERKHOF;1
Goessestraatweg;1
`t Schuutske(Hobertsveld);1
SCHACHT;3
DAMSLUIS-ZUID;1
op de Coolberg;1
Voormalig AMK-terrein M10359 / CMA37D-054: Aalkeet-Binnenpolder;1
Westkade 114;1
voorheen Mierlo, tussen Stepekolk en Hazenwinkel;1
KAMMERBERG;1
LANGKAMP;1
"DE VEENEN; DE ZEVEN HEUVELTJES";7
BEERSCHE MAAS;1
Feytebuorren;1
Mehr;8
Elzenoord;1
HUINERKAMP , BATO'S WEG;1
Serooskerkse Weg;3
KIEFTESTUKKIE;1
Grote Koppel;1
WESTZEEDIJK/KAAISTRAAT;1
Korteraarseweg 138;1
DUIZEND ROET OF DORPSSTUK;1
ELSHOFWEG 7;1
FRANCISCAHOF;1
Huis Aamschot;1
NIEUWE KERKHOF;1
VORSEL;1
stationsstraat;2
PHARAO'SBOESKEN;1
VENTWEG NAAST A15;1
INDUSTRIETERREIN HEIDE;1
Remigiusstraat;2
ROOSTERBOSCH;4
HUYGENSWEG 8;2
plangebied Zilverackers;1
HET VOSSENHOL;1
"Elandweg; Kavel H101";1
VAN DEN BERGE;1
SPORTPARK MEERDIJK;1
RIETWEG;1
ESPEL;1
UIVERMEERTJE;1
KAMPEREILAND ERF 54;1
GRASWEG;2
Noordbroek-Tripscompagnie;1
Nieuwe Dijk - Landweg;1
DELLEWEG-EEMSHAVENWEG;1
KARELKEWEG;1
WARANDE / PARK;1
DE BELTEN;1
Draaiburgseweg (Aardenburgse Havenpolder-zuid);1
Langere Weg;1
Dierense toren;1
Domburgse Watergang;7
Oostveenscheweg;1
Frankeneng;1
Kanaaldijk noordwest;1
Eewal/Wortelhaven;1
WATEREN-ZUID;2
VALTHERBOSCH-VALTHERBOSPAD;1
Plangebied De Kol;1
"Graetheide; Bergerweg";1
WESTSTRAAT 24;1
BATAUWEG;2
Wisch;1
Korte Voren;1
ZICHTENBURG ZINKWERF;1
Dr. Kuyperkade 26 (zuidvliet I);1
WEERENBROEK;3
GAWIJZEND;1
COLLSCHE HEIDE;2
Retsel;1
Lilbosch;15
MATSLOOT NOORD 04;1
STRIJP;3
FORT WESTOEVER;1
BRAKERSWEG;1
Rijndijk 65b;1
"MOLENPAD ; WEVERSTRAAT";1
"Betterwird; Betterwird-West";1
KANALENEILAND;2
Wijngaardse Steeg;1
DE WEVERIJ;1
MEDEMBLIK 5;1
Knoopkegel;1
Brakel;1
Laat 229-231;1
COEBEL;1
DE HUCHT;4
SLIKKEN VAN MOGGERSHIL;2
Vinkelaar;1
HINDERSTEIN;1
polder Waard-Nieuwland, Stroermolen;1
Vordingstraat;1
STEENPLAETSE;1
HEILOOERZEEWEG;2
GELPENBERG - NOORDOOST;1
SOLSE BERG;2
SCHOKLAND, KAVEL P6;3
It Sud 1;1
GALGEAKKERS;1
Minervum 7217;1
"Bergsham; Hoge Boeschoterweg";1
't Wheme Weidje;1
DE Paal;1
Grote markt 29;1
LAGE VELD;1
MARKT 11;1
KLEIN RIJNWIJK;3
burgakker 88;1
NOBELSTRAAT 8;1
POLDER STAPERT;1
Zand;1
PAS VAN TERNEUZEN 02;1
' T LAND;1
DE EIKBERG;4
SCHAPEMEENT;1
Seisdam;1
Manderse heide;1
BAKKEBRUGSE AKKERS;1
Langgewenst;2
ROOIJENSTEIN;1
BOVENKERKSE WEG 16 18;1
PAROCHIEKERK;6
Munnikenweg, nb. kade;1
Belgisch Monument;1
Averbodeweg 2 en 4;1
Pykedyk;1
COTHENSE ZANDWEG;2
Parallelweg Maarsbergen;1
KAPELSKAMP / EPENWOORDEN;1
VILLA DUINDOORN;1
POLDER NEDEREIND, BATAU-ZUID;1
VOORSTE SCHAAPSDIJK;1
KLAVERWEID;5
POLDER RIETVELD, RIETVELDSE DIJK;2
LUTKE ZWAVERINK;2
ERVE WEEMSELO;1
Rijkstraatweg 57;1
"Smorenhoek; Wijlerbergermeer";1
"SWIER; voormalig AMK-terrein";1
LEEMSLAGEN;1
SCHALKWIJKSE WETERING 5;1
HUIS BLANKENBORG;1
PRESIDENT KENNEDYLAAN;2
Waardhuizenstraat 6a;1
NOORDZEE SLIJKGAT 2 NCP BLOK S3 jaarboek2;1
'S-GRAVENZANDE 1;1
Honingen - Honingerpark;1
"Bovenweg ; De Veldse Eng";1
Pastoor van de Kampstraat 31;1
HOGE DUVEKOTSWEG.;1
OOST DUIVESTEIJN;1
Dubbele Buurt;1
KOLENHOFWEG;1
DE LANGENBERG;3
RBP 011;1
Gansstraat 38-44;1
DE GAASBAK;1
Brandsmastate;1
Kasteel Groot Ruwenberg;1
BREEDBROEKEN II;1
VENEIND;1
HOGE BERG;19
ONDERDUIKERSWEG, KAVEL C109;1
ZANDSTRAAT (VM. ZANDPOORT);1
SCHELLACH;1
03.011 Nieuwlandpark (Zwaluwenterrein);1
BUSINKKAMP;1
KWEKERIJ DE ESCH;1
TAARLOSE DIEP-WEST;1
STATION TIENRAIJ;1
DE SMIDTERIJ;1
HONSBOSCHPAADJE;1
Est-Rondweg;2
NASSAULAAN (NAAST NR 1);1
KEUTENBERG III;1
Lagestraat;2
Neerstraat-Paredisstraat;1
Kerkstraat 16 - Casimirstraat;1
SCHENKELDIJK;1
SCHAAPSTREEK;6
Barneveldseweg nr. 10 (Wieken Vinkenhoef);1
Kops Plateau, kopseweg 23;1
PAPELOZE KERK;1
OUDE GREB, NOORDOOST-KANT;1
GASLOCATIE;1
05.026 Broekkade;1
HOGENHOF;1
'T ROOI;1
CISTERNE;3
Reethsestraat 19;1
ZUIDERRINGWEG, KAVEL Q39;1
ABDIJPLEIN;1
"Wolfhaag; voormalig AMK-terrein";1
WIERBERG;1
MOLENVLIET;4
SCHERPENSEELER MOLENWEG;2
"Ooststranddreef; Kavel B51";1
ECHTELD - DORP;1
OUD LUTTEN;2
HAVENSTRAAT 7 T/M 15;1
VEESEN;1
HUIS WICKENBURG;1
Bordekeen, Dromme;1
GATERSCHE DIEP-NO;1
Damrak NZ-D1;1
COLMSCHATE;12
FLUITEKRUID;1
OVER DE VOORT;9
Metwerterwei;1
GROENE WIER;1
Molenakkers;3
KAVEL H27;1
Landsaardse Weg (Kartbaan);1
04.061 Holysingel 1;1
Lange Baan;4
PETERSWEG;1
ROTTEVEEEN;1
DE BULT/SINT ANNA HOEVE;1
KILLENSTEIN;1
SINT GEERTRUID;1
DE TRIP;2
HAARSTRAAT;2
SPOORLIJN NW AMSTERDAM-EMMEN;1
TORENBERG;2
WATERWINGEBIED;1
HAAGAKKERS;3
"TERSCHELLINGER GRONDEN 2; THOMAS SMIT GAT";1
FABRIEK BAMSHOEVE;1
UITZICHTTOREN;2
ANDERSE DIEP;1
DE RUYTERSTRAAT OMMER ESCH;1
HARSHAMMEN;3
TONGELAAR;1
VEENLUST-ZUID;2
POLDER NEDEREIND [ VINDPLAATS 10 ];1
ZANDZOOM 29-35;1
TICHELHUIS-ZUID;4
SPOOR/LANDGOED DE GELDER;1
Beek en Donk-Beekse Akkers;1
Bronckhorst;1
GROOTESTRAAT;1
Oude Kerkstraat 6;1
ZANDERIJ WESTERBAAN;7
VARSENER ESCH;1
De Witte Moeren (terrein M. van Dijk);2
Ambachtse Zoom;1
WALSTRAAT 92;1
AKKERMAAT;1
BOSCHVELD;1
Schellebank;2
WOERD EN OUDE HOF;2
MEPPEN;1
Nieuw Crooswijk Brede School;1
HEERENHOF;1
VLIEGERT;2
KLOOSTERTERREIN MONSTER;1
Dr. Hubernoodtstraat;1
Daalseweg 202;1
PLEIJENDAL;1
Hogewaldstraat;1
GROTESTRAAT-PEPERGAS;1
ZUIVERINGSINST;1
AKKERSTRAAT;8
QUATRE BRAS;1
SPORTTERREIN HOGESCHOOL;1
20.46 KRALINGERPOLDER;1
Aral-Paasberg terrein;1
ZANEGEEST;3
Nieuwe Berkt;1
NIJENKLOOSTER;3
DE JUIST;1
het Goor;2
Ravelstraat;2
Ten W. van Vuursteenweg, langs Vuursteendwarstocht, Deelgebied VI;1
VINKE I;1
Stovestraat 19;1
KOKSTRAAT 6;2
BOAKERSBULTEN;1
KAVEL N29;2
Dwarsdijk;1
ROZENDAAL;8
Houtens;1
NOORDZEE DEURLOO 2 NCP S11;1
Hollestraat;3
FIRDGUM VIJF;1
LEEMSCHER TE VARSSEVELD;1
Heldense Bossen;1
"Nagelertocht; Kavel J137";1
MOLSVELD;1
HUIS DE BOEDELHOF;1
KONINGSSTRAAT;7
"Uiterdijkenweg; kavel R4";1
BELLENSGEEST;1
KERKHOF EN PASTORIETUIN;1
SINGELSTRAAT 13 WEESHUIS;1
Ten Noorden van Schaapsdijk;1
ERF BOERDERIJ KOOL;1
VORST;1
"DE BEEMD ; OPSTAL ; TEN SANDE";1
Quirijnboulevard;2
Bloklandsekade 2;1
KROPSWOLDE;3
BOTERWIJK;1
DEURZER BROEK;2
Hoenderbosch;1
Borchwerff II;1
Oude Stadsgracht;1
N241;1
T/O UITGEESTERWEG 23;1
DE BEEKKANT;3
GROOT-LINDEN;3
Delbuursterweg;1
LANGE AKKER;1
SPOORTUNNEL POMPENBURG-LOMBARDKADE;1
HOOIDIJK/KOELANDEN;1
HIJKERVELD 1-23;1
SPINDERSPAD / PLAKKEVEN;1
POSTERENK;1
D32C;1
Engweg;1
kasteelterrein;2
Dorpsstraat 125-135;1
VORTUM MULLEM;5
SITE D;1
ENG;2
Venhof;1
HOEF;1
ten noorden van Elst, ten zuiden van Elsterberg;1
ALS LO0100;10
STRYPSCHE DIJK;1
Boogstrjitte;1
Lozerlaan/Erasmusweg;1
Dreumelse Berg;1
HEIBERG;2
WALBECK HEIDE;1
Verdronken dorp Valkenisse;1
BOERDERIJ BOSSERHOF;1
Voorstraat 252-254, Woerdenbach;1
OOSTERVELD;41
TRADE PORT WEST-HEIERHOEVE;1
Zaanweg 121-123;1
nabij Kaloeve;1
ARRIEN;15
Zessprong;3
BULLEWOID;6
Rietdijk;1
Polder Maltha, Brabantse Biesbosch;1
ARRIER VELD;1
Loonderakker;1
Overeind;1
FRAAMKLAP;1
Ossenhoek;2
LANDSCHEIDINGSWEG;1
DE BROEKEN-ZUID;1
RAMSDIJK, KAVEL E170;3
Baanpad-Oostzijde;1
BLESKOLK;1
GROTE MOLENWOID;1
AIJEN;1
DE SCHAAPSKOOI;6
OUDE DOBBE;1
KAVEL P2;1
Aalbertsberg;1
KONINGSBERGEN;1
'T HOOGE ERF, GRAFHEUVEL NO.3;1
Koppelpoort;2
ALLARD VAN HERPENPLEIN;1
Zwarte Paard;1
Prattenburgsche Bosch;4
ISW-locatie;1
Lieve Vrouwenkerkhof 2a;2
D37A-VALTHERBOS;1
HOOFDWEG;9
Laagnieuwkoop;3
ROSENBURGLAAN 35;1
HOOGRIEBROEK;6
HET SPURKT;2
GOUWE (VINDPLAATS 45);1
2E STUK;2
OUDEKERKSPLEIN-WIJDE KERKSTEEG;1
Sint Oda;1
THUSERHOF;2
SCHUITVLOTSTRAAT;1
Stapelakker;2
LANGVELD;12
HOELM;2
Lange Gooren;5
Herenweg 50;1
HOOGKANJE, voormalig AMK-terrein 11785;1
SPROOKJESBOS;1
Verrenieuwstraat;2
Langstraat;3
ARCKELSTEIJN;1
WITTE PAAL;11
BIJ GROOTE DIEP;1
'T HOOGE ERF, GRAFHEUVEL NO.4;1
OUD-REEMSTERVELD;1
ABTSAKKER;3
SINT NICOLAASKERK;1
Vlakkeriet 3;1
Batterij Zwartenhoek;1
BOSWACHTERIJ EXLOO-NOORDWEST;1
MARIENHOEF;1
De Hoesstie;1
Abbenwier;1
CROY;4
VEERE;2
HALFWEGEN;1
TE PAS;2
"De Nieuwe Aanleg; Schapekolkweg";1
Achter 't Holthuis;2
BAXHOF;1
Kanaaldijk 231;1
Supermarkt Veldstraat;1
kasteel de Strijdhoef;1
Prinsenhof 4;2
HEVESKES KLOOSTER;1
HOGE BRAAK;1
Meander Assenddelft, Kapelstraat;1
Sandenburgerlaan, Voormalig AMK-terrein;1
"Grenskantoor; Wolfhaag; voormalig AMK-terrein";1
FALKENAHOEVE;2
vindplaats 4;1
HEIEROTH;2
CENTRUM-VOORMALIGE KERK;1
Schuytgraaf-Zuid;1
DOORNENBURG RIJNSTRAAT;1
Deventer Kunstweg 2a;2
Westdijk/A29;1
Uitbreiding begraafplaats;2
't Kleijne Vaert;1
H. MICHAEL;1
Centrum Hengelo;1
BEGIJNHOF 20 (BEGIJNHOF I);1
klooster Foswerd;1
"Hendrik Pierson College; Beneluxstraat 4";1
Aan De School;1
NED.HERV. PASTORIE;1
Strandwal Heiloo-Overdie (locatie2);1
HOPWEG, KAVEL K28/K29;1
09.14 ZOUTEVEENSE POLDER;1
"POLDER ZUIDZIJDE; AMBACHTSTRAAT";1
"HUIS (TER) STRIJEN; SLOTBOSSE TOREN";2
Koningin Julianastraat;1
HET BRUNINK: 'N KAAMP;1
Schoolstraat 14;1
Maas Maastricht 1;1
VELDMUGGE;1
"GENERAALSPUT ; HERENSTRAAT";1
HEERENKAMP;1
Nieuwland, bij boerderij Sneul;1
DE WALLE;1
STOUTHEUVEL;1
Groenstraat;4
Markdal Poelen Rijksweg A58;1
"PAAL 29 ; PAAL 30";1
Moeringweg;1
Kromme Akker;1
NOORDHAGENS - WESTENESCH;1
NPN-locatie Geesbrug en Coevorden 17;1
Oosterkempensbergweg;1
STIENBERG;1
IJLST-KERK;1
MOSSELHUIS;3
DE HEUGTE;1
BARIUMSTRAAT;1
WIKGOUW;1
MIEDDIJK;1
MSP Allee;1
DE ELS;1
VEENSEWEG 25;1
LOONSE MOLENSTRAAT;1
"Boerderij De Timmer; Averlose Houtweg 20";1
HEEMSE;8
SPORTPARK;13
Oudegracht 178;1
THIEN BUNDER / MGR CLAESSENSTRAAT;1
AUVERGNE POLDER;1
"Boerakker; Lange Niebertertocht, Idsinghsweg";1
ERVE PLEITER;1
DE GISTJAGERS;1
OOSTWOUD;1
RIETSTRAAT;1
Loopstraat;1
HET KONINGSKAMP;1
TONCKENSBOS 20;1
KILLENSTEIN BOLSWAARD;1
Verkesstert;1
Koelanden;1
SPARRENBOOMSCHE BERG;1
RIJKSWEG 136;1
Kalversteeg;1
WALIK;3
Julianalaan, Kaag (dorp);1
KAPOENHOF;2
Nettelhorsterweg;2
De Natewisch;1
NOORDERRINGWEG, KAVEL F64/F65;1
Voormalig AMK-terrein M12900: Oosteind 41-42;1
POLDER MIJZEN;1
SINT ANNENSTRAAT 1-3;1
"Binnenstad; Grote Markt; Lakenhal";1
't Hees/Orvelterstraat;1
Oranjewijk;1
SCHIMMERESCH;2
LUTTERWEG ZUID;1
Zuiderveld-noord;1
ELPERSTRAAT, TUM. II;1
KAMP RUTTEN;1
Kavel H28;1
Bloemstr/Laat;1
Joarumerleane 29;1
Smeerling 01;1
DE BOONBERG;1
Rijkebuurtweg 8;1
KAVEL Y52;1
Meridiaantunnel;1
Bouwlocatie Leidse Rijn;1
MIDDELESCH-DL;1
DE SPRONK;1
GOORBROEK;1
UITERBUREN;2
brugstraat;1
WATERTOREN-PLAN NOORD;1
Schipborgerweg;1
Ommedijksepolder;1
Oude Aalderinkskamp/Hemmelhorst;3
Nabij Grens;1
DE BERCKEN;2
HOUTWEG;1
Mr. Ponsteenlaan;1
Molenweg, de Dikke molen;1
BLOEMESTEIN;2
DE VRIESLANDEN;1
Koningsdiep;3
Kerkeboslaan/N44;1
Oosterschelde Colijnsplaat 3;1
DE MUNTE;1
Plaspoelpolder vindplaats AHR 34;1
STRAND (TUSSEN PAAL 69 EN 71);1
Daolkensberg;1
BURGERMEESTER VAN WOENSELLAAN;1
"VINDPLAATS 1; STAKENBERGWEG";1
SPORTPARK DE BURGWAL;1
KEIZERSTRAAT 2;1
PROT. KERK;3
Gevinkweg/Illegoorweg;1
Kerkstraat /Muurhuizen;1
ADRIANA'S HOEVE;1
Leuvenumsche veld- Flevoweg;1
PRINSENBAAN;4
OPWETTEN;2
De Kampen;1
Schatberg;1
Medemblik Achterom 14;1
ENGHSLOOT, SCHONE HOFSTEDE;1
Amstelwijck;3
Muurhuizen/Schoutenstraat;1
"Stationsstraat; Terp Hartendorp";1
"AUTOWEG ; DEFENSIEWEG";1
Slaperstil-Zuid;1
OOSTERBUURT;3
KALVERHEEMSHEUGTE;1
MEELDIJK-RINGDIJK;1
Boeimeerpark;1
DE BEEK;3
Stationsweg;14
Veerdam;1
TIGGELT AKKERS;1
Lange Kolk;2
"HUIS MELLARD; MELLAARD; DE MELLAERD";1
SPRENGENBERG;8
Tiel-Medel vindplaats 1;1
HEEGH;2
TEN HAGE-EHV/TH/95;1
Sandeeweg;1
Molenpoortstraat;1
"Rijksweg 57; vindplaats 13; Kleine Putweg";1
Voormalig AMK-terrein: De Horn;1
BOSCHBEEK;1
DE SNIPPERT;1
Melkweg/Planetenbaan;1
ZWARTE MANS VIJVER;1
STIFTSCHE UITERWAARDEN;1
BEDDING OUDE AA;1
ANGERLO;3
Oostwouder Dorpsstraat 23-25;1
Voormalig AMK-terrein M12912: Noordzijde 23;1
Meleveldsestraat en Stompendijk;1
Riel;1
"ROERKADE; ROER";1
TEXELSTROOM ??;1
Oude Bossche Baan;5
Huygensweg 10;1
Hopstraat;2
BERGSTRAAT;1
Rietvinklaan;2
KRAAN;1
LOVENDAAL;16
Connexxionterrein, Leidsevaart;1
EEKHOUTSWIJK;1
DEURZERDIEP-NOORDWEST;2
ANTWERPSE BAAN;4
OUDE WEGLANDEN;1
SCHIETCENTRUM BERKENHORST;1
Arnhemse Poort;1
ABBEKERK;9
5DE DAM, V/D WEL, NW. BROEKPOLDER;1
P.G. OTTERWEG;1
Voorstadslaan Sperwerstraat;1
'T VRIJTHOF;1
Const. Huygenslaan;1
Huis te Eerbeek;1
HEIMERSTEINSE BOS;1
VELD VAN ROLDE;1
"DE OUDE MOLEN; PAPENHOVER VEESTRAAT";1
OBS De Wierde;1
KANAAL;1
ALDENHOEF;1
Bijsterhuizensestraat;1
POLDER NOORDERBUITENDIJKEN;1
DE VLINT;2
Middelwaard;2
Hulsterweg 139;1
SPITSBERGERPAD, PAARDENVELD;1
Hanzelijn, Tunnel Drontermeer gebied XVI;1
Venlo Koninginnesingel Tunnelbak;1
Boegent;1
HET HOGE STUK;1
ZUIDBARGER STROETEN;1
HERNENSCHE BOSCH;1
Mussentiend;1
"Den Grote Els; Huis ten Elsen";1
OUDE RIJN;4
De Hoesstie/'n Kaamp;1
KOUDENBURG;2
Flegelstraat;1
HONTE 1;1
Abdij;1
Waldijk;5
WESTELIJK KASTEEL HILLENRAAD;1
Beugt;5
LUDOVICUSHOF;1
STEENAKKER;12
Het Noordhof;1
HOOGERHEIDE;1
Zinkstraat 51;1
KOTTEN;1
De Oude zoek (Moergat);1
HOLSTERWEG;10
LAGE ABTWOUDSCHE POLDER 01;1
Zuiderveld-oost;1
Maarnse Grindweg, Huis te Maarn (gem. Utrechtse Heuvelrug);1
KLEINRAAIJ;1
Kempweg;3
Oude Veer;1
LOOSDRECHTSE PLASSEN PORSELEINFABRIEK;1
ARMHOEDE;1
Bandertlaan;1
BERKEN ALLEE;1
HEESTERENG;1
ROOLFSAKKERS;1
HOF SOUBURGH;1
Ter Braakstraat;1
GRAVE;6
KAMPERSTRAAT (NABIJ KAMPERSINGEL);1
RAREN VAALSERBERG;1
"Nekkeveldweg; Kavel N13";1
Voormalig AMK-terrein M13249 / CMA38G-A03;1
Tipblinken;1
SMITHUYSERBOSCH;1
De Heul;1
16.96 AALKEET BUITENPOLDER;1
ZUIDKANT;2
WIELSE TOCHT;2
GENING;3
"Cuneraweg ; Dikkenberg";1
WEDDERBERGEN;6
Dorpstraat 61-65;1
Waardweg;2
EGCHELSSCHE HEIDE;1
TRIPSCOMPAGNIESTER ZWARTEWEG;2
Herinrichting Koemarkt;1
Wezelpad;1
DE DOOS;1
Heideveld;6
HEIGRAAF/KOPPELSLOOT;1
Sint laurens Zuid-West;1
GEAWEI;1
COLSEHOEF;1
BIJ FABRIEK DE STEENBOK;1
Kleine Gat, Haventje;1
VIADUCTWEG A2;1
OOSTERDIEK;1
Mannee;4
GROOTE WERF;1
Irislaan 4;1
DRIEBEEN;1
NIEUW DORDRECHT;1
"Schilberg; Oude Baan";1
REMMERDSE HEI;1
Wytfean;1
NOORDOOSTPOLDER;1
Huenderweg 14 - 18;1
terp Leeuwarderweg;1
OP DE BELT II;1
Mgr. Bekkersstraat;1
Veegtes;1
KLEIN BROEK;1
STENHORSTDIJK-ZUID;1
VERGULDE BODEM-ZUID;1
Windmolenbos;3
GALGENHAAR;1
Voormalig AMK-terrein M2522 / CMA29A-A01: Braakweg;1
KLOKBEKERTOCHT/NOORDERTOCHT, KAVEL G76;1
KASTEEL APPELTERN;2
"AMERSFOORTSE WEG ; JULIANATOREN";1
Lange Bellingstraat 8;1
Rijksweg A2, vindplaats 9;1
SCHEPERSBERGPEELKE I;1
KNOOPPUNT HOLSLOOT;1
Spijtenburg;1
Schieven, Deurzerdiep;1
STOUTENBURG;1
Geffen;1
DE KOETSIER;1
Schaapvolte, 't Rotteveen;1
"VLIJMENSCH VEN;WETHOUDER VAN BUULWEG";1
Rolduckerveld;1
NABIJ HAARVELDERSCHANS;1
Oude Ijsbaan;1
MAASBRACHTERPEEL;1
Tuddernderweg;1
"GROOT KARSHOF; WALKUMA";1
Bij tweegraas;1
LOOSE BEEMDEN;2
HAGERHOF;1
ZUIDENDIGER VELD 2;1
LINGEBOOMGAARD;1
OVERDAM;1
MODDERVEN;1
DODAARSWEG, KAVEL HZ9;1
DE HEES;4
WEYER;1
Vathorst II;1
HOGE VELD;6
Elfhuizen;1
BOEKELERPOLDER;3
HIENSCHE VELD;5
DE HOGE ENG;2
NETTERDEN;1
OMLEGGING N303 PUTTEN;6
nassaustraat;1
ABDIJ KONINGSVELD;1
Dordtsche Kil;3
"ANGSTEL ; FORT ABCOUDE";1
OOSTOEVER KLEINE DOMMEL;1
"SANDERBOUTLAAN II; VINDPLAATS 9";1
"Zandmaas; Stuwpand Lith";6
GROENE DIJKJE/BEUSICHEMSEWEG;1
Hoenzaadsche weiden;1
ARMHUIS;1
Noorderboerenvaart 26;1
PLANGEBIED ELSPEET-NOORD;1
ERVE 'T MEYERINK;1
DE HOOGE SPIJKER;1
BATENBURG;2
WATERKANT;4
KONINGSTRAAT 46;1
bedrijventerrein Trilandis;1
"KOMMEL; GEBROEK";1
Groenenhagen-Tuinenhoven De Zwanen-Rietpark;1
Bredelaar - Kattenleger;1
KLEINE HOUTSTRAAT 27;1
ZWAANTJE;1
DE KNAP;1
Latijnse School;1
NH KERK (VM. ST. WIROKERK);1
DE OLDEN TEMPEL;1
Oosteinde/Oranje Nassaustraat, Locatie 8;1
LULD;3
VLISSINGEN 3;1
KANNENMARKT-VIJFRINGENGAS;1
DE WIJNAKKER;1
"NOORDERHEIDE; HOUTMAKERSPAD";1
AAN DE MARIENDIJK;1
DE GROTE WOERD;4
NOORDZEE NOORDERHAAKS 11 NCP BLOK Q2;1
REPELWEG, KAVEL S34;1
STATION HULSHORST;1
Diepenbroek;2
ZANDERIJ-WESTERBAAN;21
Zwaagdijk-Oost;1
Looden Hel;1
NOORDZEE NOORDERHAAKS 7 NCP BLOK Q2;1
Kippenbrug;1
BIJ 'RECHTUIT';1
DE SCHAAF;2
Deken Hooijmansingel;1
Kampershoek;30
"BURGGRAAF; MARKTSTRAAT-SCHOOLSTRAAT";1
"HINDEKAMP; HEIDEBLOEMALLEE";1
Hotel Panorama;1
Rijksstraatweg, voormalig AMk terrein;1
HUNENBERG;1
NES-WIJDE LOMBARDSTEEG;1
Hegewiersterfjild;2
DELLENDER / BUTTERWEIDE;1
ESWEG/PLANKENSLOOT;3
Arij Koplaan 3b;1
Douwe van Epemastraat;1
Tollegors;1
Havelt (terrein houtconstructie);4
2 MORGEN;3
D13-DE STEMBERG;2
Krabbegat;1
RAMSDIJK, KAVEL E169;1
PETRONELLA VAN SAXENSTRAAT;1
Biesenhof;1
Beatrixstraat;4
HEERBAAN MAASTRICHT-AKEN;1
ZWARTEMEER;1
HOOIJDONK;3
OUD REEMST;1
BUURT 2;1
"Huij; Heerstraat 4";1
HET VINKE;1
Voormalig AMK-terrein M12923: Kooiwijk 7, 8;1
Tollensstraat 18 en 24;1
GASTHUISHOF, WINSSEN;1
Camerberg;2
WIJTHMEN;12
"BRAAKWEG; 'T HOOG";1
WESSEMERDIJK 8;1
GOLFBAAN;3
Brandhorst;1
TO NESTLE;1
"WAAG ; SINT ANTONISPOORT";1
Spurkstraat;1
Hullenberg;1
"Brandsma State; Wanserburen";1
Zetten-Zuid;1
ELSPEET;2
TRAAY, HEUVEL 8;1
Wilhelminalaan 20;1
OVEREN BOSJE;1
SPOORWEG-EMPLACEMENT;1
OUDE TIENDWEG;1
POLSTRAAT 14;1
Station NS;2
ST.-JOOSKAPEL;1
IJzendoorn;1
DE HORK;1
Monnikendijk/Noorddijk;1
Wesselopark;1
Pijlkruid;1
01.077 Liesveld/Veerplein;1
AKKER BIJ HOUTOPSLAGPLAATS;1
"SCHOTKAMP; BERGWEG";2
AALKEET BUITEN 074;1
HERTENWEG, KAVEL T55;1
Hazelarenstraat;1
Amersfoortseweg 9, Firma Polynorm;1
DEKEN POMPENSTRAAT;1
Postweide, Veldweg;1
Almenseweg 4;1
KOEDIJK-PROVINCIALE WEG 11;1
DILGT;1
De Loop;1
SINT-ANNA POLDER;1
HEERENVEEN;1
KAVEL GZ80B;1
WINKELCENTRUM;1
Oostelbeers - de Kampen;1
Trade Parc Westland Mars;1
'T SAS;1
GLYNSWIER;1
Arentsburghlaan 20 Gasverdeelstation;1
NOORDZEE WESTPIT;1
De Ooievaar;2
NOORDZEE BOLLEN 2 NCP BLOK S3;1
Burcht van Voorne-Voorhof;1
KERKWEG - MOLEN;1
HEEZENSTRAAT/SIMONSPLEIN;1
Maastrichterweg (ong.);1
HINVERTSWEG;1
Cronenburg/ Oosterbuurt;1
WESTERTERPWEG;1
Heerse heide;1
"Grote Molenstraat; Linge";1
Voormalig AMK-terrein M10683 / CMA69B-A05: Houthem-Oost;1
VOORMALIGE STAATSMIJNSPOORWEG;1
HET MALLEGAT;1
DE PLAK II;1
De Holten III;2
Halve maan gerollkeule;1
WEST DUIVESTEIJN;1
Verdiepingsslag FAMKE;3
SPOORTUNNEL;1
16.99 AALKEET BUITENPOLDER;1
BURG. LINTJENSSTRAAT, O-ZIJDE;1
WAAL GENDT 1;1
heekerbosch;1
Kreushaarveen;1
PUTTENSTEYN;1
Waalseweg, Bouwlust, Voormalig AMK-terrein;1
NW VAN HOOG KEPPEL;1
"Spoorboslaantje; voormalig AMK-terrein";1
Groot Hermana;1
MARKTHALLENGEBIED - BREESTRAAT 21;1
BOUDEWIJNSKERKE;2
BIESPLANKEN;10
HOLTERHOEK;1
GROTE PEUZELAAR;1
Voorweg;1
Westzijde;1
Weesdijk;1
Aldenhaaf, Aldenhoef te Kapel-Avezaath;1
Reusel ( vindtplaats 3);1
"KAVEL G77; WRAK 29";1
Strand Nieuw-Haamstede;1
AALKEET BUITEN 045;1
EWER;1
Zuidweg, hoek Hoogwerf;1
N261 Deelgebied D;1
Oisterwijkse Heide;1
BERGWEG;11
Landgoed Croy;1
Rotonde Boomgaard;1
MARKERMEER BUITEN IJ 1;1
Middachtenweg;1
De Hout, perceel ten noorden van provinciale weg;1
Graafsebaan;1
Meester van de Bergstraat;1
DE WERF;3
Rozenbloemhof;1
STUIVESAND;1
"Nijkerkerweg; Kavel O65";1
URKERWEG, KAVEL H105;2
Grote Laak;1
16.81 AALKEET BUITENPOLDER;1
L ABTWOUDSCHE POLDER 17;1
OVERWEERSE POLDERDIJK;1
Helsdingse Voorweg 2;1
BRINKMANN-COMPLEX-BILJARTZAAL;1
ERVE KEMERINK;2
Krepelstraat 9;1
TEXEL;4
Langs de Houtstraat;2
PLENKERTSTRAAT - LEEUWBROUWERIJ;1
WATERLOO-STRAAT;1
HUIS TE BUNNE;1
Lage der Aa;1
ERVE OLTHOF;1
DE ZUIDERT, TEN N VAN TERP (LOKATIE 12);1
GAAST;1
KORTEWEG;1
OUDE VEER;2
CHAMPIGNON;1
ECHTELD-DORP;1
WITTEVEEN-NOORD;3
RIJKSSTRAATWEG;17
Fort Den Haak;1
Meerlose Baan;2
"Hollandiaplein; M.A. de Ruyterlaan";1
SCHAAPMARKTPLEIN/LEEUWENBURG;1
Bronovo;2
Willemshoeve;5
WIJNJETERPER SCHAR;2
VELUWE;5
MEIJDOORNSTRAAT;1
Molnmarsch Elsbeekpolder;1
MEERVELD;7
Ferwerderaiel- Reitsum;1
ACHTERDIJK,RIJNHARD'S HOEVE,BREUGELHOEVE;1
Graafse weg;1
TRACE S11, LOCATIE 4;1
06.036 Hoogstad 51 (Hoogstad Ibishotel);1
DE BEZELHORST;1
Dwarsstraat;1
DE BEUGELSKAMP;1
BELLANYPARK KOPBEBOUWING;1
Dr. Ant. Mathijsenstraat 24-26;1
Ranum;1
Gravin Margarethalaan;1
LAAG HELBERGEN;1
Maas Plangebied Raaijweide;1
'T BOSJE;1
KAMPS;3
"ELSENERBROEK; PLASDIJK";1
DEN ENG;20
Engelsmanplaat 2;1
MOERKUILEN II;1
REUTSBERG;2
O.L. SCHOOL;1
IJSSELVELD;2
GROOT HOOFD;1
OUDE VEENDIJK;2
"Centrum; Herenstraat; Kerkstraat";1
Wieken-Vinkenhoef perceel 259;2
MAASVLAKTE;1
SINOUTSKERKE;2
DR PELSTRAAT;1
"Voormalig AMK-terrein: Koenraadtweg; Hugterheide";1
Kloosterplein;1
Grootbroek;115
STROOMESCH-JENNEBOER;1
NOORDERMIDDENWEG, KAVEL C84;1
Waterop;1
MOOI BYLAER;1
UITHOFPOLDER LOZERLAAN;2
NOORDESLOOT-ZANDWINNING;1
BONIFACIUSKERK/NH KERK;1
Blijenhoek/Neerpolderseweg;1
Couburgstraat;1
HOFPLEIN E.O.;1
Hoofdweg 34;1
"SPAANSCHE SCHANS; SPAANSE SCHANS";1
MEDEMBLIK HAVEN;1
BORGERSTEEG;1
BOERENLEENBANK;2
APEDIJK 13;1
ACHTERSTE STEEG;1
MUUISBROEKSEWEG;1
DE VLOOIENPOL;1
Quadenoord;1
BEEGDEN II;1
DE KEIJENBERG;1
STOKREEFSWEG;1
POLDER ZUURLAND;2
Linie West-de Munte (deellocatie 4):;1
Burgemeester van Houtstraat 23;1
RUIMSLOOT-HOLTVELD;1
Urmonderbaan;2
BOSHEI;18
Schotschestraat 7;1
ROSENBURGH;1
Kavel K48;1
"ST.PETRUSBERG; THABOR";1
07.080 Maassluissedijk Vergulde hand west 3;1
Waterstraat 3 te Beek (gemeente Beek-Ubbergen);1
Marienburg Kapel;1
Reigerskant;1
Eindpoort;1
Leijsenstraat 43-47;1
VLIEGVELD SOESTERBERG;1
Everse Akkers;1
SCHOONE GRUB;11
DOMMER VAN POLDERVELDTWEG;1
"VAECHSHOF;";1
T WAAL TWEEGRAS 3;1
Hillekamp;3
NOORDERRINGWEG, KAVEL F82/F83;1
KIJFHOEK;15
Mariendael;2
ERVE SCHOLTE BRUNINK;1
POTTESTRAAT;1
"DOREKUIL; (DE DRIEKUIL)";1
Canadapolderstraat;4
locatie 18;1
Drunense Duinen;22
Koornmarkt 9-11;1
Nijverheidsstraat - Van Heemstraweg;1
Klappenburgstraat 3;1
Viveslaan 1;1
ST.WILLIBRORDUSKAPEL;1
MOERSTRAATSE WEG;2
VOORSTRAAT 10;1
BORGERCOMPAGNIE;6
Oud- Loosderchtesedijk, Porseleinfabriek;1
Vlieghuis;1
WOERD OOYGRAAF;1
RIJKSSTRAATWEG 695-PLUYMESTEIN;1
Schellach;1
Weerdstraat 36;1
HET HEET;1
HET LANG STUK;1
POTJE GROL;1
Ballooerveld, Diepveen;2
BAANAKKERS-METTENKAMPSEWEG;1
O L VROUWEKAPEL;1
Bastion IX, Dalemwal;1
DE VLOED;3
GROTE HOUTSTRAAT (EN PAARLAARSTEEG);1
KORTE BEGIJNESTRAAT 3;2
DE HOS;1
Knooppunt Gorinchem/ Giessenlanden;1
"EDELENBURG; EDENBURG; ELENBURG";1
HAMBURGERPOORT;2
Klein Leeuwenhorst;1
TONCKENSBOS 02;1
Houthuizen;1
"Vuursteenweg; Kavel G77";1
Zijdesingel;1
LUNGENDONK;3
HOGE EIND;1
SCHALKWIJK;9
"HUIS HEESBEEN; HET SLOT";1
"OOYGRAAF ; OOIGRAAF";1
Westenlaan;1
HEEZERBOSCH;1
Hoeksche Dijk;1
MAASSTUKKEN;1
HET FLEER;1
RILLAND;1
SCHALKWIJKSE WETERING 4;1
PRINSENHOF (TUIN);2
BEATRIXKANAAL;1
UTRECHTSEWEG;3
Paleis van jusitie;1
BUNSCHOTEN;2
N 217;2
FRANKENHOF (LONDINIUMDREEF);1
TUMULUS;1
Stolwijkervliet/Molenvliet;1
Blekerslaan 12;1
Stellingenbos, Voormalig AMK-terrein;1
KASTEEL LATHUM;2
Krabbeschans;1
MOLSBERG;1
RUIMZICHT-WZW;1
"BINNENSTAD LELYSTAD, SPORTPARK, WRAK 44; KAVEL B20";1
Kopse Hof;1
Mariahoop / Bollenberg;1
SPIEKERZIJWEG/LOMMERBERGEN;1
Keppelseweg 80;1
ZAARDER HEIKEN;1
NORGERVAART 07;1
ST. JACOBSKAPEL;1
Boerhaavekwartier II;1
NIEUWLAND;4
HOORNDERWEG;3
Tolhuispark;1
06.008 Westlandseweg 256 Boerderij Hoogstad;1
RUGBYVELD;1
MEULENVELD;1
"DE ACHTERSTE TOMME; ST.ROSAKAPEL";1
Molen;3
"Eyserheide; voormalig AMK-terrein";2
nieuwe stadhuis;1
WESTKAPELLE JAN MOENSWEG;1
VEEN-DORP;1
"Zwijnsweg; Kavel O52";1
KORN;1
Achterdam 16;1
het Gravenhof, Karnemelksvaart;1
HUIS HET HAM OF SELSHAM;1
NOORDSE VELD 6;1
A1-TRACEE;1
Warnsveld Bongerdspad Schoolstr. Molenstr. Tuinstr.;1
MOLLENSTRAAT;1
Kerklaan;3
STADSWAL/ HET BOLWERK;1
Kasteel Herlaer, Dommelloop;1
KROMME ELLEBOOGSTEEG;1
HEUMEN;1
RUITERWEG;2
"Ravensbosch; Vogelenzang; Luyerskoelen";1
Engelermeer;2
Debussylaan 11;1
ZUURLANDERES-WEST;1
"KERKHOF ; MOLENWEG";1
HERIKERBERG ?;1
ACHTER DE DIJK;1
LANGS DE VLIET ZUIDZIJDE;1
Tuurdijk, Casa Cara;1
Noordzee Westgat NCP Blok M11;1
Kasteel horn;1
Rijnenburg;1
Keppelseweg;2
Azeler Esch;12
DE WAAG;1
kettingdijk;2
Spankeren;1
ACHTER DE HEGGE;1
ERVE NIEKERK;1
Oudeschans 2;1
DE WOLFSKUIL;2
ASSENDELVER POLDERS-SITE I;1
Het Hunebed van Drouwenerveld;1
WOLDJERWEG / CUBENAARDS WIERDE;1
TEMPEL;2
VOORMALIG KASTEEL TER COULSTER;1
DE BREUKHEL;1
KIEVITSHEUVEL;1
HOLLEWEK;1
VELDHOFSTRAAT;2
POLDER NIEUW MARKENBURG;1
KESTEREN;13
LAUDERMEE;1
Stichting Fatima;1
Taaijersweg;1
Houtakker;1
VOGELZANGSCHE WIJK;5
Lambertsbergje;1
Van Cittersweg;2
DE WITSIE;1
"Koerheuvel ; Jodenberg";1
SCHOONOUWENSE WEG 15;1
"HUIS TE JAARSVELD; VELDENSTEIN";1
AMERONGSEBERG;1
ZEGERKE;2
HET HOGE BLOKJE;1
Lekkanaal;6
Huinerenkweg;1
OOIEVAARSTOCHT;1
ASSUM;4
Hemmerweg;1
grotebrugse grindweg/ Medel;1
GERHEGGE;1
plangebied Langstraat 3;1
ZUIDERVELD;35
Werchensestraat 3;1
Schipborsche Diep;1
Kasteren;2
PAGELAAN / WESTERWEG;1
HEILIGEWEG;2
JOZEF ISRAELSTRAAT 2;1
01.088 oude haven (munt);1
KREMATORIUM;1
RIEKEMAN;1
Boekweitenveentje, weg Eexterhalte-Gieten;2
Westerenban;4
'T WAAL TWEEGRAS;3
KERKENLAND;5
Eilandspolder-Oost;1
HET IERT;4
Grachtweg 37;1
"PRINCEVELD ; HOOIWEG";1
BIJ ZOUTKAMPEN;1
"Lijnt; Berkelsdijk; Brandweerkazerne";1
EMMINKHUIZERLAAN;1
LANDGOED AMELTE;1
Waal Nijmegen / Lent 1;1
Boxbergen;1
"Uiterdijkenweg; Kavel R2";1
DE KAKELBOSCH;1
De Leeuwerik;4
plangebied Smachtenburg;1
"Voormalig AMK-terrein; Kavel K84-II";1
WRAKKENPAD, KAVEL B42;1
Hoogen Heuvel, algemene begraafplaats (Hoogheuvelstraat);1
DE PLAK III;1
Edeseweg 141 a/b;1
IESTWEI;1
Heislagseweg 8;1
"Voormalig AMK-terrein M4100: Groene Kruisweg; Hof van Putten";1
Betuwsestraat;2
HOEK SASSENSTRAAT NW MARKT;1
HOFGEESTERWEG;1
David Evekinkstraat;1
Dorpsstraat 96;3
Gouwsluisseweg 2, 6 t/m 16;1
ELSLOO;5
DEDEMSVAART;1
Trechtweg, Wijkersloot, De Spiegel;1
ZUIVERSEWEG;3
BARTELINK;1
Baafjespolder;9
KRUIDHAARS;1
HUIZE BERGEN;1
MOLENVEEN;2
GORTSTRAAT 38;1
DE FRANSE HEUVEL;1
HOGE KRANEBRAKEN;1
DIKKE BART;2
DE KLEINE WUUST;3
Steenovenweg;2
WIMMENUM;2
VEENRIETWEG;1
STEVENSWEERT;1
Pastoor Clercxstraat;1
Huize Nassau;1
EGYPTE;4
AALKEET BUITEN 075;1
OUDSTE POORTSTRAAT;1
Polder Westerveer;1
HOGE WAL;2
Dorren;1
NABIJ HET BERKENHOFJE;1
Westerwijzend 5;1
RETRANCHEMENT;2
Strypse Wetering;2
PUTSTEEG;2
DORPSSTRAAT 77;1
Tolbrugstraat 1;1
Utrechtse weg;1
Watermolen, Keen - Vlietje;1
MENMOER;1
Kerkeind;1
HULSEN;6
"Kloostraat; Grauwbroedersklooster";1
Noorddijk 5;1
OOSTER KRUISWEG;1
ERVE KEUPMAN;1
Voormalig AMK-terrein M13262 / CMA38B-A03: Graafland;1
KOSTERIJ;5
KOOLWIJKSE WEG 33;1
Park Vondelkwartier;2
Kaai/MIA/Verduijn;1
Knooppunt Ewijk;1
HAKKESPLAATS;1
Valkenburgerweg 54;2
Natuurontwikkelingsproject Zuidkust Schouwen (deelgebied 12);1
BENZINESTATION KRUISOORD;1
INSCHOT 1;1
Vierhouterweg naast nr. 71;1
Bij de Put;1
Zuidwestelijk van St Antoniuskapel (langs de Aa);1
DE VLOTTER;1
GROENMARKT 15-17/HUIZE JOHANNA;1
Gouw 5;1
Ruurloseweg;4
"KASTEEL MONTFORT; DE GRAUWERT";1
De Hild;1
GROTE MARKT (TEGENOVER NR. 21);1
JAMMERDAALSE HEIDE, GENERAALSHEUVEL;1
"PLOFSLUIS ; HEEMSTEDERBRUG";1
GRIJZEVROUWENKLOOSTER;1
"Voormalig AMK-terrein M4155/CMA31C-008: Polder Steekt; Goudse Rijpad";1
SCHEER-WEST I;1
16.15 AALKEET BUITENPOLDER;1
HERENWEG 27;1
Oostmoer fase 2 (Moerendaalsestraat);1
HEESBEEMDEN;4
Horstgoot;1
NOORDZEE NCP BLOK P15 3;1
Kerkplein, Bouwblokken B&C;1
TERREIN SCHULLER;2
Pepinusbrug, Abdij Lilbosch;1
N322 trace Tussengebied;1
KASTEEL CULEMBORG;1
Noordwesttangent;1
Ten Westen van de Echterweerd;1
Visveldse straat;2
Polderdijk, hoek Dorpsstraat;1
KAVELPAD;1
Oosthoutlaan;1
EMMERVELD-EMMERHOOILANDEN;2
Maliebaan 1-5;1
Konijnenholsedreef;2
Poolland;1
THIJAKKERS;1
Honddijk 11;1
DALERVEENSCHE VEEN;1
NABIJ NIEUWE STUWWEG;1
NH MAARTENSKERK;1
Wateringseveld;1
Bosdreef;1
Heumense weg;1
Dorpsstraat 30;1
KORTLAND;1
Gasterense weg;4
Het oude Hof;1
Koegorsstraat;1
Finsterwolde-Ganzedijk;1
bospad Swalmen;1
KLAAS GARMS;1
HAVENSTRAAT 6;1
WICKENBURG;3
HUIS SWICKERBORG OF DE RAVENHORST;1
DE GULDEN BODEM, STERRENBERG;1
SPURKT;3
"Voormalig AMK-terrein M13540: Kuks; Oud Ootmarsum";1
uitbreiding begraafplaats III;1
SCHAANGEDENNEN-ZUID;1
KETELDAL;1
Leidijk-Oost;1
FOKKERSHOF;1
SCHARNDERKUILEN/'T HETJE;1
TONCKENSBOS 26;1
PERSINGEN II;1
Breitnerlaan;1
PERCELEN J 46 EN 47;1
POSTELSE HEIDEWEG;3
Walsberg;1
KNEGSEL;6
KLOOSTER/RK KERKHOF;1
Markstraat 37;1
Kartuis/ Bethlehemstraat;1
REEWEG 2A;1
ACHTER DE MORIAAN;1
DE BORKELD;5
BERKEL ENSCHOT;1
DAARLE;8
FOKKENKAMP;1
It Aldlan;1
BOMMELWEG TEN W OUWELINGSHOF;1
"Coudorpe; voormalig AMK-terrein mon.nr 13780";1
Gansoyen 1;1
STEENMARKSWEG;1
HERNEN DE WIJNAKKER;1
Buitenomme;1
BAARLESE WEG;1
Stadhuis Culemborg;1
VAARVENNEN;1
BRUG ZEEGSER LOOPJE;1
Hoogdorperweg;1
"BAKHUISVEN; BAAKHUISVEN";1
HETEREN;1
"IN DEN BERG ; EERSELSE DIJK";1
VOORMALIG SLOT RUIJSDAEL;1
Houttuinen 36;1
Westbolwerk;1
HUIS TER HOEVE;1
Brigidastraat;1
DE APPELS;1
DROGE BEEK;2
"SPEULDERBOSCH ; OUDE PRINSENWEG";22
Ooijen;1
Egelmeer;1
"WOUDVREDE ; RIJKSWEG A1";1
01.27 WOUDSE POLDER;1
Westelijke Oude Havendijk;1
SPANGEN;1
PRINSENHOEF/COMMANDERIJ TER BRAKE;1
Sanjesfjild;1
GOOR;1
Spijkse Kweldijk 41;1
Hobertsveld(Bergerweg);1
KASTEELBERG EN KERKH BAARSDORP;1
BERGHAREN-HOGE WEG;1
Smeedtoren;1
Beusichemseweg, Hagepreekland;1
Docterskamp;1
"Ankerpad; Kavel D22";1
Ronde Akkers;1
GROTESTRAAT 137-139;1
STOKVIS DENNEN;1
RUITENBORGH;1
WISSELINK;1
Middengebied sectie G;1
DOMMELBEEMDEN;2
deelgebied 3 Molen Beemden;1
Plangebied  Europaweg/Ugchelsegrensweg;1
JANSWEG 9-15 (VOORMALIG HAC-TERREIN);1
Papiermolen de Oude Blauw;1
STOLPWEG;1
De Vliet en Westdijk;1
Voorsterallee, Wolfelerenk;1
WEERINGSBROEKEN;6
VERPLEEGHUIS MARGRIET;3
Oranjestraat;8
Esbeek;4
Panheel;1
WALSWEER;1
VALKENBURG-DORP;1
WESTFRIESE DIJK;2
Staats spaanse linies;1
SPEULDER BOSCH;1
BLANKENBURG;2
ZUID ESCH;3
Huiswaard I;1
Pastoor van Leeuwenstraat;1
03.012 Kethelweg/Heusdenslaan (boerderij Keizer);1
MIDDENBROEKWEG;1
ANTONIESTRAAT;1
Bogardstraat/Balans;1
POLDER CRAYENSTEIN;3
GOUDSBERG;13
SCHUTHOOGTE;1
Tienvoet;1
Nieuwe Dijk;8
OOST VLISTERDIJK 26;1
Polder Wijngaarden;1
Clarissenstraat;1
"Meerkoetenweg; Kavel D25";1
EMMERDENNEN-MATENPAD;1
WEHMERBEEK;1
JAN VAN HOOFFSTRAAT - RECHTESTRAAT;1
Ballooerveld;8
TEGENOVER DE DEL;1
LEBRETHOF;1
"Verenigingsgebouw ""De Griend""";1
Holtum Noord;1
ETTEN;1
Huis Nieuwkoop;1
Hof van Heren van Axel;1
TEISTERBANDSTRAAT;1
Binnenkant 41;1
LANGE WAALSWEG;1
Brielle Slagveld 19;1
"Franseweg ; Driftweg";1
BEEKLANDEN-BEEKDIJK;1
Balgoijseweg;1
NEKKEVELDWEG, KAVEL NZ113;1
HAVEZATHE EESHOF;1
Neerpolderseweg 2;1
Niers 4 jaarboek1;1
ST. WALRICK / EENDENVEN;1
EKKERSRIJT;9
Kwade hoek;1
MUNSTER-'S WERELDS END;1
KLEINE KOPSE HOF;1
St. Jan ten Heereweg;1
COUDORPSE BERG;1
BOONENBROEK;2
BINNENVELD;5
Ereprijsstraat;1
Merm;2
HOF DEN SONDERT;1
KANAALWEG;2
DE ZESHONDERD;9
GROTE MARKT 2 (STADHUIS-IZA-KAMER);1
"Achterpark; Amersfoortse weg";1
St. Janstraat;2
TUTERINGS;1
"BOSSCHE BROEK ; KLOOSTERSTRAAT";1
VERWERSTRAAT 11;2
STIERSKREEK;1
Nieuwland-Oost;3
Hertenrade;4
BELLINCKHOF;1
NOORDVELD 2;1
ALTEVEERVEEN;1
Oekelse Akker;1
De Peij;2
01.121 Dayer (AAP);1
Merellaan;1
GASTHUISSTRAAT;4
Vledderstraat;1
MARTENSHOF;1
Grevelingen;1
Voormalige Campina-fabriek;1
Nedereindsewetering;1
MINISTER VAN HOUTENLAAN;1
MILLENERWEG;4
MONUMENT;1
CECILIASTEEG (OPENBARE WEG);1
AALKEET BUITEN 058;1
TERREIN STEENFABRIEK;1
HUIS HET GRAFFEL;1
ERMELOSE HEIDE ZUID;8
"DE TANGH; 'GALGENBERG'";1
BRAAKLIGGEND TERREIN;1
AKKERDIJKSE POLDER 01;2
Kasteel Millen;2
SLOTSTRAAT;3
Verlengde Oude Veenendaalseweg 26;1
MILHEEZE 1A;1
Nessedijk;3
Vrouwenpolder-Lagewei;1
Oudezijds Achterburgwal t/o 1-39;1
04.03 LAGE ABTSWOUDSE POLDER;1
BARGER OOSTERVELD/ZUID;1
Zwolsehoek;1
VINNINGHE;2
HUTTENHEUGTE-HUTTENBELT;1
LANGE LAKENSTRAAT 33;1
DE VLINT-ZUIDWEST;1
STADSFENNEN;1
"Voormalig AMK terrein Grote Blauwe Polder; 't Nopeind";1
"Voormalig AMK-terrein: Centrum; Lange Voorhout";1
WIJCHENS MEER;2
Papendijk;1
"KAPEL TEN HOVE; KAPELHOF";1
'T VELD, ZOMERDIJK 2;1
Langebaanjd;7
De Halle Rooseveltlaan 1A;1
OOSTERPOORTSBRUG;1
VOLKERAK;1
BURCHTBOS, KAVEL L57;1
RITTHEM SCHOTTEWEG;1
Babelweg / Kromme Weg;1
matsloot;1
ANNERVEENSCHEKANAAL;1
Mathenesserweg;1
Rode Torenstraat 10-12 'De Munt';1
Achterdijk, sportterrein;2
STOCKVELD;2
KIJKDUIN;1
"Kasteel Huis te Roosendaal; Het Leengoed";1
Den Helster;2
KRAGGENBURGERWEG, KAVEL T71;1
"Tarpanweg; Kavel H66";1
BUITENKADE 89;1
DE KROON;3
Zuidkade 28-31;1
midden heysweg;2
kobeetjedraai;1
Rolderdiep, Gasterenseweg;1
NIEUWERKERKE;3
WARMENHUIZEN;1
GEDEMPTE GRACHT NIEUWPOORT;1
WRAKKENPAD, RUTTENSE PAD, KAVEL A31;1
PUTTERENG;1
Heideslag;6
OUDE NAARDERWEG-TAFELBERG;1
HELWEG;7
KSG-terrein;3
Kerkekkers;1
BUDSCHOP;1
FREDERIKS-OORDEN/RIJNSBURGERWEG;1
BOERDERIJ CHARDON 01;1
KORREBOS, NABIJ GOUDSBERG;1
Vloeiakker (Oude Lieshoutseweg / Eimbert);1
Vledder Aa;1
COLDENHOVENSEWEG;1
STRAND SLUFTER-ZUID;1
ACADEMIEPLEIN;1
HUNEBED D5;1
MEINWEG SM BEATRIX;2
Noordhofpolder;2
ZWARTE SLOTEN;1
ZWEELOERVELD-LAUWVELD;1
HOF TE MALLEM;1
DIEPVEN;2
Toekomstig bedrijventerrein Hattemerbroek;1
Prins Hendrikstraat;2
HOEFGRAAF;3
Fort de Roovere;1
Kerkstraat 5, 11 en 13;1
HAVELTERBERG-HUNNEHUIS;1
JARDINGA;1
OLIEMOLENWAL;1
campvlietweg 6;1
Weijnsbosch;1
Europastraat;1
DE ZOOM;3
HOEVE DE KAMPE;1
"NERGENA ; LEUNIS DIJK";1
DE HEEG;3
WEIDEHOEVE;1
EEMSTEIN;4
Voorstsestraat;1
De Boegent;1
WOLFSBERG;1
de Batterijen;2
HEIBLOEMSTRAAT;2
NOORDZIJDE;14
MARSDIJK;9
HOOFSTRAAT;1
KRAKENBURG;1
HEILAREN NOORD;1
"SLIKPOLDER; ELSKENSWEG";1
Baarschotsestraat 64;2
Almondeweg;1
LEERSUMSCHE VELD;2
HESSENVELD;1
SCHOKLAND, REDEWEG, KAVEL P35/P36;1
KANAAL ALMELO NORDHORN;1
Aerdenburg Herinrichting Markt;1
DE HERD;1
NOORDERPLANTSOEN;1
LOCHEMSE BERG;3
HERENSINGEL;1
Cuperstraat;1
DE LOGT;1
"Biesweg; Kavel T21";1
JANSSTRAAT 79 (BISSCHOPPELIJK MUSEUM);1
"HAL ; ESSCHE STROOM";1
Dieland;1
De Kluis - Herenweg;1
"Huiner Enk; Bato's weg nr. 11";1
CICHOREILAAN 7;1
LANGS DE UITHOVENSE WEG, voormalig AMK-terrein;1
Beerninkweg 7;1
Majoor Huthstraat;1
OERLE;1
Klooster olv Berg/ Nieuwpoort;1
Heiweg/Voerenweg;1
Spoorweg Woerden- Harmelen;4
Esschervoort;1
plangebied Landgoed Sandtstaete;1
Vp 52 (centraal-plateau-rapport);1
Bloemakkers;1
RENESSE;1
Breegraven (hoek schoolplein);1
Houtsmarktschool/Groenteveiling;1
MOSSELSE VELD;1
GALLANTIJNSE WAARD;1
01.038 Westhavenkade/Vettenoordsekade;1
"Bakelse Dijk; voormalig AMK-terrein";1
De Hoef;4
Dorpeldijk/Heldamweg;1
NOORD-IJSSELDIJK;17
ACHT 1;1
OOSTKANT HOEK KERKVELD/NEDEREIND.WG.;1
'T VENNEGIEN-WIJSTERSEWEG;1
MOLENAKKER-ERF A EN B-CLUSTER B;1
Oostereiland-Havenlicht;1
TORENWEIDE;1
Trace gasleiding Delta;1
KLOOSTER WSCH;1
BERGHAREN-DE WEEM;1
Bijdorp IV;1
HUNEBED O1;1
Kortgerecht 4;1
ZUURSTUKKEN;1
FRANSCHE KAMPHEIDE;1
Hoefzicht II;1
"Hopweg; Kavel K12";1
KWADEN BONGERD;1
OP DEN BOSCH;3
DE ZEEMANS;1
Domburg Badhotel;1
WEG GIETEN-ASSEN;1
ODIJK;11
ST. JACOBSSTRAAT;1
BURCHTTOCHTH, KAVEL M29;1
Land van Wehl;1
"GOORLOOP ; KARELLAAN";1
POLDER OTERLEEEK (VINDPLAATS 28);1
De Beukenvallei;1
Gilzeweg;1
KRUISHEINING;1
SALVATOR KAPEL;1
Achterdijk, voormalig AMK-terrein 11500;1
SLOOTWIJKERSTEEG;1
PAGELAAN;1
BOSCHGEEST;1
GROTE VLASROOT;1
PUTBROEK-SLUFFERD;1
Achterstrijpseweg 3;1
TER HOFSTEDE;1
Zandbergseweg Hernen;1
ANNENDAAL;7
Villapark;1
Voormalig AMK-terrein M9501 / CMA16E-A05: Landgoed de Eese;1
MIERLO HOUT;1
Groningen Airport Eelde;1
TERP HARTENTORP;1
BOVENBUURTWEG;1
ONLAND;1
LUTJELOOSCHEMEDEN;1
TEN ZUIDOOSTEN VAN STANDBEELD DE WET;1
Witte Kerkje, Dorpringweg;1
Altena Hoeve;1
HULSBERG;11
SITTARD;1
WARENHUIS HULS;1
SIMMELINK/PELLINK;1
STEIJL;2
N217, Binnenbedijkte Maas;1
HOUTERHOF;3
KAVEL GZ80A;1
WINTERSWIJK;12
Uitbreiding golfbaan Vlietzone;1
BRONSBERGEN;1
Munnikenhof  Oost;1
STOLWIJK KERK;1
"KOEKENBERGWEG ; JAGTLUSTWEG";1
IJsselkade;2
TRUERDERDYK;1
KERKWEG II;2
Woerdjes;1
Wieken Vinkenhoef, perceel 263;2
THANS ONBEKEND;3
Dorpstraat 72;1
KUINDERWEG, KAVEL M130;2
VELDHUIZEN A;1
Op de Kemp;1
SPAANSE STEEG;12
GEES;1
Landgoed Bonaventura;1
BOVENKERKSE WEG 53 55;1
De Mersken;4
ERVE LEUGENMORS;1
KAPPERSBERGEN;1
LAND VAN AAFJES;1
VOLKSTUINTJE ,NIEUWENHUIS, M.;1
ZWARTSLUIS;1
Tiel-Binnenheuvel;1
Hazeldonk windmolen;1
HEERESTRAAT;1
BEDAFSE BRUG;2
"Vliegtuigweg; Kavel P4-II";1
KOESTUKKEN EN MARSEN;2
SCHEEWEG-SITE 20.03;1
KRUSSELKAMPEN;10
Marinierskazerne Vlissingen;1
OOSTERMADE;1
Algemiene wei;1
BOERDERIJ DE BAKKER HOLTERWEG;1
DE KOEKOEK;3
POLDER NEDEREIND [ VINDPLAATS 12 ];1
"ST.SERVAES KERK; KEIZER KARELPLEIN 3";1
GREBBE;2
OMG. BOSCH EN VAART;1
EMMINKHUIZERBERG;1
LATHUMSE WAARD;1
HOEVE LOOIJENDAAL;1
POLDER HET MUNNIKENLAND VAN WESTMAAS;1
NOORDZEE NCP BLOK R6;1
SASSENSTRAAT;1
ACHTER S M BEATRIX;1
Annanina's Rust;1
17 AGGELEN;2
ERMELOSE HEIDE, grafheuvel XXI;1
HOLTINGE-SMEENHOLTEN;4
Pottebakkersrijge;1
PARKLAAN (BIJ RIPPERDAPARK);1
PEELER ESCH;1
Haagdijk;1
NS Voorburg;1
Berenstraat 26-30;1
Kerkstraat 4;2
DE HAAG;1
HOOG DOORWERTH;1
BRIKWEG, PAMPUSBOS, KAVEL AZ115;1
DE WATERBURCHT/HAVEZATHE THERBORCH;2
De stadsmuur aan de Spinhuiswal en Zuidwal;1
ABTSTOCHT, KAVEL E81;1
Nederlands Hervormde kerk;1
Paradijsstraat;1
DEURZERDIEP-RIJKSWEG 33;1
N23 trace, deelgebied 1;1
STOKKERSVELD;1
OLDEHEEM;1
"Het Kleinpasfort; Toren van Bourgondie";1
Klein Wolfslaar 26;1
HOOG VONDER;1
Boerderij 'de Boeije';1
Maasstraat 5;1
Smakterheide III;1
ZUIDERBUURT I;1
Van der Brugghenstraat;1
BOSWEG;21
Fresh Park;2
Blokhuizen (Geddingmore);1
OPPER HAUDMARE;1
VLASMARKT 23-25;1
Aalsum;1
DREUMELSCHE WAARD;7
Merletgaarde;1
EINIGHAUSEN;3
Gapingse Weg;1
ACHTERLO I;1
EUROPAWEG, voormalig AMK-terrein;1
"Voormalig AMK-terrein: Elspeetsche Heide; Nunspeterweg";1
DE HOLTEN;6
WOLFSDARM;1
"KASTEELDREEF; MEERWIJKWEG; A2";1
slootkanten;1
IJpelaar;1
DE PARAPLUE;1
Centraleweg;2
OOSTPOLDER;5
"VRAKKER-WEST; HULSTERDIJK";1
"Kavels J140; J141";1
CRUQUIUSLAAN;2
ONRUST;1
T KLOOSTER;1
De Graven Es;1
GROENE DIJKJE;2
TELGTERWEG 38 / KONIJNENBERG;1
ENGELAND;1
VOORMALIG KASTEEL TORENBURG;2
deelgebied T5-Oost-oost;1
VLUCHTSCHACHT POLDER ACHTHOVEN;1
KRUISPUNT HEESCH;1
Beusichemseweg zuid 21, Kniphoek;1
Begraafplaats Elzenhof Harderwijk;1
MIDDENKETEL;1
WEIPOORTSE VLIET;2
Paaldere;1
VINKERSTR. VINKERDWARSSTR.;1
DOESBURGERHEIDE;3
LIESSENT;1
"""Hogerhuis""";1
Heilaar-Noord;1
OUDEKERKERLAAN 116-DE STENEN KAMER;1
Waterbergingslocatie Industrieweg;1
Voorste Heusden;2
"DE HUT; DE GLASHUT; DE VURIGE WAGEN";1
Heelerpeel;1
KROMMEHOEKSTRAAT;2
Brinkgreven;1
Lage Steeg;1
LANGEVOORHOUT 7/HOGE NIEUWSTR. 8;1
Witveld (Schoolstraat 9-11);1
SCHAGEN-MARKT;1
ZUIDEELSCHE LANDEN;1
Oostbroek / A9;1
"Bloemakkers; terreinen Vos en Hoving";1
LANGS VALTHERDIJK;1
Kodaklocatie Odijk;1
POLDER NOORD KETHEL 11;1
UBBERGSE VELDWEG 201;1
HOOILANDEN;5
OUDE DIJKSTERWEG;2
ROUWVEN;8
HEEMSTEDE;1
"Dommelsvoort; vindplaats 5";1
"Bosstraat; Prinsendijk";1
Groen van Prinsterersingel 42-44 te Gouda;1
Sint Josefschool;1
04.065 Holyweg (Olsthoornplas);1
BIJ BOERDIJK;1
"GAGELDONK; HAAGSE BEEMDEN";1
Gijzenrooi;1
MUURBLOEMWEG;1
Spijt 4;1
De Manning/Molenweg;1
Sportpark;8
"VOGELZICHT; VOGELPOLDER";1
Obrechtstraat 4;1
Eerlandsestraat;2
HOFSTEDE TE VLIET;2
BRAAT VINDPLAATS III;1
RIJKSWEG ZUID;1
LAGE HUNEBORG;4
SCHAAPSDRIFT 2;1
VRIJENBERG;2
RING 29;1
Ravensbosch;1
"HET SLOTJE TE RIJSWIJK;";1
RIGGEN;1
Aartsberg;2
Otmansweg;1
Kaai, MIA, Verduijn;1
Wethouder van Gamerenstraat;1
OUD-HONTENISSE;1
SAVELSBOSCH;5
BOERSBERG, voormalig AMK-terrein;1
Kolkpad;1
Middelveld;24
Engelenhof;1
KAAPSWEG;1
HUIS WESTERHOLT;1
NOORDZEE ZANDVOORT NCP BLOK Q11;1
Lage Giessen 18;1
Heemsteedseweg 28;1
Scheer 2;1
POLDER BUITENLAND, REESTIJN;1
Westerveldsweg;3
MOUTZHOFWEG;1
Ambtmanstraat 22;1
POLKESTRAAT;1
CLEMATISLAAN;1
DEKNOLLE;1
ORA ET LABORA;4
Bree;1
SYPERHOF;1
LANGE WAALSEWEG;1
De Vlaas (Bavaria-terrein);1
MOLENZOOM, STANDERDMOLEN, SPOOR OOSTZ.;1
IJmuiderslag;1
DOEZUMERTOCHT;1
Varseneres;1
STRIJWAARD;1
Jeugdlaan;2
"ZUIDZIJDSE DIJK; WATERING";1
Dreef 34;1
Papiermolen Het Herderskind;1
WALDFEUCHTERBAAN;3
DRIEWEGEN;1
Schuilenburg;1
ZWAKE / ZWAAKSE WEEL;1
Oosthaven 8;1
TRAPVELDJE;1
DE HEMMER;5
"Engerstraat; voormalig AMK-terrein";1
St. Aagtendijk;1
DE KLAPROOS;12
Appartementencomplex blok F;1
BIESWEERD 1;1
WELDAM;1
BOERDERIJ HET PALEIS;1
Heiveld;2
HALHOLTEN;4
DE MEENT;2
Ambthuisstraat;1
ST. MAARTEN DE GROE;1
Rotonde Tzummarum;1
BROEKHUIZERBROEK;3
SCHINKELSTRAAT;1
BORRENDAMME;2
DUKENBURG;2
Wattelsweg;3
LOONERESCH;1
AALKEET BUITEN 064;1
NEDERHOF;1
Landschapselement C;1
HEELDERPEEL;6
Plangebied Lockhorstpark te Didam;1
NOORD IJSSELDIJK;1
WOLBEEK;2
Centr. as-deelgeb. 118;1
ZEVENAAR;7
Gasthuis/Dom.Klooster;1
Westerstraat 65;1
Harinxmastate;1
Hulsterloostraat 48;1
HEEL-BOGAERS-PANHEELDERWEG;1
Zaanweg;1
PLASMOLENSCHOF;1
Roermondseweg;7
Heidestraat;1
"Oude Pastorie; Vroenhof";1
KWINTELOOYEN;17
MOLENSTRAAT-HOGE WOERD;1
ACHTERDORP 7;1
Plangebied Zonnedauw/Kulertseweg;1
STRAND BRESKENS - CADZAND;1
TEN ZUIDEN VAN IJZEREN;1
Polfermolen 2;1
Veneind;3
DE HAMMEN;1
HONDSDIJKSE POLDER (WEST);1
KLUTENWEG, KAVEL G19;1
Kavel A58;1
BULKEMSBROEK;1
Kleefveld;4
DE LOCHT;2
BOERENKAVELWEG;1
Zuidhorn Middeleeuwse brug;1
MOLENES;2
NIEUW-HERLAER;1
DORAHOEVE;1
Boelenham;1
Donderbergweg;1
Rijksweg 73 Zuid: F4;1
NEELTJE JANS;1
Sandtlaan;1
Briasweg;1
Hanssumer weerd;1
ZUILENSTEINSCHE BOS;2
KRUITTORENWEG/ POLITIEKAZERNE;1
Berend van Hackfortweg 31;1
BLIJHAMSTERWEG;1
ALPHEN-DORP;1
Berkel;2
VOGELZAND V;1
LAAREIND, LEVENDAAL, CUNERA-WEG;1
DE SNEPPEN;1
Krouwelstraat;1
Deurningerweg-Mekkelhorstweg;1
Withag;2
NOORDBARGE;1
Beusichemseweg, Lekdijk;1
HAVENDIJK;1
KALDENDIJK;1
't Hoochwerf;1
"KOEDIJKER WEG; ESVELDERBEEK";2
WICKENBURGHSEWEG;9
Werkvak 4;1
DONKERSVOORT;1
De Smis;1
Neereind, Schalkwijkse Wetering, Voormalig AMK-terrein 11393;1
"DE HOGE WOERD ; CASTELLUMLAAN";1
ST.MARTINUS KERK;1
Castermans 2;1
BIJ DIEPENVEEN;1
Kavel F96;1
RIJKSSTRAATWEG 57;1
EENER VELD 1;1
HOOGOVENS;2
't Heihuis;2
DE VERMANING;2
WAGENSTRAAT;2
TWEE GEERDEN;2
WEERTERHEIDE;1
01.075 Groen van Prinsterestraat;1
SCHOONDERBEKERWEG;1
OUDE HUIS;1
N357;6
ES VAN ZEEGSE;1
TABAKSWEG 8-10;2
Ankergebied 5 wrak 2;1
ASSENDELVER POLDERS-SITE J-VINDPL.4;1
Witmoesdijk;1
Plangebied Achten Peeters;1
KLEINE VRIJHEID, voormalig AMK-terrein;1
BEEMSTERLAAN 25;1
Bastion IX;1
"DE GROENE STER; DE MERRIEDOBBE";1
Smoutweg;1
PAPEWEG;1
Postweg 5;1
BORG JUIST;1
GROTE MARKT (SLEUF VOOR VLEESHAL);1
TEN WESTEN VAN DE KREEL;1
DE WEERTER KEMPEN;1
Hendrik Kraemerpark;1
BONREPAS 21;1
ZUIDOOST VAN DORPSKERN;1
BIJENKORF;2
V&D-ACHTER CLARENBURG-VREEBURG;1
Polder Arkel, Onderweg;7
"MEERVELD; DE BROEKELD";1
Uitgeesterweg 3;2
Zuidelijke Achterweg;3
KAVEL N29/N30;1
"Proosten; Westpolder";1
Spilbroekschool;1
FONEJACHTBRUG;1
"HET HEITJE;";1
VORRELVEEN-PRAIRIEHOEVE;1
DORPSSTRAAT 39;1
WEESHUISSTEEG;1
HENGELAND;3
Hoeve Haertelstein;1
Daalakkers;2
Schip 'Woerden 7';1
Kaapsche Bossen, De Kaap, Voormalig AMK-terrein;1
POLDER WIJNGAARDEN;5
Breestraat 7;1
Teteringen Waterakkers en Bouverijen;1
Middelvliet;6
Beekhuizerzand;2
WILDENBERG SPOORLIJN;2
Kerkpolder;2
DE MORTEL;2
Fort Prins Frederik;1
Nieuwe begraafplaats/Prins Bernhardstraat;1
WULLENBERG;1
ULFT;4
WITTERWEG-ZUID;1
Den Hogerd;1
ZWIJNSBERGEN;1
Voormalig AMK-terrein M13250 / CMA38G-A04;1
ST MAARTENSLAAN 26;1
BOSCHERVELD;1
"VROENHOFSTEEG; ZWEMBAD";1
DE TOMBEN;1
HAAGDOORNLAAN;2
BOSCHWEG;2
Zorgwijk;2
VOSSENBURG/GOLDBERG;2
Nieuw Loosdrechtsedijk 132;1
KAUTERHEUVEL;12
Middenloop Vledder Aa;1
GALGEWATER;1
Zwavertsweg;1
SCHOOLSTEEG;1
KUINDERWEG, KAVEL M65;1
UITWEDSMEE;1
BIESEKUILEN;1
KONINGSTRAAT 7 (ACHTER GR.MARKT 6);1
Smalstraat - Kasteeltraverse;1
"Mariapolder; Buitenwal";1
DE BRIE;4
Kortenhoevenseweg en Anna Maria van Schuurmanplein;1
KAVEL O27;2
ZUIDELIJKE VASSER HEIDE;11
"Steendammeweg; Westerscheldetunnel";1
DE HOGT;1
Daalseweg;4
Westerland;1
ENGELANDERWEG 17;1
HELKAMPEN EN KERKSTUKKEN;1
WILHELMINAKADE;1
"Prof. Brandsmaweg; Kavel E81";1
Fabriek Ter Horst;1
Wevestraat;1
HALLERWEG;12
BERKHOUT;196
"Klein Hanssum; Hanssummerweerd";1
Oostmolen;1
VAARTWEG-OOST;1
Delleweg;2
Zuidelijke Lekuiterwaard;1
TIGGELT;1
ZANDWEG 28 EN 29;1
HEUSDEN;1
Teersche Sluispolder;1
Noordzee Molengat 2 NCP Blok L18;1
"Voormalig AMK-terrein; Kavel K84-I";1
Burgemeester Krollaan;2
ERVE SCHONEVELD;1
N. VAN INGBERGRACHTWEG;1
Voormalig AMK-terrein M10392 / CMA37G-023: Aalkeet-Buitenpolder;1
MARIJENKAMPEN;1
BLERICK/KOELBROEK/1989-2;1
'T VELD;3
KAVEL O7;1
BUCHT;3
05.038 Watersportweg 5;1
Schoonlooer Strubben;1
Zwiksweg 18;1
HOOGEKAMP;9
CRAYENSTEIN;3
WATERTOREN-BULLENLAND-TUMULUS I;1
SEVENUM;1
"Monument; voormalig AMK-terrein";1
Savelveld, locatie 10;1
VONDELWEG (V.D. AART SPORTPARK);1
ULKEWEG 636;1
Haantjes Vliet;1
Vijfdeimpt;1
Damwander Polder;1
"HARINGHUIZEN ; DE HOOGBIEREN";1
STEENSELSE WEG;2
'T WOOLSCHOT;1
NOORDERMEERDIJK, KAVEL B20;1
DE VLIEGERT;1
DORPSSTRAAT RENES;1
REGENBOOGSTRAAT 27;1
MOLENBEEK;8
Kavel T3;1
HAMDIJK - HOUWINGAHAM;1
landsrade;1
LANDWERINGSTRAAT;2
Lage Kuilen, Aan de Weerheg;1
DAMSTRAAT (SPAARNE / BAKENESSERGRACHT);1
kavel E113 Ketelmeerweg;1
Vlietskade;1
de Hendrik Leemreizestraat 2;1
Zuiderzeestraat/ Molenweg;1
De Schijf;4
"OOSTERBUURT; CRONENBURG";1
WELTERHOF;2
WOERDSESTRAAT;5
KESSELSCHE VELDEN;1
"BOSWEG ; DE PAARDEKOP";1
YERSEKE MOER;1
LINDEVELD;4
Langebrug-Steenschuur;1
HAMBROEKEN-BIJ VOORSTE DIEP;2
VLIJMENS VEN;1
ZENDONKSCHE VELD/BEERSCHE MAAS;1
D27B-STEENKELDER;1
"'T OORTJE; BEEKER OORTJE; OIRTKEN";1
DE MER I;1
Perduinsweg;1
"WEZEL - NOORD ; HET GOOR II";1
Veller II, plangebied B;1
ZANDWEG, SINGEL, GARAGE DE BEIJER;1
Allemanswaard;2
Jammerdaalse Heide;1
Berghoeve;1
WAGENDWARSPAD;1
DE DAM;1
KNIPHORSTBOS-ZUID/TUM.II;1
JOHANNES POSTWEG, KAVEL J77;3
HOOIBLOK;1
DE BURCHT;5
"De Helling ; Bergweg";1
KAPELLEWEG;2
PEURSEMSE WEG;1
VELPERPLEIN;1
Waterkelders;1
"EIKENBOOMGAARD;TERWAENEN;VARKENSMRKT";1
weerterbergen;2
Pasveld;2
HOLTERWEG-ZUID;1
De Poel 2/Rijksweg A-58;1
Lutherse kerk;1
Bebouwde kom en industrieterrein ten zuiden van bebouwde kom;1
HENSENBOS;1
AALKEET BUITEN 040;1
Gasfabriek;1
Schurinkstraat 44;1
Hogedorpstraat;1
HET WESTEINDE;1
Bakkaard;6
Springertpolder;1
"BOLLEBERG; BOLLENBERG";2
SUDWEI;4
NVO Den Inkel;1
"GEESTMERAMBACHT ; SASKESLOOT";1
Oostromsdijkje;2
LINNERBOSCH;4
HERENDIJK-NOORD;1
Plantsoenstraat;1
WULVENHORST;1
"PITTESTEEG ; MOLENWEG";1
Prins Bernhardstraat;6
Pastoorsweijer;1
HARENSCHE BROEK;3
DE KANDELAAR 02;1
FLEDDERS 7;1
LANGE WEI;1
LEMSELO SCHOOL;1
GALGENPLEK;3
KOSBERG;2
DONKHORST;5
AARDJESBERG - WESTERHEIDE;1
"W.A. SCHOLTENLAAN ; HOUTSNIPLAAN";1
LICHTENBERG;1
ESK;1
TEN WESTEN VAN KASTEEL HILLENRAEDT;1
Pompst.;1
REEENBOSSCHEN;1
HOENDERLOSE WEG;1
FLEUERWEG;2
Kanunnikesven;1
de Scheiding;1
BRINKSTRAAT-NOORD;2
LIDLUMERWEI;1
OOSTERENDWEG;1
"DE LANTERD; LANDERD; LANKERD";1
Oude Aaltenseweg;1
N348, vindplaats 2a;1
Langschoterweg/West Breukelderweg;1
HET SPANK;1
Warwijksestraat;1
TROOST;1
OLDENDIEVER;2
Gerritsland / Gravenstraat;1
MOLENWEI;1
D23-WEST;1
Sint Antonypolder;1
RIJSSEN;4
tegenover Stenen Kamer, Molenstraatje / Parallelweg E31-A15;1
Uden Noord;1
Heiland;1
Korte Nobelstraat 24+28;1
5B3 Vogelhorst/ Villapark;1
Noordmanshoek/ 't Zielhuis;1
Wogmeer 107;1
GROENMARKT/BOTERMARKT;1
EESERVLED;1
JONKHOF;1
STRAND HOOGDUIN;2
"Kruisweg; Tiberiusplein";1
OUD VERLAAT;1
Niftrikse Waard;1
TERBORG/GRAVENPAD;1
D19 - MARELESCH;1
BEEKMANSTRAAT;2
Venko-Velden;1
Baandertbrug;1
ARNEMUIDEN;3
Smalle Kade;1
Kasteelcomplex;1
CALLANTSOOG PAAL 16.4;1
OOSTERRINGWEG, KAVEL L11/L19;1
Theerestraat (t.o. nr. 107);1
Huysbongerdweg/Vlootbeek;2
GEESTMERAMBACHT-DIEPSMEER;1
VOORMALIGE ST. MARTINUSKERK;1
NOORDZEE NCP BLOK M13 (M11);1
OVENTJE;1
KASTEREN;2
UTRECHTSE STR.WEG,TEN O VAN DE KROON;1
Noordzee NCP Blok P12 2;1
SIER 1;1
VLIEGTUIGWEG, KAVEL O26;2
Driehoek Blauwenoord;1
OOSTERVELD-OOST;1
Vennewaterspolder;57
HEERSTAAYEN;2
"Hertenweg; Kavel O99";1
ZEVENDAL;7
DE VIJFTIG BUNDER;1
Hogenboschweg;1
CLEIJN DUIN;1
Warder 110;1
LUSTOORD;2
"STRIJP ; VALKENDIJK";7
SIDDEBUREN;1
Roosbergseweg 16;1
Hulsel - Kerkekkers;1
SCHELFHOUT-NOORD;1
BLOKSGOOR;1
PLAN HORST-MOLENWEG;1
KEIZERSTRAAT;3
De Kooi;1
Bolderweg 16, De Vaart;1
STADSWEIDE;2
Dorpsweg 8-9;1
"HOEVE KRONENBURG; CRONENBURG";1
BANDKERAMIEKSTR./RIVIUSSTR.;1
MACHAREN;5
voormalige terp naats de ijsbaan;1
Gebroken diek;1
ZUIDERMAATWEG;2
OOSTHALEN;3
VLIESTROOM 2;1
POLDER HEERJANSDAM;3
STATIONSSTRAAT;3
Budel-Noord, Duitse School;1
HOEKSLOOT;1
Segersdreef;1
ZWIGGELTERWEG;1
DEDEMSWEG;1
"POLDER MIJZEN ; OOSTMIJZERDIJK";1
Wehmerweg;1
OOSSELD;1
Molsberg;1
Waterwingebied W.M.L.;1
Bornsedijk;1
"KLEVERSKERKE; Oude Kleverskerkseweg";1
NOORDZEE EUROGEUL 10 NCP BLOK P17;1
MARSKAMP;3
SLIFFERT-POOT VAN METZ;1
"TER HORST; DE DIJK";2
SAMSONTERREIN / WILHELMINALAAN;1
Langelosche Stukken;1
ZUIDER BOERPLAATSEN;1
MANEGE;2
Stationsgebied, 'De Blincken';1
STEENBAKKERIJ;1
"Eendenweg; Kavel D37";1
Neeritter;6
SAAMSWEG;1
"CENTRUM; DORPSSTRAAT/STADSGRACHT";1
ALTWEERT;1
Blankenburgsestraat perceel 1013;1
SPEKREIS;2
GROTE HOUTSTRAAT 113 - 115;1
BEDRIJVENTERREIN WIJNBERGEN;3
WARNSBORN;2
Medel 2 - Bredesteeg;1
KARSTRAAT;11
Aldenhaag;1
Vrijstraat 9;1
STRIJPSE WEG;1
Mijnsheerenwaard;1
Scheepmakersdijk 7;1
PALENWEG, KAVEL E174;3
Eversberg 1;1
TE WERVE;4
KIEFTENLAND;1
WAALSE WEG 5;1
HOVENSREED;1
DERKINKS MATEN;1
Monster-Noord/Haagweg;1
FERINGA-STATE;1
"'T GOY ; GOYSE DORP";1
GENOENHUIS-SITE C;1
achtertuin van Begoniastraat 52;1
RECHT VAN TER LEEDE;1
Klein Kooidiep - Zuid;1
DWARSTOCHT;3
DE HOGE STEEG;2
Ruffelseweg;1
Plan Pleintje Kaak te Terborg;1
"LANGEL; GALGESTRAAT";1
MGR. WILLEKENSLAAN;1
HELAKKER;1
"NIEUW STERKENBURG ; BEUKENRODE";1
Rijksweg en Boterdijk;1
Mollekade;2
LOONSE WEG;1
Den Huij;1
01.013 Waalstraat 53/55 (klooster);1
ACHTERSTE HOLTEN;9
Boerdijk;1
"Oude Maastrichtse Baan; voormalig AMK-terrein";1
Buorren;2
kasteel Coll;1
"Roggebotbos; Kavel N42";1
WAELNES;1
BOSMANSLANDEN;2
Karstraat;4
Kasteel Lankveld;1
FLAAUWERS;2
IJSSEL DOESBURG 1;1
TONCKENSBOS 25;1
LAMBERSBERGJE;1
KAVEL C85/86 OF KAVEL C86/C87;1
ZUWEDIJK 1;1
GROOTE WOLDWEG 58;1
KENWERD;1
Haagweg, van Gend & Loos terrein;1
LEYENGRAAFWEG;1
STENENDIJK;1
Heugemerstraat 114-116;1
Ten Noorden van Bahneheide;1
HUNZE/OOSTERMOERSCHE VAART;1
WIJNALDUM DORPSTERP;1
HUNEHUIS;1
KASTEEL DEVER;1
ASSELSE STRAAT;1
DUISTERWINKEL;1
HOPWEG, KAVEL K24;1
KEETEN 10;1
Uilenkasteel;1
DE HOOILANDEN;1
"Vliegtuigweg; Kavel O27";1
DE ZAAL;1
DE HOFAKKER;1
Dunningen;1
Fortuinstraat 1;1
Schengweg 5a-7;1
HAZENBOSCH, voormalig AMK terrein;1
HET LAAR;6
Gerbenesseweg 14;1
HUISHOUDSCHOOL;1
Korte Bredestraat 71;1
NH KERK;142
"Zaamslag-Torenberg;  De Torenhoeve";1
Lanciers kazerne;1
Waagplein (proefsleuf herbestrating);1
"Parade 16; Paradegebied";1
VARSSEL (GOLFCLUB 'T ZELLE);1
Zwolseweg;2
Hosterd;1
OOSTVAARDERSPLASSEN;1
Grinsel,Triestpad;1
VARSSEVELDERWEG;1
POLDER DE VIJF VEREENIGDEN;4
LANGE RAAMSTRAAT 34;1
VISSERSTRAAT;1
Abersonplein;2
ACHTERSTE MOST;1
Hobbendonken;1
ZEEGSE;1
Bouta;1
HET MEER;8
polder Binnenland;1
DE GOORNS;1
N.O. CATWICKERZAND;1
Houtmolen;1
WIJKERSLOOTSEWEG TE NIEUWEGEIN;1
Molenlaan 7;1
Hofplein/Ramen;1
Bernhardstraat;3
Bedrijventerrein fase 2;1
LEEDJES;1
HUISPLAATS;1
OOSTELIJK FLEVOLAND;2
ANSEN;2
Waanweg;1
BURGZAND NOORD 16;1
LAGE BLOK;3
UITGEESTERZIJWEG;1
N299, Oosteromsdijkje en busbaan;1
Waardlaan 6;1
Heijenrath;1
"KLEINE KAMP; HAGERHOF";1
bedrijventerrein De Glinde;1
JANSSTRAAT 46 (GERECHT-CECILIAKLOOSTER);1
Dorpsstraat 67 (gemeentehuis Elst);1
VAREL;4
HOGE WOERD 16;1
JAN MATHIJSSENLAAN 4-6;1
Markt 16;1
Baaneind;3
19.28 OUDE CAMPSPOLDER;1
BOOMKATERS EN DOCHTERSLANDEN;2
MAASVLAKTE 1;1
OMGEVING DE OELEMARS;1
LEEMVAART, KAVEL T33;1
Heesakkerstraat;1
"Terschelling Boschplaat; Paal 28, 1";1
HELVEEN-ERVE NIJWENING;1
Broeklingstraat;1
Hommerzaad-Heesberg;1
HET SPIJK;1
Veestraat, Vroom en Dreesman;1
HONGERVELDSCHE HOVE;1
DE VOSSENBOS;3
SCHRAPPINGA;1
Professor Schermerhornlaan;1
"Zuiveringsinstallatie; Groenekanseweg 185";1
Technopark;2
KLAVERSEWEG;1
TOUPSBERGSTRAAT 42;1
Maasdijk-Singelstraat;1
ISENDOORNSTRAAT 3;1
T SPITAEL;1
MIDDEN WEIHOEK;1
DE SCHEUTERT;1
SPOORLIJN;4
EMMER HOOILANDEN-WESTENESCH;1
HAMERDEN;1
WITVEN;1
Huisvenseweg;1
Oostvlietpolder;5
kwegt;4
Striksteeg;1
Mosselkreek;1
kasteel Nijenrode;1
Weltertuynstraat 61;1
D16-BALLOER ES;1
CASTELR?;2
Het Heiligt;1
"Antwerpse Baan; voormalig AMK-terrein";1
POLDER NEDEREIND [ VINDPLAATS I ];1
OUD ZEVENAAR;1
01.100 Markt (gat iin de markt, boring);1
GEDEMPTE DAMSTERDIEP;1
GLANERBEEK;3
Noordergronden 2 NCP BLOK M10;1
REIJENDIJK;1
"GROOT LINDENSCHE SLUIS; VOGELENPAS";1
Hellevoetsluis rijksstraatweg tussen 157 en 159;1
kavel E92 Prof Brandsmaweg;1
FORT;1
Zandleij;1
TER HORSTERZAND;1
ZUID-HAFFEL;1
DEGOUDHAAR;1
Grote Noord, achter nrs. 12-16;1
Aenjepoul;1
Tempsplein;1
ALMELOSE VEEN;1
HUIS BAANK OF BAAINK;1
DE BAENDJ;1
STEENBANKPAD, KAVEL D51;1
HEYDSENHOEK;2
"SCHEVELINGEN ; HET GOOR";1
EDERHEIDE;1
PRONKVEN;2
VELDBRAKEN;1
WEUSTENRADE;2
PRINSENLAAN;2
DWARS IN DE WEG;3
Grote Molenstraat-Laarsche Zeeg;1
Franekervaart- Tulpstraat;1
VALE PEELWEG;1
VEST;1
STEVERT;1
kreekrakpolder;1
WONING GEINOORD 17;1
KLOOSTER O.L.VROUWENBERG;1
JANSPLAATS;1
BROBBELBIESWEG;1
Kasteel Stapelen;1
grote overbrug;1
Mheer voetbalvelden;1
HORNESTREEK HOEK LANGEDIJK;1
'T SOERLANT;1
"Nieuwe Weg; voormalig AMK-terrein";1
"'T HOGE VELD; SMALSTRAAT";1
Gouderakse Tiendweg;2
GROTE WOORD;1
Lorentz-Oost;1
WILLIBRORDUS/NH KERK;1
KLEINE BEEK;2
Groenestein;1
ZUIDLEIJKE VASSER HEIDE;1
Weverstraat 37;1
"DE KLOOTSKAMP; DE OLFDEN";1
DE KLENCKE;1
Lage dijk;2
UFFELTERBRUG;1
NIEUWE BEER;1
Veiling;1
KALTERBROEKEN;2
LANGE GEERE;1
OVERSTEHOF;5
Nieuwendijk;1
DEPPENBROEK;1
Grote Vliet;6
LANGESTRAAT 33 (BOEKHANDEL);1
REMMERSTEINSE BOS, voormalig AMK-terrein;3
Hoflaan 16-18;2
DE BONGHAAR;2
Leemkolkweg, watertorenweg;1
OOSTEN AKKERS;1
Kruising Bulkseweg en Hoorzik;1
BULLENKAMP, TERREIN A. ALBERS;1
Pechhavens A2;2
Ruimte voor de rivier, vindplaats 5;1
WESTMEEP 1;1
"OUDE POSTBAAN; VELDWEG";1
HARSSEVENNE;1
Stadplein;1
SCHOONOUWENSE WEG 58;1
"Rotherweg; De Raoth";1
"Singelweg; Voormalig AMK-terrein";1
Benthorn;1
DE KAMPBORN / NEUBOURG;2
SPIER;2
'T KLOOSTER;6
Florastraat 43-43A;1
DE KLUIS;8
HUMATEN;2
Noord Achterweg;1
LANGENBERG;6
MAASPOORT (MH);1
Waal Nijmegen / Lent 2;1
Plan Waldijk;1
VOORMALIG GEMEENTEHUIS;2
Zijstuk;2
GROTE HOUTSTRAAT 70;1
Akker ten noorden van de Dorpsweg;1
HET FORT;2
DE ZWARTE HOF;4
De Wildeman - Vindplaats B;1
ACHTERDIJK 2;1
Van Camminghaweg 22;1
OIRSCHOT VII-2;1
LOWAARD;1
BROUWERSTRAAT 4;1
KRICHELSTRAAT - KRICHELBERGSWEG;1
Poortersweg;2
DUIFPOLDER 02;1
ACHTERSTEHOEK / DUIVEN-ZUID;1
HOEDEKENSKERKE;2
KRONENBURG;1
maaswienerte;2
Pepinusbrug;11
KIBBELAARS;1
IJSBAAN;4
ELZENOORD;1
COMMUNICATIEWEG;7
BURGEMEESTER PEECKLAAN;1
Kortgene;1
KOEWEG;1
"HOOGE AKKERS; DE KAPEL";1
STRUIKWAARD;1
01.011 Markt 50 Waaigat;1
VEENDER ENG;1
Kerkbuurt 1-6;1
ZUIDERPOORT;1
MATSLOOT NOORD 05;1
Bovenweg 201 - begraafplaats Vronen;1
"Voormalig AMK-terrein: Polder Groote- en Kleine Lindt; Devel; Kijfhoek";1
"Lindeweg; Kavel M93";1
Zuidwal;1
KONINGSPLEIN;4
Heidenhoekweg;1
van der Molenallee 131;1
Hogeweg/Oud-Ravensteinseweg;1
KEIZERSWEG;1
De Elft;1
BREESTRAAT 117;1
HUNEBED D 16;1
Brommelen;2
DE POPPE;1
BLESDIJKERVELD;3
Varsener Es;1
OOIJ;2
ELKERZEESE WEG;1
"WOLFSNEST; WOLFNEST; SLIEVENSTRAAT";1
Elsweiden;2
Hellebroekerweg;1
RADEMARKT;3
DE MILDERT;1
Berenschot;1
OVERBEEK;1
Zuid Hoofddijk;1
ULO;1
SCHELLACK OUDE VEERSE WEG;1
WEESPERPLEIN/WEESPERSTRAAT;1
SEPPELBOSCHEN VELD;1
OEVERWEG;1
Koterhuizen, terp aan zeedijk;2
SOLBERG I;2
BOUKOUL I;1
Paardensteeg;1
Borgvliet;1
velve-lindenhof;1
BAGGELKAMP;1
'T KLOOSTER / KARSENBORG SCHANS;1
MUSSENBERGSEWEG;1
Hellouw;1
Polder De Vlierbosch;3
Rijndijk 65;1
WITTE PAAL III;1
ST. CLEMENSKERK;2
REIMERSWAAL OESTERDAM;1
HOGE STUK;3
KAUFVELD;2
stuwpand Grave;1
KEETEN 1;1
Cuneraweg 366;1
D32B-WEG NAAR EXLOO;1
BERKENHOEVE;1
DE HOGE WERF;1
BONGART;1
HOOIBAAN;1
Le Chevalierlaan (ong.);1
NORGERVAART 05;1
Appelhaven 20;1
SPOOLDE;4
SLOTEN;1
KAVEL E1120;1
HET RIET;1
Zuiderhoofdstraat tussen 40 en 42;1
D35-VALTHERBOS;1
Reijakker;1
Kamperkaai;1
"MOLENBEEK; TIENRAYSCHEN DIJK";1
HOOGELAND;7
Thomashof;2
Treekerpunt;1
Oude Binnenweg;1
"ISOTOPENWEG ; LAGE WEIDE";1
HARKENBUURT;4
Munsterplein 5;2
DALVOORDEN;1
Hoekelum (locatie 7);1
Zuiderdrift;1
Raaphorst;1
COLSCHATERENK;1
BEERENCLAUW;1
Omgeving Klaphekstraat;1
BENTINCKSTRAAT;1
HET WESTEN;1
Baverde;1
AGTER STRAATSCHE EIND;3
De drie Eiken;1
Zelhemse Enk / Provinciale weg vindplaats 4;1
"Hegewier ; Sandwecch ; Zandweg ; Sanwei";1
Bolbergseweg en Lage Aard;1
Oosterkempkensbergweg;1
"SCHOKLAND ""NOORDPUNT""";1
BEEGDERHEIDE-SITE B;1
"SPEULDERBOSCH ; PRINSENWEG";1
POLDER DE LEEST/NIEUWE WEG;1
PLAN MEERESTEIN II;4
01.090 van Schravendijkplein;1
Kerkpad 15-graf;1
Wieken Vinkenhoef, perceel 243;1
01.018 Havenstraat/Hoogstraat;1
zwembadlocatie;1
URKERWEG, KAVEL J3;1
"20.48 KRALINGERPOLDER; MOLENSLOOT";1
BEEMDSTRAAT;1
Klokstraat;1
Onderstalstraat;1
BRUNISSERHEI;2
VLEDDER AA-NOORDWEST;2
HOGE DUVEKOT;1
SLOOP HUIS;1
SITE C;1
DEN REIN;1
KEITELWEG;2
NOORDSE VELD 7;1
DULDER;3
NIEUW BONAVENTURA;4
BOOGAERTSWEG / CIEWEG;1
DOORNSE GAT;2
"GROOTE PEEL ; OUDE KERKBAAN";1
DE LANTERD, LANKERD, KEUPER HEIDE;1
NABIJ GENOUDENHOF;1
ALTENAPOORT;1
Zuiderloo;5
BROUWERSBOS;1
BINNENSTAD (ACHTERSTRAAT-MAZIJK);1
AUGUSTIJNERKERKHOF;1
RETTERDAMSE WEG;1
Afsluitdijk Waddenzee, wrak ESA N1;1
Kavel H46;1
NOORDERLIJKE HEIDE;1
De Wheme;1
"Overijssels Kanaal; Colmschate Noord";2
Lange Noordstraat 59;1
STAVERHUL;2
Woudseweg/Lotsweg;1
ASBROEKERHEIDE;1
Sint Petersburgweg;1
LANDGOED PEISEN;1
HET HOOILAND;1
IJdinkerf 26;1
Tjalmastrook;2
GEMEENTEWERKEN ACHTERWEG;1
KLEIWEG, KAVEL O53;1
"MARK;";1
RIJNDIJK;12
Meerendonk;1
FAZANTLAAN;1
VILLA VALLEN-ANTONIUSLAAN;1
WIJLSE WEG (WATERZUIVERING);1
OUDDIEMERLAAN;5
HONDSGEMET;4
GROTE HELL;2
TRINTELEN;2
WELLSEIND;1
"Hogeweg ; Keerberg";1
ELFHUIZEN;1
Stuwpand Grave 24;1
VEENHORST;1
Oud-Hamerstede;2
PRUTHUIS;1
"HEERSDIJKBRUG-NOORD; LEERDAMSE WEG/LINGEDIJK, voormalig AMK-terrein";1
LOSSER;19
OENEMASTATE;1
Duisterestraat;1
Grote land;2
GROOTE KAMP;3
kasteel Frissestijn;1
HERENGRACHT 12 T/M 14;1
"OELOVEN; BRUNSSUM II";2
Aanloop Westereems 1;1
HOEKELUMSE BRINKWEG;1
KAPMER ESCH;1
It Sud 19;1
"Sweikhuizen-Zuid; Pepelsberg; Beukenboom voetpad";1
BOKSVEN;1
WAMEL;4
BIEST/SCHEEPSBOUWKADE;1
"Don Bosco; Mgr. Savelbergweg";1
"Voormalig AMK-terrein: Polder Wijngaarden; Provinciale Weg";1
SITE P;1
KUINDERBURCHT II, KAVEL R77;8
Dwarsdijk, Hoekse Dijk;1
Oetelaar;1
Tegenbosch;1
BIJ NIEUWE POLITIEBURO;1
DOEVESTUK;1
Scheemda, Zwaagsterweg;1
Budel-Sportlaan;1
vliegtuigweg kavel J116;1
BATAVIERENWEG;1
Exachem Terrein;1
Allardsoog;1
RECHTERENSE DIJK;1
Hagendoorn;1
DE VEERTIEN BUNDER;1
UITWIJK-DORP;1
Zuidhaffel;1
NIJMEGEN;6
LOCKHORST;1
Joannes de Dooper;1
UITBREIDING DE KOOG;2
NABIJ DE WITTE HOEVE;1
Schiltstraat;1
De Eekhoorn;1
NISTELRODE;9
Verl.Stationsdwarsstraat;1
Onze Lieve Vrouwestraat 30-40;1
HUYS DEVER;2
PIJPSTRAAT;1
HILSEPOORT 13;1
OEVERSTRAAT;2
HUIZER EN LAARDER AANGERECHTEN;1
BIDDINGRINGWEG, KAVEL M8;1
AAN DE BERG UTRECHTSEWEG;1
ZUIDWESTERRINGWEG, KAVEL H52/H53;1
KLOOSTERLANDEN;4
STAMEREN;5
Den Hoogchen Horst, de Dijk;1
Huinerveld;2
Bijzonder Zeeland;1
LEI;2
HEILIGENBERG;3
-KILOMETERPAAL 50;1
KROEZENHOEK;1
TUINWEG;1
BUSCH EN DAM;4
NOORDZEE RIBBEN NCP BLOK S3;1
perceel ten oosten van Zuiderzeestraat;1
Diemen Tolbrug;1
DOPERSWEG;1
DE SCHIETKELDER;1
Trechtweg;1
RIJNSTEIN;1
Gemondseweg;1
MEPPELWEG 1;1
Huize 't Velde;1
T HEK;3
STADHUIS-NIEUWSTRAAT;1
KRALINGERPOLDER 08;1
OCKENBURG;11
Voordenweg;1
DE STENEN BEER (BOERENMAGAZIJN);1
ACHTERVEEN;9
GRASHOEKSE WEG;1
ST.JANSGELEEN;1
Rooysestraat 72;1
Hooiweg 1;1
SCHOOLSTRAAT 4;1
WESTHOVE;3
ARRIERVELD;1
POSBERG LANGSBROEK;1
HELDERSEWEG;1
Eerste Tieflaarse straat, voormalig AMK-terrein;1
WESTSINGEL 1;1
Olieweg;2
Seminarielaan - Beekvlietstraat;1
Hof te Mallem;1
BOSPAD;1
Heide- en Watersteeg;1
Bank van Zoutelande 2;1
Oldemeule;2
GENOENHUIS-SITE A;1
WINTERDIJK 26;1
KROMME STEEG;1
KAPITTELVELD;2
"Domineesweg; Kavel E42/E43";1
GROTE WOLDWEG 88;1
PAAPHORST;1
RIJSDAM;3
Engebeek;1
"Rassenbeektocht; perceel Nz12";2
LINDESTRAAT 1;1
kilewier;1
DE 24 AKKERS;1
VLIEGTUIGWEG, KAVEL O26/O27;1
ZEIJEN;1
ijsbaan;2
WESTWIJK-BEJAARDENTEHUIS DE WETERING;1
GEIJSTERENSE MOLENBEEK;2
WESTERES;5
DOLDERSUMSE STRAAT;1
Kleine Vuylcop;1
MEIMA;1
HOUTENSE WETERING;1
BELVEDERE (SITE F);1
Ten noorden van kerk;1
BORKELD;1
Kavel K72;1
Schinveld;1
TESTBAAN, MEERKOETENTOCHT, KAVEL D41;1
Eversberg-combiplan Nijverdal;1
OPWIERDERWEG 5;1
WESTKADIJK;3
SCHOLTINKSTRAAT;1
WATERVALWEG;1
KAPELLERWEG;2
HERTOGSWETERING;2
MULDERMANSBRUG;1
De Dom, Trechtweg;1
Atsmastate-Oost;1
HET KAMPKE;2
JULIANAPARK;2
NOORDER-OLINGERPOLDER;1
ROLDERKUIL;1
RANDWIJK MECC;1
DRIFTHOEVE;1
ROOMSPOLDERDIJK;1
Uitgeesterweg Limmerpolder;1
De Roffert 8;1
Tungelroyse beek;1
Etsberg;1
HET ONDERDIJKS;2
DE VERRE EINDER;2
het Goudmeer;1
Beatrixhaven;1
ACHTERLO - BLOKHUT;1
BONREPAS 16;1
Oude Berkter Kamp;13
GRAVENSTRAAT;3
LINDE;1
DORSHOUT;2
NAUW VAN BATH;1
De Louwstraat;1
EUROPALAAN;2
Poortstraat;3
TANKSTATION;3
GROOTGENHOUT;1
VLIEGVELD-ZUID;1
"BROUWERIJ; SLOT ZEIST";1
OOSTBURGSCHE BRUG;2
DUIKERWEG, KAVEL LZ5;1
Spoorlijn Assen-Beilen;1
DE BERKTE;1
SMALMARSEN;1
ZEVENMORGEN;6
Isselt, Kapel Isselt 2003;1
EMMELOORDERWEG, KAVEL P16;1
Mariendaal;3
02.025 Hoflaan (boringen);1
VOET LEMELERBERG;1
WIJCHENSE VEN / WIJCHENSE MEER WIJCHEN 1;1
OP DE BELT I;1
RAZEND ZWIN;3
HOUTVELD;2
BECKSESTRAAT 107;1
GOUDEN PLOEG;1
WEGDAM;1
KRALOERHEIDE-POSTWEG-PAASCHBERG;1
JAGTLUSTWEG;2
BAARSKAMP MOLENSTRAAT;1
DE WEEM;8
KERKSTRAAT 74-94;1
Archeologische zone 5, Oostvlietpolder;1
VAN STARKENBORGHKANAAL;2
Middelsgraaf;15
Camping Rozenoord-Noord;1
Picardie / Zandstraat;1
"BOEKENT ; HOGE AKKER";1
CUYK;7
BILT;1
KOKKERSE VELD;1
16.64 AALKEET BUITENPOLDER;1
BODEMSWEG;1
Berkendonk;1
Herstraat (perceel 06);3
Op de Burgh;1
DE MEEREN;2
Sint Janstraat;2
RODE WEESHUISSTR/O.EBBINGESTR;1
"GALGENWAARD; KROMWIJK";1
W. VAN KRUISBERG;1
Noordoosttangent;1
LAKEI;2
Botniasteeg;2
Urlingsestraat;1
GROENENWEG;4
Wagenstraat 57;1
Kobbestraat;1
Leppa Aquaduct;1
SLUISPUT;1
Tussen den IJssel;1
WEST ELSEN;8
MOLTHOVER ESCH;5
COLDENHOF;1
KRIETHEUVEL;1
Grote Koppel nr. 14;1
De Oelemars;1
"STAKENBERGWEG; SCHIETBANEN";2
IN HET HOOG BROEK VAN WAMEL;1
UITWATERINGSSLUIS;1
LEIDEN;2
Klieverkruisweg;1
Rijksstraatweg, Voormailig AMK-terrein;1
FABRIEK BENDIEN;1
OSSEVEEN;2
Erphoevenseweg;4
GOOYERDIJK;5
Twenteroute;1
Buitenpostermieden;1
TERPLEANE;1
"Weg van Ongenade; Kavel C118";1
Korenburgstraat 7-11;1
LOENERDRIFT-ZUID;1
KATSBERG;2
LAGE WALD;1
Sint Jorisstraat 32;1
"OP DE KAMP;  KAMPS VELD";1
BELTRUMSESTRAAT;1
Lombardijen - Socratesstraat;1
"ZWIGTMANSWEG; VALKENISSE WATERGANG";1
Herweg (perceel 07);1
WASVEN;1
Gasleiding Monster - Gaag (ZH) vpl. 18;1
Wekerom/Lunteren/De Vijfsprong;1
HOFKAMP;5
lockhorstpark;1
Heerle herinrichting sportcomplex;1
LOOK;1
BAAIWEG;2
KEMNA;2
AARDENHEUVEL;1
TBALKT;1
"Voormalig AMK-terrein M6444/CMA38C-033: Polder Den Hoek; C.G. Roosweg";1
Geul van de Walvischstaart;1
HOLLEBALG;3
NIEUWEWEG;1
Schoolstraat/Molenweg/Oude Trambaan;1
Leidsche Rijn, Sportpark, De Grauwert;1
OVERBROEK;2
huis Yttersum;1
"Onderduikersweg; Kavel G45";1
WESTERSCHELDE SPLEET 1;1
ACHTER FABRIEK NOOITGEDACHT;1
RAKENS, CHAAMSE BEEK;2
SCHALSUM;1
SINT-JOOST;1
"Voorste Boterwei; voormalig AMK-terrein";1
ROODHUIS;1
PALEIS NIEUWBURG;1
GALBERG;2
06.116 Broekkade 2a;1
WAGENINGSE ENG;1
Waalseweg, Geerestein, Voormalig AMK-terrein;1
COUNT BASIEGRACHT 29;1
KANTOOR VAN DE TOEKOMST;1
"GROOTGAALSE HEI ; GAALSCHE HEIDE";1
Hasjesstraat;1
DE RET;2
PELIKAANSTRAAT;1
SENGELSBROEKSCHE HEIDE;1
Watertoren;1
Leemhorn;8
KITSELUM;1
WIERINGERWERF;3
EZUMBUREN II;1
SIEMELINKSWEG;1
Knooppunt Joure;1
JULIANASTRAAT 63;1
HONDENGAT 1 NCP BLOK S5;1
BLAUWE SLENK 1;1
PALENWEG KAVEL E174;2
DENEKAMPERVELD;2
Heiligenbergerweg;1
HOEVENSTRAAT;1
DE LANGE MAAYEN;3
Jan  van  Weliestraat;1
SCHOONOUWENSE WEG 54 56;1
WILLEM MOKER;1
LANGS WINSCHOTERDIEP;1
LANDMETERSWEG;1
GROOT BROEK;3
OOTMAAN;5
LINGE/SCHELE HOEK;1
BERGSKE HEERSTAAIEN;2
Broekpolder vindplaats 2;1
YERSEKE;2
NIEUWPOORT;1
STEIAKKER;1
Lutterweg;6
MOSBULTEN;1
SCHOOLTUIN;1
"POLD.NEDEREIND/IJSSELST.WEG;VPL.NO.2";1
Hoofdstraat - Parallelweg (voorm. garage De Vlerk);1
Nesserwei;4
POLDER BUITENHUIZEN-HUISPLAATS 4;1
NIJLANDERVELD-OOST;2
windturbinepark N11;1
ATTELAKEN;3
RESTO VROUWENPOLDER;1
OOST ROMSDIJKJE;6
W. de Vries Robbeweg (Politiedistrictsbureau Zuid-Holland zuid;1
ESSEN 17;1
SCHUMANNSTRAAT;1
PALLERT;1
NIEUW BERGEN;1
"Bergweg ; Luitjesweg";1
DILLENBURGSTRAAT;1
RASSENBEEKTOCHT, KAVEL NZ14;1
STREVELSHOEK;7
WIJNGAARDSBERG;1
VERKEERSTUNNEL ONDER DE OUDE MAAS;1
'T KUSTERT;1
DENNENWEG;1
'T SOL;1
"De Velde ; De Huusstee";1
Hunebed van Balloo, Loonerdiep;1
BEEMDEKENS;1
hogedijken;1
COLLSCHE HOEVE;4
ACHTERDUINEN;1
Houtkampweg vindplaats 2;1
Vermeersweg;1
"LAARSCHE BERG; LAARSE BERG";1
VENDAM;2
Bejaardenhuis De Burght, Ledelplein 18;1
Gening;1
Langestraat;2
LAND VAN ESSCHEWEG;1
De Wildeman;2
"TRICHTERWEG; PIJPLEIDING GASUNIE";1
Wortelmarkt;1
BAARLOSEWEG, KAVEL R45;1
AMERSFOORTSE WEG;3
BOOG C-ZUID;3
"Rutsekoven; Slek";5
HUIS 'T MEDLER;1
"Bieserhoek; Aan het Gebuschken";1
HOF VAN BUIZE II;1
DAM VAN ISSELTWEG;1
LEUSDEN;2
HEIDEVELD-Z. VAN BLOEMENDELLEN;1
UITGEEST, DE KLEIS jaarboek3;1
ORANJEKANAAL-NOORD;1
STENEN BEER;1
RIETMOLENWEG 49;1
VALTHERSPAAN;14
AALSBERGEN V;1
WESTERSCHELDE SPLEET 3;1
AAN DE DUITSE GRENS;1
VOSTER SCHOOR;3
Hemmen;1
GELTERP;1
MOLENEIND;13
WIELEN;1
JOHANNES POSTWEG, KAVEL J72;1
ASSENDELVER POLDERS-SITE G;1
Kleine Omlegging (Berkel);1
Groot Bosch;1
"Flehiteweg; Kavel O71";1
HET WOUD;7
LILBOSCH;2
Hoek Hedrikstraat en de Gravenstraat;1
YSSELSTEYN;1
POLDER WIJKERMEER;1
Dorpsstraat 85;1
"Ligweide zwembad; Burg. Keizerweg; Kennedylaan; Zwembad de Hoogt";1
POLDER OVER-BOEICOP;1
KEIZERSBOSCH;1
Buitendijks Slangwijk;1
LASSIEFABRIEK;1
DEMMERSBLOK;2
Hatertsche Vennen;1
WITTE SINGEL;3
Halvezolenlijn, locatie 3;1
MEINDERTSLOOT;1
"BOEKELWEG; KLEIN-AMSTERDAM";1
Peppelhof West;1
BUDEL;1
NEERAKKERS-DE TARWE;1
ERVE VREVELMAN;1
Voormalig AMK-terrein M9442 / CMA16G-A03: Brauweringen;1
ZUIDERRUITER;2
Landgoed Oostbroek;1
De Diepeling;3
TUINDORP;1
BLAUWE HUIS;1
DE KLOOSTERWEI;1
Coninckstraat 12;1
Kraaienstraat;1
UITGEESTERWEG;5
D18;1
Hoek Rogstraat / Broekstraat;1
Deken Pompenstraat 5;1
Menzelsch Veld;1
BYLAND;1
VAN LENNEPLAAN;1
NOORDERPOLDER;8
NILANTSWEG 89;1
Hooihuis;1
ESSENSTEIN;1
OUWEKAMP;2
commandeursstraat;1
POLDER NEDEREIND [ VINDPLAATS 13 ];2
ORBERLAAN MADEWEG;1
Wagenaarstraat;1
ENGE SLOOT;1
DRINKUITSMA STATE;1
KIELWINDEWEER;4
Visbuurt;6
Voormalig AMK-terrein M9478 / CMA37E-087: Oude Lee;1
Tweedeimpt;4
Bethlehemstraat;2
CHAAMSE BOSSEN;1
WELTERBERG-WEST;1
Cobercoterrein;1
Bakelse Plassen;1
'T LUITERKE;1
Kadijken 5B;1
GULDEN HUYS;1
JULIANALAAN;1
Almere Lage Vaart;1
"Noorderringweg; Kavel F86";1
"WESTFRISIAWEG ; MARKERWAARDWEG";1
Zuidlanden-Buma Zuid;1
Ibisstraat;1
Mozartstraat locatie 32;1
LANGEVELDSLOO;1
Walsland;1
RIETBERGEN;1
DE TOL-NOORD;1
Keeten 3;1
KLEIN SEMINARIE;1
WESTERENBAN VAN HAAMSTEDE;1
Burgemeester van de Mortelstraat 10;1
Lage Maat, Insteekhaven;1
DE MAAI;1
Hawinkel;2
MIEDUMERPOLDER;1
stationsstraat 29/29a;1
LANGS NIEUWE DALERVEENSE STRAAT;1
Heilooer Zeeweg;2
HUIS DE WEYERT;1
Rotonde Zuid, Maarsbergse Weg;1
BRINK 2;1
Vonk en Vlamterrein;1
"Schalkwijk; Polder Blokhoven";1
Dorpsstraat 49;1
DRIESPRONG POPHORNE-TIRNS;1
Nieuw woongebied;1
"Lijstereng ; Nieuwe Veenendaalseweg";4
23E KAMP BOVEN DE WETERING;1
STAMELBERG-MAASKEMP-VEERSTRAAT;1
STRATUMSEIND;1
"Bentwoud; Polder achterhof";1
"Belslijntje; Prinsenhoef; Molenbaan; Baarleseweg";1
Einighausen 3;1
Reuvesweerd;1
SCHOKKERRINGWEG, KAVEL P31;1
SCHALKWIJK (OP/NAAST STRANDWAL SP.WOUDE);1
"OUDE VAART ; EGMONDERVAART";1
DE FRIEZENBERG;1
BERGKAMPEN;5
KOEKAMP;3
Wijnbergen;3
DE DOOD;1
"BAGGENSTRAAT; VEESTRAAT";1
NIEUWE AA;1
Aardgastransportleidingtrace Angerlo-Hernen;1
TONCKENSBOS 12;1
Monuta;3
STEENBANKWEG, KAVEL D47;1
DOMBURG;8
DEN OEVER;1
TJAMSWEER II;1
RIJSENBURGH;1
DEN AARD;3
"Ankerpad; Kavel D25";1
VLIEGTUIGWEG, KAVEL O26/O27/O28;1
Hoeven;1
EMMER HOOILANDEN - WESTENESCH;2
DE BIELEBELT;1
Molenweg - Koestraat;1
Woerdblok;3
Voormalig AMK-terrein M9481 / CMA37E-089: Ackerdijkse Brug;1
16.34 AALKEET BUITENPOLDER;1
Veldhoenlaan 10;1
DE PUT;2
Stadsbrugtrace ten zuiden van de Waal;1
"Boerderij ""de Volharding""";1
5 MORGENS;1
Wilhelminaplein;3
LEUSDERHEIDE;10
BAKEL EN MILLHEEZE;1
STEKKERWEG;1
ORANJEHOEVE;1
ENGELENBURG;1
Limmerweg;3
RAAN III;2
DORPERWEIDEN 56;1
HOUTSTRAAT NAAR DOLBERG;1
SLOTGRACHT HUIS HOENSBROEK;1
ABTSWEG, KAVEL E72;1
NIEUWSTRAAT / CAFE 'T HEMELTJE;1
"QUATRE-BAS;ZEISTERWEG, voormalig AMK-terrein";1
MORTEL NOORD;3
WINTERDIJK 7;1
Nieuwstraat 12-24 de Berckepoort;1
OUDE ASCHBROEKEN;3
KOESTRAAT-ST.JANSSCHOOL/PRINSENHOF;1
Wissinkbrink;1
HOEVE HEEMSTEDE;1
8. WEST KERKEVELD/(N321);1
DE RIK;1
LAAGHALERVELD II;1
SIMMELINK/BERKELLANDEN;1
GROOTE WOLDWEG 67;1
De Telgen;1
RIJSWIJSKSE STEEG;1
REDEWEG, KAVEL P34;2
HEILAAR-NOORD;1
"Nieuwlandseweg 35, ""Ganzenboerderij""";1
De Kluis;2
Liesbosstraat 36-40;1
kasteel Ter Horst;1
Kreijelerschans;1
MIDDELBUURT (LOKATIE 7);1
DE LITHSE HAM ?;1
Venlo TPN Deelgebied 2 D en F;1
DE GROTE GEER;1
Whemerweg;3
Dwarsdijk, Kapelleweg;2
Noordzee Roompot 1 NCP Blok S08;1
"NOORDERHEIDE ; RADIOWEG";1
MAAS Empel 03;1
"STAKENBURG; BREUGELSCHE BEEK";1
LOOSDRECHTSEWEG;1
De Waaij;1
ZEVEN ELLEN;3
TOLHEKSBOS;1
HEMMERWEG;4
Saarsvenweg;1
LEIDINGENSTRAAT, KAVEL GZ13;1
Van Langerakstraat;1
DE DRIE VIOLEN;1
Leeuwen;1
GRUSKE;1
HEUVEN;4
Partij;3
MISVOORDE;1
Heumense Weg;1
Boudewijnskerksewg;1
AMBTSPERK III;1
KRUISSTRAAT / CORIOVALLUMSTRAAT;1
KOESTEEG;1
Perceel BHR02-E-518;1
WAPSERZAND-POTTIESBARGIE;1
roodloop ( vindplaats 7);1
PRINS BERNHARDSTRAAT;2
STIKKERSTRAAT 1;1
Munnikenland;1
NABIJ KRUIS MIDDELAARSE HEIDE;1
D6C;1
Westelaar;1
ECHTERHEIDE;6
Vredehofplein;1
DE LANGER;1
GEITEVEENTJE I EN II;1
SCHELMEER;1
Amsterdamsche veld;1
Nauwe Noorderhorne 18;1
BIERVLIET;1
TEXEL PAAL 26, 6;1
ONDERWEG 122;3
HORDELMAN II;1
HEUVELAKKER;4
Bijenkorf;1
Ulingsheide;3
Waalsdorperweg 12;1
perceel ten westen van Middelweg;1
Sneekermeer - De Potten;1
De Glip;1
ZENDERSE ES;3
OUDEMOLENSCHE DIEP;1
VISSERSTOREN;1
DUINRELLWEG 2;1
Vijverlaan 7;1
HOF TE RIJSSEN;1
ACHTER DE KERK;1
BREUKBERG;1
BRAAK/KETTERINK;1
SCHERBIERSTRAAT HOEK LANGESTRAAT;1
SCHOKKERRINGWEG, KAVEL P26;2
433818;1
POLDER OUDLAND;1
BINNENHOF;1
DE HOLDEURN;5
Pesse Tankstation Doorten;1
WILLESKOP A.5;1
EMMERHOUTSTRAAT-NOORDOOST;1
TEN ZUIDEN VAN NOORDERHEIDE;4
ANHOLTSE BROEK;1
KASTEEL VALKENBURG;2
OLDENOORD;1
kerk;4
EETHEN-DORP;1
POLDER GROOTSLAG;1
landgoed Nieuw Herlaar;1
SPANJAARDSDIJK;1
SCHOKLAND, KAVEL P13;1
PALENTOCHT, KAVEL J140/J141;1
WEIJERVELD;2
Smaldonk;1
LEUR - DORP;1
MARS- EN WIJTHDIJK;2
Plangebied Dearsum;1
"A28 ; ""ZEVEN HEUVELTJES""";1
PUTTERBOSCH;5
Markt en Haven;1
WESTRENEN HOEVE;2
OUD WULVEN;8
ST. BENEDICTUSKERK;1
De Iendrachtswei 2;1
Haven-Antworpstraat;1
SCHANSWEG;1
04.012 Willem de Zwijgerlaan;1
KESSELSE UITERWAARDEN;1
BEERZERZAND;2
STRAND ORANJEZON BREEZAND;1
KERKEIND 14, 16;1
JAGERSHOF;2
DE KROMME AKKER;1
Leegeweg;3
Burgemeester van Hultenstraat;1
"Klein Emiclaer; Weegsteen; Het Masker; Voormalig AMK-terrein";1
BONGVEENWEG/RODERWEG;1
Plangebied Zeestraat;1
Sprundelsebaan BadL1;1
Fontys gebouw;1
Doelenstraat 4;1
Heilaarstraat nabij nummer 235;1
HOOGSTRAAT 34;1
Lijstereng, de Tangh;1
VREDENHOF;1
fietspad Tritsum;1
S HERENHOF;1
Staplan;1
KAVEL L54 OF L55;1
Provincialeweg;1
HOV-Lijn;1
VOLTHERBROEK-LAARHUIS;1
C. G. Roosweg;1
'T WEER (10E KAMP);1
POSTWEG 45;1
Landgoed Kernhem;8
POSTENKADE;2
LANGE KERKSTRAAT 19;1
Wengersteeg 3;1
MEDDOSESTRAAT;1
PSYCH. INRICHT. STICHTING V/D BERGH;1
HUIS TE VELDE;1
OLDEHOOFSTERKERKHOF;1
Karrebosch;8
Akker aan de Blankertseweg;1
VOORSTERENK;1
STOBBENHAAR;1
LANDGOED ERICA;1
hanzelijn Nieuwe Land;1
Klapstraat 112;1
ZANDZOOM;1
"Pruimendijk; Waal";1
PALENTOCHT, KAVEL E172;1
PEKELINGSEWEG;2
ABSTWEG, KAVEL E72;1
"Molenstraat; Oude Vest";2
BESJESLAAN;1
KLEINE STAAT/KERSENMARKT;1
Wier-Oost;1
GROTE BRAAK;1
WSCH MARIENBERG;1
kerkstraat;4
"BOORDZONE; voormalig AMK-terrein";1
Schietbaan 1 en 2 OT Rucphense heide;1
TEN NOORDEN VAN DE KABELJAUW;1
St. Stevenskerkhof;1
Waterschei;1
Groene Buffer;1
Boerdonk;1
PAASCHKAMP;6
Groot Haasdal - Elsenweg;1
TOLVAART;1
Waterdunen;4
Huis het Medler;2
HOBBEDONKEN;1
LANGE VEERSTRAAT 2 - 7;1
OOSTERVOORTSE BRUG-NOORDOOST;4
KOLTHOFSSINGEL;1
Sint Nicolaasgang;1
Irislaan, Lindenlaan, Goudenregenstraat, Kamperfoeliestraat, Goudenreg;1
"DE ZOOM; PALTZERWEG; VOORMALIG AMK-TERREIN";1
Kavel A16;1
De Gouw (voorheen Holle Watering);1
Grootscholten;1
HOOGE BERKT;4
KAVEL L56;1
Oudemolen, Looner diep;1
MEERSTIK;1
HERKENBOSSCHERVEN;1
Molenvaart;2
OUDEGEIN EN/OF KLOOSTER NAZARETH;1
HUIDBERGSVELD;2
BOGAARDSTRAAT;2
WILPELO;1
"O.L.VROUWEPLEIN 6;DERLON;PLANKSTR.23";1
Quappenburg;1
De Groene Schakel;1
ZANDWIJKSEVELD;1
Brielse Meer 01;1
polder bleskensgraaf zuidzijde;1
BOSWACHTERIJ SLEENERZAND-NOORD;1
LANDGOED OFFEM;1
"DAASDONK/DAASDONCK; LADDERKASTEELTJE";1
N314;2
MOLENAKKER-LAARDERWEG-CLUSTER C;1
trace Schiedam - Rotterdam;1
LOSSERSE DIJK;4
ZUIDERHOOFDSTRAAT;1
KAMP RODANBORG II;1
"HEUL; BAGIJNENSTRAAT 17";1
MAASWERKEN;2
haasdal;2
VESSEMSE DIJK;2
BRONSGEESTSTRAAT;1
"Rijksweg Zuid; Mgr Vranckenstraat";1
Polder de Uitgeester en Heemskerkerbroek;1
AFWATERINGSGEUL NOORDPOLDER;1
Hoevenweg;2
dr. Joh. Picardtweg;1
Onderzoeksgebied Molenstraat/Lellensterweg;1
ZANDBOGTEN;1
VOC-werf aan de Oostzeedijk;1
"Molenweg ; De Horst";1
"Vinkepolder; Rijksweg 15";1
Uithovensestraat 55-55a;1
De Gouden Driehoek;1
OLPODA;1
Marsweg 61;2
Landscheidingsweg;1
Sint Agneskerk;1
WOLFELER ENK;1
04.007 Maassluis Brouwerstraat;1
E3 strand;1
WESTFRIESEDIJK;1
Swalmerbrug;1
Niers 2 jaarboek1;1
RIJSSENSEWEG;1
WATEREGGEWEG 6;1
HOOGE VOORT;7
Vaarbekerweg;1
OUDE HAVEN-RIDDERSTRAAT;1
WALRICKSKAPEL;1
Kruisstraat;5
WINKEL SOET;2
GRUBBE;1
Roosbergseweg Noord;1
SCHAAPSTREEK-ZUID;1
11.17 DUIFPOLDER;1
Almere godendreef;1
Schietbaan;1
HET SCHAAR;1
Waaldijk;3
IJsselstraat;2
DE SATER;1
OVERLOOP VAN VALKENISSE;1
"Voormalig AMK-terrein M10453: Polder Grootewaard; Middenweg";1
HOOGTE DER HEIDE;1
VINKEPOLDER, ALBLASSERDAM IV;1
BUINERVELD;4
HOLDERSDIJK;1
LEUDAL;23
LEMSTERGEUL;1
GLINS;1
04.035 Aristide Briantring;1
IJzerwerf;1
Lorotokapel;1
Huberroos;1
Centrumplan Raalte;1
HUIS OVERDAM, voormalig AMK-terrein;1
VOORWEG 170;1
de banen;1
NH Kerk;1
LAAGHALER ESCH;2
Schritsen 52;1
Ringweg, zuidelijk deel;1
BREUKEL;1
Lange Kleiweg;2
POLDER OTERLEEK (VINDPLAATS 32);1
NIEUWBIUWWIJK LA RIVE;1
Laakse Bos;1
DE MEKKERS;1
NAALDEWEG;1
De Weitjes II;1
Villa's Golfterrein;1
HERENSTRAAT 57;1
DE HUGHT/STOKWEG;2
Terborgseweg 25a/b;1
Paallanden;2
't Hof;2
BEEKBERGERWEG;1
Zeeuws Museum;1
"Zuiddijkstraat; Sportvelden";1
SCHAARBERG;1
RIJNBANDDIJK;1
Kaweise Loop, deelgebied Kaweide;1
Kasteel Eikenlust;1
Cromvliet;1
"BEUKENDREEF; VOORSTE STROOM";1
ROLLEKOOT;1
TEN ZUIDEN VAN DE VERGOEDE WEG;1
EIND VAN DEN HOUT;1
Molenveldweg 5;2
MOLEN TE ELDEN;1
DE LUTTE LUTLA;1
VOORSTERBOS, SECTIE T;1
vosbroek;1
POLDER DE PEIZER- EN EELDERMADEN, ZANDDIJK-WIERINGSEDIJK;1
"ELSPEETERBOSCH ; HOGE WEG";1
EASTEREIN, STATION SUAWOUDE 2;1
Oude kerk;1
KLEINE SMEULE DE SMAL 1A;1
Voormalig AMK-terrein: Polder Simonshaven;1
Heisteren;32
loacatie 8A schoonebeeker diep;1
"Eemmeerdijk; Kavel N42-I";1
Prismalaan;1
Paschalishof;2
Hamsche Bouwing / Hamse Bouwing;1
LIEWEGJE 26;1
"SPRIELDERBOSCH ;; DE LAAK";1
BOTERHUT;1
Torenstraat 14;1
VAN HEEMSTRAWEG, WEERSZIJDEN;1
DE OUDE WERELD, OOSTDUINEN;1
"KAVEL P35; ZUIDERT";2
POLDER NEDEREIND [ VINDPLAATS 7 ];1
Sweikhuizen - Beekerberg;1
KLEINE SLAG;1
Julianastraat 27;1
Hoofdstraat, Kerkplein, Hoogetin;1
BUNDERSBERG;1
Herengracht 12;1
Molenweg 10;3
STUKSBEEMDEN OOST;1
VARSSEL;1
LOCHEMSEWEG;1
AMSWEER;1
HAVEN (VLUCHT-);1
NOORDZEE NCP BLOK O18 2;1
"Roggebotbos; Kavel N39";1
Kasteeel Bottenstein;1
Koestraat 41;1
17.37 AALKEET-BINNENPOLDER;1
SLUISSTUK;3
Molenstraat 71;1
Mavo Muurhuizen 49-51;1
VINKEVELD;1
BEEMDWEG;1
HERV. KERK;1
Rembrandtstraat 26;1
Dortherweg;3
DE LAGE BERG;1
Bierkade 17;1
WITTEWIJKSBRUG;1
VLIEGTUIGWEG, KAVEL O30;1
"'T HOOGLAND ; TIN";1
BAKKERSSTRAAT;1
Groot Koppen;1
SCHEULDER;1
KIEVITSWEG;1
DE OUDE ZEMELEN;1
het Natuurbad;1
DE DOLLARD;1
VAN FOREESTLAAN;1
VOSSEHOL;1
Haler;2
RAADHUISSTRAAT;1
OEFFELT;2
Markt 10;1
"Nijnsel-Noord; Masta; A50";1
Vijverhof;1
Hoofdstraat 92-98;1
DORPPOLDER;1
Westerbuurt Noordoostzijde;1
DE BULTEN;10
Elderinkweg;2
Fransumer Voorwerk;2
"Dronterweg; Kavel S19";1
"LEEMKUIL; BERKENHOF";1
Riviusstraat;1
"BEGRAAFPLAATS; BEEKSTRAATSCHE AKKERS";1
HOOG SPUL;1
MELKWEG;4
DE HONIG;1
wijndaelerplantsoen;1
Recreatiegebied Overhoven;1
Brinkstraat Koesteeg;1
Est, Tiefelaar;1
Krimwijk II;5
RIETHORST;2
Noorder veld;2
HUIS WELMERINCK OF BLOO;1
HAERST;2
DE HALM;3
Voorterdijk;1
HUIS 'T VELDE;1
MOLTHOFWEG;1
Pepijnstraat, Eerste Graaf van Loonstraat;1
BREE 38;1
Aalkeet-buitenpolder, voormalig AMK-terrein;1
SINT PIETERSDIJK;1
VIERKANTE STUK;1
Doniaweg 123;1
KAVEL P43;1
Slingelandseweg 54;1
BACKERSHAGEN;3
KALKZANDSTEENFABRIEK;1
Alleman;1
WOUDSCHE POLDER;1
Lange Baan/Valkhofheuvel;1
Riethorsterweg;1
EINDSTRAAT;1
"Beelaertsstraat; Obbicht Noord";1
ZANDVOORTERWEG;1
Oostambachtweg;1
MANNEKENDIJKE;1
"ROELLAAN; TRAPJESBERG";1
'T WAAL KREUSKAMPEN 2;1
"DE HEIJ; MOLENVELD";2
ZUIDMOER;1
KRUISSTRAAT;8
DE BOSSEN;1
"Levendaalse Weg ; Laareind ; Laarsenberg";1
ABDIJ;3
ODOORNERVELD;3
Sint-Janstraat;1
Noorderhagen;1
DE SUNDERT;1
Louerstraat;2
OUWELING;7
AARDGASSTATION;1
ASSENDELFT-NOORD-SAENDELFT;1
KEETEN 8;1
HEEMSHOF;3
LONNEKER;11
TJISSEBUREN TWEE;1
SLUIDPOLDER;1
P+R Maastricht Noord;1
Voorburcht kasteel Waardenburg;1
OSSENBERGWEG;1
DE OUDE WEG;3
WEERDINGERVEEN/BOERPLAATS;1
"Dorpsweg 109, naast ""De Vissershaven/La mere Anne""";1
ASSENDELFT;1
Hoge veld;1
Hermalen;1
LOOIERVELD;1
HUNSELERDIJK;3
HET GROOTSLAG-DE WIJZEND;1
Notter Zunaweg-Klokkendijk;1
DE HASPEL;1
"Boslaan; Emmerdennen";7
Plangebied Putterweg 21;1
BRUCHEM;2
BULLENSTUK;1
JOHANNES POSTWEG, KAVEL J77, TERP B;2
Breedbroeken;1
"OUDE KERK (POLDERKERK); HEESCHEIND";2
VAN CLERMONTPLEIN 2;1
De Toren;1
Waarderstroomrug;1
Kloosterraderplein;1
"Spiekweg; Kavel O45";1
Eikenboomgaard;1
HEEMSTEEDSEWEG;1
VROOLIJKE JAGER;3
01.041 Prins Hendrikstraat/Zomerstraat (Lamoenterrein);1
Vonk & Vlam-terrein;1
Elst, Rijksweg Noord/Griegstraat/Grote Molenstraat;1
DE SLIJPMOLEN;1
de Toeren;1
VEENHOOOPSBRUG-ZUIDWEST;1
GASTHUISTERREIN;1
De Koele;1
Prinsenweg;1
Voorstraat 13, 17 en 19;1
TERSLUIS;1
Slekkerhout;2
KAVEL N3;1
EVERSE AKKERS;4
AAGTEKERKE;1
DE PLAK;4
Steenakkerweg: Steinakker;1
Smallekamplaan;1
Hordelman;1
STRAAT VAN HAVIKPOLDER;1
Terrein 8A;1
SANDERBOUTLAAN II;1
Klaverblad N322/A50 noordwest;1
SCHOTHORSTERWEG;1
Rogstraat;1
JACHTHAVEN;2
CAMPING ALINGHOEK <?>;1
Bleulandweg;1
POLDER NIEUWLAND;3
Korte Boschstraat;2
LEPROZENHUIS;1
BIJ POLITIEBUREAU;1
MOORDSE VEENWEG;1
TOLLEBEKERWEG, KAVEL H79;1
Heesstraat;1
T HOOGE HUYS;1
Beneden Oostdijk;1
HAZELDONK;3
SCHOOLPLEIN;1
VOGELTJESLAND 2;1
Loostraat;4
Kern Leveroy;1
MARSDIJK-KLEUVENVELD;1
DE KEUTER;1
JULIANASTRAAT 44;1
't Waal Greidmunt;1
"Wisentweg; Kavel K63a";1
Boordsche Velden;1
BIJ EIKENHORST;1
POLDER TREKDAM;3
WOLFERTSWERF;1
STEENENIS;1
Centrum;13
Hengelose Es;2
TONCKENSBOS 27;1
GARSTSTRAAT;1
WOERDES;1
HONIGSBERG;1
Oud Haerlem;1
Koppeldijk;3
NH KERK ST-AGNES;1
AAN OUDE ROER;1
"GINKELSE HEIDE ; HESSENWEG";1
UGCHELSCHE BOS;1
POLDER SEKDOORN;1
01.002 Maassluis Wagenstraat;1
UDDELERMEER;1
Thijlingerhof;1
HASSELER ESCH;2
D6F-ADDERHORST-NOORD;1
GRIEND;1
STORT;1
HULSTHORST;1
HOF VAN AALDERWIJK;1
KORENMAAIEN;1
16.71 AALKEET BUITENPOLDER;1
BAFLO-OOSTERHUISEN;1
"""DIJKSTUKKEN""";1
NAGELERWEG, KAVEL J110/J111;1
TICHELWEG;3
Langs de Vaart;2
Ubbergseveldweg 162;1
Deelgebied 3: Veldhuisweg;1
Zuivelplein;1
Kraaijenven;2
ACADEMIE ST JOOST II;1
BRINKMANS LANDEN EN MATEN;3
De Vennen;1
GARREWEERSTERWEG 7;1
GEERTJE BOS;1
WALCHUMER SLOOT;1
Hof te Zande;1
Oude Tol;1
WALLEN;3
Nieuwe Markt;3
KLEIN KOOIDIEP;3
Escharen;1
Breeweg-Ter Hooge;1
GLIMMEN-NOORD;2
Bijdorp V;1
"Voormalig AMK-terrein: Orderbosch; Asselse Straat";1
KALTERBROEKEN-NOORDOOST;1
DE MAASBONGERD;1
Veldegge;1
LUISTENSTRAAT;1
de kerkweg;1
Wasbeeklaan;1
de Ruck;1
Swartendijk;1
DE DOMELAAR;2
Slingenberg;1
Zonneveld;1
CASTRICUM;1
Park van Haeften;1
AGNIETENHOF;2
Smalle Beek;2
OUDE DOESBURGSEWEG;1
'T SCHROOTJE;1
STATIONSSTRAAT 39;1
Terpeborgh;1
rotonde Raadhuisstraat-Oosteinderweg;1
"DE LANTERD; LANKERD";1
MEELDERBROEK;1
Molen de Bataaf;1
Westerbuurt-overzijde;1
HASSELSVENNEN;1
BERGSTRAAT 2;1
NIJLANDSE WEG-PALDERSE WEG;1
NIEUW MARKENBURG;9
DE PEKELINGE;1
PAAL 19;3
Uilenvliet 4;1
WESTERSCHE LAGE LANDEN;4
"Bovenweg ; Cuneraweg";1
ACHTER DE HEIERHOF;1
WINDMOLENVELD;1
"LEENHOF-HEUVEL; VOSBROEK";1
LOONERDIEP-OOST;4
WESTERES-ZUID;1
JUTPHAASEBRUG;1
RUINE;1
LOEVESTEIN;1
Kastanjestraat;1
Melkmarkt 30;1
HEMSE;3
ZUILENSE RING;1
HET VLAKWATER;1
TYNAARLO;1
DE HUNSEBERGEN-NOORDWEST;1
BUITENPOORT;1
Tanthofkade;2
Westering-Kasteelhof;1
HOUTHEM;2
HEILIG KEMKE;1
DE GEER II (REMU);1
Oude Strumpt;1
MENDES DA COSTALAAN / MONDRIAANLAAN;1
HOF TE TUBBERGEN;1
DOALKESBERG;1
OUDE HEUVELS;1
Gat van Mak;1
LINKER OEVER BERKEL;2
KOOISCHE BERG;1
"15.06 FOPPENPOLDER; BOONERVLIET";1
Genhoes;2
NEWTONSTRAAT;1
Kruispunt Frankenslag-Frederik Hendriklaan;1
Hellendoorn Kalvenhaar;1
VAESRADERBERG;1
MARK;3
KONIJNENHOF;1
De Velden/Fransebaan;1
TEYLINGEN-RUINE;1
JONKERSKAMP;4
OLDENZAAL;12
Papenweg;1
"Nutherkruis; voormalig AMK-terrein";1
BIJ GEIJSTERS VEN;1
Wittevrouwenhof;1
VOGELZWIN;1
KETS;1
HOLTVEEN;2
WAARDERPOLDER;4
Lagelaan 5;1
BOSSCHERVELD;3
wilhelminaplein;1
POLDER MUNNIKENLAND;1
BOMMELWEG;5
St.Jansgeleen;1
Akkermolenpad;2
20.39 KRALINGERPOLDER;1
PARAKKER;1
"HOGE STEEG ; HOGE WEG ; WOLVENHOEK";1
Natuurbegraafplaats Heidepol;1
KERKSTRAAT 15;1
IN DE MEHRE;11
HUIS DE VELHORST;1
Adorperweg 5;1
Linge Oost / West;1
VLIEGTUIGWEG, KAVELS O26, O27, O28;1
LANDHUIS BEECKENSTEYN;1
OOSTWOUDERPOLDER;1
MILITAIRE OEFENTERREIN ANLOO;166
Herweg;1
Spoorstraat te Winterswijk;1
RAVENVENNEN;2
kavel K47;1
ZIERIKZEE CENTRUM;1
Derde Weteringdwarsstraat 1;1
Molenveld-Zuid Beatrixstraat 2 t/m 28a;1
DE TANGH;22
"Baveldonk; voormalig AMK-terrein.";1
SCHOTERWEG, KAVEL L34;1
"Schansweg; Kavel L";1
BIJ GROTE SCHERE;1
Oud Vaarle;1
Wielerbaan Schaardijkweg;1
NIEUW BUINEN;1
de Schipborg, hunebed in de Strubben;1
DXV-ZUID;1
HUIS 'T ESCHEDE;1
NIEUWE OOSTERSESTRAAT/MOLENWATER;1
ENGELENSTEDE;1
"Lenteleven II; Utrechtseweg 60";1
Riooltrace Acaciastraat;1
TEXELSTROOM II;1
LOENENSCHE BOS;3
FIVELDIJK;1
Plangebied 1A2, De Spiegel;1
De Asdonck;1
Mient hoge stenen brug;1
KOKKENDAL;1
HERFSEWEID;1
Neelkesberg;1
KORENSTRAAT;1
Het Hoge Burgh;1
Hoog-Dalem;1
Zwartwater;10
16.35 AALKEET BUITENPOLDER;1
't Waal Tipblinken;1
BAVELSCHE LEIJ;1
"HERLAARHOF ; A2";1
18.26 DIJKPOLDER;1
Voormalig AMK-terrein M13337 / CMA16G-A06: Wester Lage Egge;1
GIERSTRAAT;1
Kaleidos;1
MAURIKSE WETERING I;1
HUGTERBROEK;1
Lentseveld, Waalsprong;2
ANNERTOL HEUVEL/I/;1
AARDENBURG;3
POLDER KLOOSTERVEEN-DOMEINWEG;1
GROOTE AARD;7
DOMMELEN;1
Zwartegatsche kreek;1
Van Heemstraweg 42;1
EEMMEERDIJK;1
04.050 Heusdenslaan;1
KANNELUST;1
"Voormalig AMK-terrein: Achterste Most; Kapeldijk";1
AALKEET BUITEN 55;1
DARTHUIZEN;19
HUIS 'T JOPPE;1
Oostriklaan 2;1
VLOEDSCHUUR;1
"GORTELSE WEG ; DE FAUN";9
OUDE LOONSE BAAN;1
Heinz Compass;1
HUIS HET GEESINK;1
Polstraat 38;1
Beverwijkstraat;1
Heierkerkweg;2
Hooidonk;2
Oliewinlocatie SCH2000;1
EXLOERVELD;1
DE BATAAF;1
BRAAMHORST;2
AUSTIE;1
LAGE GIESSEN NR 12;2
Helweg;3
"HOOG ; OOSTWEG";1
CAMPING T KETELTJE;1
EERSTE HUIS TE DIEPENHEIM;1
akker aan de Hessenweg;1
KERKFUNDAMENTEN;1
AMSWEER NOORD;1
Jaaginweg;1
KAVEL P7;1
HALF BEEMDEKE/VERDER ZIE OPM.:;1
Venhuizen-Westerbuurt-I;1
Breedvennen;4
Ubbeschoten;1
DONK VAN KOOREVAAR;1
Oliesteeg 11-15;2
UILSLOOT OF ARISSLOOT;1
Het Hoge Huijs;1
Hoogkeiteren;2
ZUNDERTSE SCHIJF;1
GIETERSTRAAT;2
Boekhorststraat;1
Groot-Ammers;1
Rietbeemden;1
SINT STEVENSKERK;1
KLEIN AMERICA A;4
Molenweg 16;1
IN HET BROEK;3
Kinnum;3
AFFERDEN;6
VOORAFSCHEPOLDER;1
FOPPENPOLDER 011;1
De Ginkel;1
NOORDERMIDDENWEG, KAVEL C88;1
WOLFHOEKSCHE HEIDE;1
REMMERSTEIN;1
MESDAGLAAN;1
MAASBROEKSE BLOKKEN;1
"PRINSENHOF (""'T TEMPELTJE"")";1
Gijzenrooy;1
ACHT MORGEN;3
NIEUW VENNEP;1
KLOOSTER TER HUNNEPE;1
KAVEL F40;1
HUIS TE RUGGE / ST. ANDRIESKLOOSTER;1
Boshuizen;1
MAKKUMER DIEP;1
WIERINGERWAARD;1
OUDE VEEN;1
HARTINGSHOF;5
De Landgraaf;1
VLIEGTUIGWEG;1
Amstenrood-bos;1
OLDENBOSCH;1
PIET OVER;1
Dorpsstraat 1;1
Eikendreef;1
ROMEINSE VILLA LEMIERS;1
Schuytgraaf - vp2 - Baarskamp Oost;1
HUIZE BEUKENSTEIN;1
MARIENHOVEN;1
NEDEREINDSESTRAAT I;1
Traanbok 2 waterbassin;1
Kavel B8;1
Colmont Kruishoeve;1
HOGEBIEREN;1
LODIJKE;4
NEEDSEBERG;1
STAMMER DIJK;1
N. VAN INGBERGRACHT;3
Woudselaan 27;1
SWORMINK;1
"Zwijnsweg; Kavel O50";1
RIJKSWEG 34-OOST;4
EERSTE VERKORTING;1
Achterstraat 2;1
Haarlemmerplein 10-16;1
Dorpsstraat 135;1
Keulsebaan Zuid;1
RIETEN;1
OOSTEREND TEXEL;1
OUDE RIJSSENSEWEG;1
KRACHTIGHUIZEN;2
Noordzijderpolder;1
Landsherenkwartier fase 1E;1
DE DIEKE;1
Anlooer Diepje, de Schipborg;1
Hoep-Noord/ Nesdijk I;1
BLADELS BOS;4
HOLTEN;5
Holierhoeksepolder;3
Hengelveld te Sinderen;1
SCHOORL;1
TEN OOSTEN WEG PUTTEN-VOORTHUIZEN;2
HOOGBULTENWEG;1
UBBERGSE HOLLEWEG;1
"Polder Ottoland; Klokbekerweg";1
HOOGSTRAAT I;1
AALKEET BUITEN 047;1
Molenweg 15;2
Het Spijker;1
eede(deellocatie 3);1
Beemdweg;1
Geestwei (Lange Geestlaan);1
L ABTWOUDSCHE POLDER 08;1
BRAMHEUVEL-ZUID;1
ZWARTVEEN;1
T.O.DE KERK;1
Maarnsche Berg;10
SLABROEKSE HEIDE;1
Westering West;1
KORTE HAVEN;1
WATERTOREN KERKHOF, voormalig AMK-terrein;1
ELIM;1
Wheme;1
16.80 AALKEET BUITENPOLDER;1
"Komwiel; Middelwaard";1
Oude beer polderkade;1
VORENKAMP OP ZEIJER VELD;1
HUMEMA;2
Waalfront;1
GASTERSCHE DIEP-NW;1
TIGGELTSCHE AKKERS;1
VERLENGDE SPLITTING-ZUID;1
LIESELSE PEEL / ZANDAFGR. LEEGVELD;1
Hoenderbos;3
KLEINE LINDT-NOORD;1
01.030 Hoogstraat 54;1
Voormalig AMK-terrein M13253 / CMA38G-A05;1
Zwanegatsedijk 39;1
Odijk;1
ERVE DANELAAR;1
Hoofdstraat 101;1
PAARDESTAL;1
de Ruiting 2b;1
PRAUBSTRAAT 8;1
16.40 AALKEET BUITENPOLDER;1
Lage Maat, Wijkersloot 6;1
Stadswandelpark (Boutenslaan);1
Woeziksestraat 454;1
Veerstraat 4 en 5;1
GEMEENTEHOEVEN;1
SIKKEMASTEDE;1
NIZO;1
APELDOORN;1
BILGAARD;1
ZIJDEWEG;1
HUIS KULSDOM;1
Schoutensteeg;1
BRAAKWEG-'T HOOG;1
ZANDERIJ RUSTHOEK;1
DAMRAK 67-79-NIEUWEDIJK 187-201-C&A;1
OUWEWOID;1
MEENSEWEG;1
OOSTERMAAT-NOORD;2
D25;1
DE KLEINE VILT;1
wolwarren;1
"Recreatiegebied ""Zandpol""";1
OOSTEINDE/KEMPENAARSTRAAT;1
EINDHOVEN;1
"Zwaarveld; Steenakker";1
RADBOUDHOEVE;2
It Noard;3
HOEKDRIES;1
Oudegracht 220;1
ZWARTBROEKPLEIN;1
Schepenwijk II;2
Hotel de Cantharel;1
"HOEK BUISSTEEG; ZOOMWEG";1
KLAAS ENGELBRECHTPOLDER;2
"La Haute Montagne; voormalig AMK-terrein";1
"N210; LAGE DIJK";1
Zwarte Molen;1
HOOIDIJK/SCHAAPDIJK;1
Hoogveld-Oost;1
STAARTWEG, KAVEL D125;1
Retersbekerweg;2
Klaassteen ven;1
Penakker;1
MALEBEUK;1
AKKER TE JEKSCHOT;1
DE HOVEN;2
IN DE STEEGSE GRAAF;1
MOLENGAT 1;1
Beatrixlaan/Kanaalpad;1
Reethse Straat;1
01.094 Markt 32;1
OUD BUGGENUM;1
Dorpsstraat;28
BEEKKANT;3
drie lelin;1
OVERWAAL;1
NAAST TERREIN DE OUWELING;1
's Gravenlandse dijk;1
KEINSMERBRUG;1
VEENENBURGER BOS;1
WOONWAGENKAMP WEST;3
NIEUWLANDS BEEK;1
STEENSTRAAT;7
ORANJEWAL;1
op de vos;2
NIEUWE RIJPMAKANAAL;1
HILLEKAMP;1
Lindenburghlaan 1;1
Neeltje Jans 1;1
NOORDZEE OOSTER 4 NCP BLOK S6 jaarboek2;1
Stiphouts Broek (Eenselaar);1
Schandelo;1
SCHOKKER D-TOCHT (LOKATIE 9);1
Ginnekenweg Noord;1
Weijerkens;1
NOORDZEE KEIZERSBULT 1 NCP BLOK Q2;1
04.041 Ernst Cazimirstraat (Gouveneurspad);1
Parkstraat 32/34;1
BORKELDSWEG;2
DE TALING;1
Eemweg 33, 35 en 35a;2
DEN PIKKERT;1
Korte Burg;1
KRUISSCHOT;1
HOGE BERG DE HOOGTE;1
De Hamert;1
't Zand;3
Beitel;1
BIJ LANGVEN II;1
SIJBEKARSPEL;56
Zwarte Singel;2
HOFGOED;1
Pieter Brueghelplein;1
LOOISEWEG;1
AFFENDONK;1
St Jan;1
MIEDLAAN;2
WATERSTRAAT;6
WANSUMMER HEIDE;1
Woeziksestraat - Schoenaker;1
"REIGERSBOS; HUIS TE GIESSEN";1
SCHUTTERS;1
MIDDELSTEEGSE WEIDEN;2
3.KWEKERIJ HEURKENS;1
HALDIJK;1
KOEWEIDE;3
HAMSTRAAT-MUNSTERPLEIN;1
BISSELT;5
ALMENUM;1
OUDEWEG;1
MAASVLAKTE SLUFTER 6;1
OUWEHANDS DIERENPARK;1
"D.E.L.M. ; DELM ; AUTOWEG";1
A2-PAUSBAAN-SITE GELDROP 3-0;1
UITERDIJKWEG;2
Mussenbergseweg;4
LAND VAN BELLES;17
NIEUW HERLAAR;1
POLDER RIETVELD, RIETVELDSEDIJK;3
Vrijstraat 3-5;1
HUIS TE LANDE;1
marktplein;1
Slingerweg II;1
Kliefdiep;1
Weteringpoort;3
LOON, DOMMEL;1
Onderwierum;1
Riolering Barneveld Kootwijkerbroek;1
Landgoed ter Hooge;1
HET OERD;1
Deurzerdiep, Deurzerbrug;1
Oever Linge;1
STRANDPAAL D16.97;1
HET GEGRAAF;1
"SPEULDERBOSCH; POSTWEG";2
"Fahrenheitstraat; Kampershoek";1
Overasseltsche- en Hatertsche vennen;2
Bramert-Noord;5
Zwembad, Kromme Rijn;1
"Kasteel Den Emer; Den Hemer";1
De Smeedtoren;1
MAJALIS;1
HEUVELEN DENNEN;4
Op de Berg;1
KRUISPERCEEL / MORTEL ZUID;2
Vlieland Westerveld 1;1
Lare;2
Dorpsstraat 268;1
"DONKERAKKERS; MEERSEWEG 18";1
Oude Adorperweg 3;1
Hoogbosch;1
DE BLIKKEN;1
IJMEERDIJK, BRIKPAD, KAVEL AZ87;2
STREUWEG;1
LOOSBROEK;3
KERKSTRAAT 7;2
DE OUWELING;22
"Zuideiljk benedeneind; benedeneind zuidzijde; voormalig AMK-terrein";1
DRENTSCHE HOOFDVAART-NOORDWEST;2
HET LEEN;5
VROUWESTEEG;1
schandeloseveld;1
Hanzeruiters;1
MUNNIKENWOERD;1
MEPPELWEG 11;1
Stiens-Oost;1
Larikshof, Autoweg;3
KWEKERIJ MORHUTZEN;1
Zwembad, Weteringhoek, Hefbrug;1
WILGENSTRAAT;1
ECHTELD;5
GERRITSLANDER DUKJE;1
TEN NOORDEN VAN DE PAN VAN PERSIJN;1
HOOGSTEDELAAN-KLINGELBEEKSE WEG;1
Sneppenscheut;2
Brandweerpost Zandgouw;1
DOESBURGERDIJK;1
Utrechtsestraat 2002;1
LEIDSEVEER;1
GEYSTERENSCHE HEIDE;8
MEDEMBLIKKERSLUISWEG;3
IJSSELMEER;5
Loevestein;1
LAGE VAART, COLIJNWEG, KAVEL L55;1
OORTJENSVELD;1
De Hei: Postbaan, Heistraat;1
BOSAKKER;2
J28;1
JAN VAN GOYENSTRAAT;1
(terrein Dupre);1
DE BEYART;1
"CAMPAGNEBOSCH; JONKHOF";1
VEENSE LANGWEG;1
MATSLOOT NOORD 09;1
Almere Hout;1
RUSSELSBROEK;2
HOEFBLAD;2
DE HUPPELS;1
"HEIMERSTEIN ; CUNERAWEG";1
ZELDER;10
WILSFOORT;2
MEEUWENPLAS;1
LAGE HORST;1
KREWERDERMAAR;1
MOOK;3
WERKHOVEN;16
Harig;1
KORTE BEGIJNESTRAAT 1;1
KERKENDEL;1
FREDERIKSOORD;1
OOSTROMSDIJKJE-ZUID;2
Werenfriedplein 1-3;1
CANADESE KERKHOF;2
Spiegelweg 3;1
GRUTTERSKAMP;3
LEEROP;1
Wilsonstraat, locatie 12 en 13;1
SPAANS KERKHOF;3
Gammelker Veld;3
Schalkwijkse verkeersbrug/ de poel;1
ERVE WINKEL;1
"MOLENBROEK; TUNGELROIJSCHE BEEK";1
VISPAD 2;1
WOLFSGRAAF;1
Stadsbrug Nijmegen;1
Oude Waatsdorperweg;1
HUIS TE BEMMEL;1
GUNNEKER HOEK;1
Heyentath;1
Schipborger Es, Schietbaan;1
Asten-Dorpskern;2
Bijdorp II;1
HOOFDSTRAAT 43;1
ZWART WATER / VEN KOELEN;3
Suikerdijk;2
HET LOCHTENREK;1
Deelshurk;1
DE TUITHOORN;1
WIJKEROOG;1
"De Bunders; Bundersteeg; voormalig AMK-terrein";1
HAVELTERWEG;1
Markt 65;1
Zaar;2
JODENKERKHOF;1
GROTE MARKT 25;2
DEN ABEELE;1
TIENDSCHUUR;2
3E KAMP ONDER WETERING;1
DUBBELSTEIJNLAAN WEST;1
MAASBOMMEL-WEST;1
OUD EMMELOORD, SCHOKLAND;1
Gorinchemsestraat 50-52;1
VAN VREDENBURGWEG;1
LOENENSCHE BOSCH;1
Glins, Glynswier;1
Kootwijksche veld - Houtbeekweg;3
Kettingstraat 16;1
DORDRECHT;2
ORANJESINGEL;1
Baarlosestraat 273;1
EERSELSEDIJK;2
D13B EN C;1
WEST VLISTERDIJK 13;1
HOLTERWEG 59-61;1
Koksedijk;1
NOORDZEE NOORD HINDER  NCP BLOK R3;1
HENIGT;1
MIDDELBURG PLAN DAUWENDAELE;1
BARLO;3
Zwanegat;3
"Snevert; De Hoep";1
Heierhoevenweg;3
KLEINE KOOLWIJK;1
Polstraat 2;1
DEURNE;2
ELSENER VOORVELD;1
ST. PIETERSBERG;2
LANGS NOEDDIJK;1
Tarweweg 11;1
GROTE BOS;4
"Rozendaal; Helderse Dijk";1
Koude Oord;2
SCHEVELINGEN;4
"N.H. KERK; HL.DONATUS";1
"TONGELREEP; GESTELSE STRAAT";1
DE MIDDEL;1
DEN BURGH;1
van Tulde;1
GROTE KERK;9
GEERSTRAAT 46;1
MIDDELBURG INDUSTRIETERREIN;2
ELGTVEEN;1
ENDERPOEL;1
"Bergwegje; voormalig AMK-terrein";1
HEIDENSGAT;1
SAASVELD;19
BOVEN VEENSLOOT;1
HOENZADRIEL;1
't Hof (Schootsestraat/Bartokstraat);1
ANGERENSESTRAAT;2
Oosterlaak, voormalig AMK-terrein;1
Klooster Nieuwlicht;1
Graaf Florisstraat;1
Bredesteeg;1
Frankenslag;2
Sterckwijk, vindplaats 8;1
Van Vredenburgweg- Bomendepot;1
Lentse Veld;1
MERM;10
Arboretumlaan;1
Boevinkbrug/Berkel;1
SPORTPARK PAPENDAL;1
HET OVERBROEK;1
MELISKERKSEWEG;1
Voormalig AMK-terrein M9467 / CMA37E-076: Zuideindse Weg;1
Vierheemskinderenweg;2
D32D-NOORDERVELD;1
Putstraat, Linderweg;1
Heerstraat-Zuid;1
HILLINGSMEER;1
Rouwenbogt;1
Dorpstienden;2
KLOTVEN;3
WATERINGSEWEG 107;1
De kamp;1
PATER VERVOORTSTRAAT;1
WILHELMINAKANAAL;4
GEREGRACHT;1
perceel aan noordzijde van Hemmerbuurt;1
SCHERPENZEELSE WEG;3
SAMBEEKSEHOEK;1
"AUTOWEG; LARIKSHOF";1
DEN ELTER;1
Het Belsken;1
Schrevenhofsweg;1
GROTE BONG;1
OP DEN BILLICH;6
Kinkhoven;2
GASTHUISSTRAAT 3A-RD, 3B-RD;1
LINDEHOF;1
KEYSERSBOSCH, KEIZERBOSCH;1
Grutteweide-Droge Wijmersweg;1
Staats Spaanse linies;1
Meester van Coothlaan, Valendrieseweg;1
VOORMALIG KASTEEL DE TINNE;1
ETSBERG;4
Cruyshout;1
SINT OLOFSKAPEL;1
Zuiderzijderpolder;1
REAALHOF CENTRUM LELYSTAD;1
DE BALLONZUIL;1
Oost van de spoorlijn;1
Galderseweg 26;1
TRECHTWEG, POMPSTATION;1
TIENDWETERING;1
FLEERDERESCH;4
DRIEVERWER/KRUISKAMP;1
WITTEVEEN;1
STARRENBURGERPOLDER;2
IJSSELBRUG;1
Notenhoff;1
WILHELMINAPLEIN 7;2
1E KAMP;5
CRUPELL;1
Plan de Witte;1
"PARK ARENTSBURG-FORUM HADRIANI; SPEELTERREIN EFFATHA";1
LOUISEDAL;1
Broekstraat-Gementstraat;1
De Enk, Kanaalstraat;1
Zuiderlingedijk, Spijk;1
Zandse Straat;1
rioolsleuf Van Coothweg;1
STERKSELSCHE KANAAL;1
Bovenstraat;1
D36-OOSTERES WEST;1
WESTERKAMP;5
`t Overlaar-Zwiep;1
Stiphoutsbroek / Eenselaar;1
MOERKERKEN, CROMSTRIJEN EN DE GROUP;1
Tiliaans-Noord;1
Alde Steeg;1
HELLING BEEKMANSDALSEWEG 9;1
Tangbroek;1
SCHOONENBURGSCHE HEUVEL;3
Mgr. Willekenslaan;1
"PASESTRAAT; OP DE STEIN";1
Van Broekhuysenstraat 46-48;1
DE KIKKERT;1
HUIS DE BOEDELHOF/BOEDELHOFWEG 4;1
BREEDSTRAAT HOEK PASTOORSTEEG;1
"BOESCHOTEN; BERGSHAM";2
TOL-ZUID;1
Kloostersingel-Anjelierstraat;1
"Voormalig AMK-terrein; Aarlesche Heide; Oirschotse Heide";1
Koningsstraat 10;1
DE HORSTEN, voormalig AMK-terrein;1
Graeterweg;2
Rijsdijk;2
AVENDORP;2
SANTFORT;4
"KASTEELWEIDE; WOUWSE BEEK";1
SCHIPLEIDELAAN;1
DE HAERE;1
eiland;1
Oude Dalerveensestraat;1
POLDER BUITENLAND, CARNISSE;1
"Schoterpad; Kavel K56";1
AAGTEKERKSE WEG;2
Karelsweg;1
NIJLANDSVELD;6
Meerestein;3
GLANE;3
vestingwerken Ravenstein;1
Van Heemstraweg-zuid;1
KROMME NIEUWE GRACHT;1
D23-NOORD;1
Groote Gat;1
ACHELSE KLUIS;1
HEIKAMP TURFKOELEN;2
Zutphensestraat;1
TWEEDE BOERWIJK;1
HOEP-ZUID;2
Planetenbaan;1
TONCKENSBOS 15;1
WAAL - CROBSCHE WAARD;2
ZWAAGDIJK;1
SOUBURG;3
Den-Hoek;1
Gietenstraat;1
BOOG G-NOORD;2
"Vuusteenweg; Kavel G43";1
RBP 07;1
POORTWEG;2
terp;1
De Hemmen;4
Plangebied De Draai;1
BIEZENBURG;6
ESSERBERG;1
Waterlinie Fort Vechten;5
HET HAMPERK;1
Kazerne Leusderweg;1
ITTERVOORT;2
HOOFSTEINSE HOESELAAR;1
T FORT;1
MARINEHAVEN WILLEMSOORD;1
HET SPIK;1
Boswijklaan;1
Hoge Akkerstraat;1
Bovenst Eind 38;1
UILENKAMP;3
CAMERBERG;1
OOYSCHE WETERING;2
CAFE DE ARK-TUMULUS XIV;1
ZWARTE WIEL;1
DE GENDER;2
SPARRENDAAL;3
"Ruiterpad ; De Horst";1
DRIFTWEG;15
HUIS CAPELLE;1
Ter Borgh;1
"Veerplein; Fransenstraat";1
Hervormde Kerk;6
NATUURPARK LELYSTAD KAVEL F3 DE ZEEHOND;1
"HET OUDELAND; SCHAKERLOO";1
Kerkstraat 5;1
ACHTERSTE VELD - KERKHORSTWEG;1
WEDDERBORG;3
Almweg 7 te Almkerk;1
"Espelerdwarstocht; Kavel C87";1
Maasenhof;1
Pelargoniumstraat;1
Gasleiding Hommelhof-Schinnen (A-665);1
't Roermondse Veld;1
ULSDERWEG;4
"Zwijnsweg; Kavel Q74";1
De Kampen West;1
KLOKKENBERG HILGENHORST;1
DE WEIJER;1
BEUNINGEN DE HEUVE;1
"DE ALVERSCHOTEN; RIJKSWEG E8";4
Claudiusstraat 30 t/m 40;1
BERM SLOOT BOEDERIJ RIJPICKERWAARD;1
HULSMEREN;1
"Pilotenweg; Kavel H71/72";1
Kapellestraat 9;3
Vlasakkers;1
TEN ZUIDEN VAN GROEVENBEEK;1
OUD TEYLINGEN;1
LAARSEBERG, OUWEHANDS DIERENPARK;1
Scherpenbergbolwerk;1
Voldersgracht/Spuimarkt;1
TWEEDIJK;1
OOSTERESCH-OOST;1
Grote Kerkstraat 15-19;1
DORPSSTRAAT 14;1
Ubroek;3
De Burcht;2
Diligentia;1
DE KWANS;1
Zwaluwstraat;1
Rijksweeg 221;1
Bos Hirtler, Hofstede Moersbergen, Voormalig AMK-terrein;1
Koppel;1
"Hopweg; Kavel M131";1
DE GOUW, DRIE MORGEN;1
REDOUTE;1
Rijksstraatweg 147;1
RAVETSHEI;1
KERKEWAL;1
VASSER GRAFVELD;2
HOGE BERGWEG;2
GRENSPOLDER;1
Golsteinseweg;1
KASTEEL NIJEVELT;1
BRINKMANSLANDEN EN MATEN;2
Mortiere vindplaats 14;1
GELDERMALSEN;7
EEZE;1
KLEIPETTENLAAN/VALKENBURGERWEG;1
STATE DUINTERPEN;1
"DE SCHANS; OUDE SCHANS";1
Weerdweg / Molenweg;1
Hofje onder de Toren;1
GASSELTERDUINEN;1
ZOEKERVELD;3
"Schouwstraat; Moleneind";1
"Vossemeerdijk; Kavel N64";1
HULSELSCHE HEIDE;3
MARKTSTRAAT 20;1
Plangebied Hoogstraat;1
A2-PAUSBAAN-SITE GELDROP 3-4;1
Heumensche Bos/Blakenberg;1
Mossenest II, Schippervaartweg;1
"Hoogveld; voormalig AMK-terrein";1
Prinsenpolder;1
WOLFHOEKSESTRAAT;1
BORGGREVE;1
Kerkwijk;1
VEENEBERG;1
STEYNKUILWEG;1
DE GEERLING;1
Englum;1
Dromkreek - Oosthoeksedijk;1
VINDPLAATS 17;1
ELSHOUTERS;1
IVO Trace Hengelo-Haaksbergen;1
N26;2
POLDER STEDEDIJK;1
HEESTMATEN;1
DIJKUMBORG;1
BIJ HUNEBED D 14;1
PLATTESTUK;2
KEETEN 9;1
NH KERK/GERTRUDISKERK;1
Oirschot (NB), De Kruik;1
"Polder Over-Oudland; Lage Dijk";1
Nuienveld 5;2
POLITIEBUREAU;1
KEVELHAMMERSHOEK;1
MATSLOOT NOORD 01;1
Duivelsberg (3);1
APPELTERN;2
DEN BULT AAN DE VELDSTRAAT;1
HOOG HARNAS;1
De Kaloot;1
BERGAKKER;13
DIJKZICHT;1
AALKEET BINNEN 040;1
Bosserheideweg;3
Lottumseweg 65;1
BISSCHOPSWEG;1
04.005 Maassluis Mesdaglaan/Breitnerstraat;1
LAAGEINDE-KALENBERG;1
"DE BORG; BERGERWEG; EXATEN/EXAETEN";3
VLIEDBERG DE WELSINGE;1
"Speulderbosch; Kattenberg; Nieuwe Prinsenweg";1
Rithsestraat;1
Hogerwaardpolder;1
Kudelstaartseweg 92;1
MATSLOOT NOORD 06;1
Pannenhuis;1
BONNE AVENTURE;1
HOUTSTRAAT;2
Schaesberg/Hoeve Euverem;1
KROMME LEEK;7
ACHTER HET DEPPENBROEK;2
DE BORCH;2
POLDER ARKEL, ONDERWEG;14
LANGE LAND;1
HOUTDORPERVELD;12
Utrechtsestraatweg 50;2
VIJVER;2
Laar/Poel;1
PUTTERSWEG;2
Markt- hof van Gelderland;1
Pierikstraat 5;1
MEINERSWIJK 2;1
"SCHONAUEN/SCHONAUWEN; POLDER DE HOON";1
"OPHEUSDEN-DORP ; WEESLAND";1
MOLENAKKER-ERF C-CLUSTER A;1
Geestdorp (begraafplaats);1
LAGE AKKERS;1
KLOOSTERLANDEN-SPOOROVERGANG;1
KREPELSTRAAT;1
AMERDIEP-WEST;3
VOORMALIG KASTEEL MAELSTEDE;1
HOOGE HONDSTRAAT;1
RBP 06.;1
LEESTERHEI;2
19.18 OUDE CAMPSPOLDER;1
VIADUCTWEG;1
BIJ DE ROSKAM;1
Breust;1
ZUIDERZEE, NOORDOOSTPOLDER;1
OOSTERLAND 1;1
PAALAKKERS;1
Schuddebeursedijk;1
Menaldum-Kerkterp;1
RINGDIJK 2;1
NOORDZEE NCP BLOK P6;1
HOUTENSE WEG;6
Slitsveld;1
LAAN VAN WISCH;1
AAN DE HEIDE;1
DIEPERS;1
Koninginnelaan;1
Vormalig AMK-terrein 12288;1
Rotonde N33/N34;1
Lichtenvoorde Rentenierstraat;1
Oude Doesburgseweg 65;1
DE START;3
Prins Bernhardlaan;3
Kaalters Kaamp;1
ZIJDERVELDSE STROOMRUG;1
EXLOERWEG;1
MARSHOEK;1
Hoogen Boomsweg;1
KLEINE HOUTSTRAAT 95 - 99;1
MARIAHOOP;2
OUDE KERKSTRAAT;1
Klaverlaan;1
Rotscheweg;2
HET RUIJT;1
Vinkenpolderweg (deelgebied 2);1
ten Z.O. van het hunebed op het Drouwenerveld;1
ROOTSWEG;1
Sint Willebrord;1
SCHUILKERKPAD NOORDWEST;1
T WAAL TIPBLINKEN 2;1
kempenweg;1
De Horn (Molenplaats);1
De Braken;3
DE LANGE MAAIJEN;1
HOF VAN ALDERWIJK NOORD;1
SUIKERKAMP;1
Voormalig AMK-terrein M8534 / CMA58D-A03: Swalmen-Noord;1
STARNDPAAL D16/97;1
Looner Diep;2
HOOGE WIER;3
DORPERWAARDEN;1
POLDER 'DE KOLKEN';1
HACHMEULE;2
HAAKSBERGEN WSCH;2
Gatestraat 2 t/m 18;1
A-28 BIJ TYNAARLO;1
Plantage Willem III. Voormalig AMK-terrein 4856;1
ZANDOERLESEWEG;1
BUDELERBERGEN;4
ENG ZES MORGEN;1
Schorsdepot;1
Steekterweg 132;1
Kollenberg;5
"Jachthaven ""De Stuw""";1
WESTERSINGEL;1
NIEUWWOLDA;1
Geverikerveld;4
Het Zeeland;2
DE PASOP;1
RIJKSINRICHTING DE HUNERBERG;4
NO-TANGENT 2: ENSCHOTSE AKKERS;1
Begoniastraat;1
Vaarlekamp;1
VML. KASTEEL TE RAVENSTEIN;1
Hazendans;4
HOOG ESSCHEN;1
A2-PAUSBAAN-SITE GELDROP 3-2-OOST;1
SPREEUWELSCHE HEIDE;1
HUIS ESCHEDE/LAAN VAN ESCHEDE;1
"De Lanck; voormalig AMK-terrein";3
GIJSENBERG;15
OUDESTRAAT;1
HET BOORD;20
OUDEGEIN;2
OUD VAART;1
Rapenburgsestraat 33;1
ZONNEVELD;1
Hunerberg, Berg en Dalseweg, Canabae, Castra;1
HUIS BOEKHORST;1
Oud Reemsterzand;1
RATOMMER VELD;1
DE ALSIE;1
SINT JANSTRAAT;1
ELIWERVE-DUIVELSBERG;1
EMMELERBOS, KAVEL G103 EN G104;1
LOODIEP-NOORD;1
WIJNGAARDSHOF;1
BLADEL;2
Kapelleweg 7;2
LANDSCHEIDING;9
GEMAAL VIER NOORDER KOGGEN;1
OOSTERVEENSE WEG/WEG NAAR EMMEN;1
Villa Beukenstein;1
Malieveld;2
SPAANSE BAAN;1
AALKEET BUITEN 036;1
SNIJDER OOST;2
Luld;1
STEEGAKKERS;1
HOEVE ST. JOSEPH;1
Westeinde-Provinciale weg;1
Nieuwe Markt 28;1
TERREIN ACHTER OPENLMUSEUM;1
KREGSBERG;1
RONDE AKKERS;3
DE GOUDEN DRIEHOEK;4
's Gravenhofplein;1
OUDEMOLEN;1
Augustus, Claudius;1
Schansstraat 1-1a;1
HARINGPUT;2
BROEKWEG 2;1
"Van Heemstraweg ; Nieuweweg";1
"Maris; Klein Marisbos";1
DE OUDENHOF;1
DE GROTE MAAT;1
ACHTERBERGSE STRAATWEG;1
ZUID ESCHMARKE AAMSVEEN;1
"BEKSLAAN; HUIS KUILENBURG";1
LAATHOF;1
Besseling;1
ontsluitingsweg fase 1;1
Havenweg, Kavel E146;1
ALGEMENE BEGRAAFPLAATS VARENLAAN;1
HOEKLAND;3
RABEN;1
NULL;13432
